0.989313
0.985967
0.982691
0.979633
0.976915
0.974633
0.972865
0.971665
0.971069
0.971097
0.971751
0.973021
0.974883
0.977305
0.980243
0.983646
0.987459
0.991620
0.996064
1.000724
1.005533
1.010423
1.015327
1.020181
1.024924
1.029499
1.033851
1.037933
1.041702
1.045121
1.048158
1.050789
1.052997
1.054768
1.056098
1.056989
1.057446
1.057484
1.057121
1.056381
1.055293
1.053890
1.052209
1.050291
1.048177
1.045914
1.043548
1.041126
1.038695
1.036303
1.033995
1.031816
1.029807
1.028006
1.026449
1.025166
1.024184
1.023524
1.023200
1.023224
1.023597
1.024317
1.025375
1.026752
1.028425
1.030365
1.032533
1.034887
1.037374
1.039940
1.042521
1.045051
1.047459
1.049667
1.051597
1.053167
1.054294
1.054893
1.054880
1.054173
1.052690
1.050355
1.047094
1.042841
1.037534
1.031121
1.023559
1.014814
1.004865
0.993701
0.981327
0.967760
0.953034
0.937197
0.920315
0.902468
0.883755
0.864292
0.844210
0.823657
