1.007205
1.003259
0.998870
0.994252
0.989589
0.985041
0.980745
0.976813
0.973339
0.970395
0.968038
0.966303
0.965216
0.964784
0.965005
0.965864
0.967336
0.969389
0.971983
0.975072
0.978605
0.982526
0.986779
0.991303
0.996039
1.000926
1.005905
1.010917
1.015906
1.020820
1.025609
1.030225
1.034628
1.038779
1.042646
1.046200
1.049420
1.052286
1.054788
1.056917
1.058671
1.060054
1.061072
1.061737
1.062066
1.062080
1.061802
1.061258
1.060479
1.059498
1.058347
1.057063
1.055681
1.054239
1.052774
1.051320
1.049913
1.048586
1.047369
1.046291
1.045377
1.044647
1.044119
1.043806
1.043715
1.043849
1.044204
1.044773
1.045540
1.046486
1.047582
1.048795
1.050087
1.051412
1.052719
1.053950
1.055044
1.055933
1.056546
1.056806
1.056636
1.055954
1.054677
1.052723
1.050006
1.046446
1.041965
1.036485
1.029939
1.022263
1.013403
1.003314
0.991966
0.979340
0.965434
0.950263
0.933866
0.916299
0.897647
0.878020
