0.997720
0.993611
0.989241
0.984787
0.980404
0.976224
0.972360
0.968903
0.965929
0.963494
0.961641
0.960398
0.959778
0.959785
0.960410
0.961636
0.963436
0.965778
0.968622
0.971924
0.975634
0.979700
0.984069
0.988683
0.993487
0.998424
1.003438
1.008473
1.013478
1.018402
1.023197
1.027820
1.032230
1.036391
1.040271
1.043842
1.047082
1.049971
1.052497
1.054650
1.056427
1.057828
1.058859
1.059528
1.059850
1.059841
1.059523
1.058919
1.058056
1.056965
1.055676
1.054223
1.052639
1.050962
1.049225
1.047464
1.045713
1.044007
1.042376
1.040850
1.039457
1.038219
1.037157
1.036288
1.035624
1.035171
1.034932
1.034904
1.035077
1.035438
1.035964
1.036630
1.037402
1.038241
1.039101
1.039932
1.040675
1.041268
1.041643
1.041728
1.041447
1.040718
1.039459
1.037587
1.035014
1.031657
1.027431
1.022255
1.016052
1.008750
1.000285
0.990603
0.979660
0.967426
0.953885
0.939042
0.922919
0.905563
0.887048
0.867476
