1.010544
1.006124
1.001368
0.996501
0.991717
0.987179
0.983026
0.979367
0.976291
0.973862
0.972124
0.971104
0.970810
0.971236
0.972363
0.974160
0.976586
0.979591
0.983119
0.987108
0.991491
0.996201
1.001166
1.006315
1.011579
1.016887
1.022175
1.027377
1.032436
1.037295
1.041905
1.046221
1.050204
1.053821
1.057046
1.059857
1.062241
1.064189
1.065699
1.066776
1.067428
1.067671
1.067524
1.067012
1.066164
1.065011
1.063589
1.061935
1.060090
1.058094
1.055990
1.053819
1.051624
1.049444
1.047319
1.045285
1.043376
1.041623
1.040052
1.038687
1.037543
1.036634
1.035967
1.035542
1.035356
1.035396
1.035645
1.036079
1.036669
1.037377
1.038162
1.038974
1.039759
1.040459
1.041010
1.041344
1.041388
1.041069
1.040310
1.039034
1.037161
1.034616
1.031321
1.027204
1.022195
1.016230
1.009251
1.001207
0.992057
0.981769
0.970322
0.957708
0.943934
0.929021
0.913005
0.895943
0.877906
0.858988
0.839302
0.818983
