1.004344
1.002549
1.000328
0.997854
0.995278
0.992729
0.990323
0.988155
0.986305
0.984839
0.983805
0.983243
0.983176
0.983620
0.984577
0.986043
0.988004
0.990437
0.993316
0.996606
1.000270
1.004265
1.008546
1.013065
1.017771
1.022615
1.027545
1.032509
1.037459
1.042346
1.047122
1.051743
1.056167
1.060355
1.064272
1.067888
1.071173
1.074105
1.076664
1.078836
1.080611
1.081983
1.082951
1.083519
1.083693
1.083487
1.082916
1.082000
1.080762
1.079229
1.077431
1.075399
1.073169
1.070776
1.068257
1.065652
1.063000
1.060338
1.057706
1.055140
1.052677
1.050349
1.048187
1.046219
1.044470
1.042957
1.041697
1.040700
1.039969
1.039504
1.039296
1.039330
1.039586
1.040035
1.040641
1.041361
1.042145
1.042936
1.043668
1.044272
1.044669
1.044776
1.044506
1.043764
1.042454
1.040478
1.037735
1.034125
1.029550
1.023915
1.017129
1.009111
0.999788
0.989100
0.977003
0.963469
0.948495
0.932101
0.914338
0.895289
