1.013130
1.008934
1.004298
0.999460
0.994627
0.989973
0.985648
0.981774
0.978448
0.975745
0.973719
0.972406
0.971822
0.971970
0.972837
0.974400
0.976622
0.979460
0.982862
0.986770
0.991120
0.995846
1.000879
1.006147
1.011581
1.017111
1.022667
1.028185
1.033601
1.038858
1.043899
1.048677
1.053146
1.057268
1.061011
1.064348
1.067258
1.069728
1.071749
1.073319
1.074443
1.075130
1.075394
1.075257
1.074743
1.073881
1.072705
1.071250
1.069555
1.067663
1.065617
1.063459
1.061236
1.058992
1.056771
1.054615
1.052564
1.050658
1.048931
1.047414
1.046135
1.045116
1.044374
1.043921
1.043764
1.043901
1.044326
1.045025
1.045979
1.047158
1.048529
1.050051
1.051675
1.053346
1.055004
1.056580
1.058003
1.059195
1.060074
1.060554
1.060548
1.059965
1.058715
1.056706
1.053850
1.050060
1.045253
1.039353
1.032290
1.024002
1.014440
1.003565
0.991353
0.977795
0.962903
0.946705
0.929256
0.910630
0.890934
0.870299
