0.994730
0.982850
0.971217
0.960187
0.950055
0.941061
0.933388
0.927173
0.922505
0.919429
0.917956
0.918059
0.919685
0.922750
0.927151
0.932766
0.939457
0.947074
0.955461
0.964453
0.973887
0.983598
0.993423
1.003207
1.012800
1.022063
1.030867
1.039094
1.046642
1.053422
1.059360
1.064398
1.068493
1.071620
1.073767
1.074942
1.075164
1.074469
1.072906
1.070538
1.067438
1.063691
1.059393
1.054645
1.049557
1.044243
1.038822
1.033414
1.028140
1.023120
1.018472
1.014309
1.010740
1.007865
1.005778
1.004560
1.004284
1.005012
1.006789
1.009651
1.013617
1.018692
1.024865
1.032111
1.040388
1.049639
1.059793
1.070763
1.082449
1.094738
1.107505
1.120614
1.133918
1.147265
1.160495
1.173443
1.185943
1.197827
1.208931
1.219092
1.228157
1.235977
1.242418
1.247358
1.250688
1.252320
1.252185
1.250234
1.246444
1.240814
1.233370
1.224166
1.213281
1.200823
1.186926
1.171749
1.155476
1.138310
1.120473
1.102203
