0.939307
0.942266
0.945337
0.948485
0.951676
0.954880
0.958072
0.961228
0.964326
0.967350
0.970285
0.973119
0.975843
0.978450
0.980937
0.983303
0.985550
0.987681
0.989702
0.991624
0.993455
0.995209
0.996901
0.998545
1.000161
1.001766
1.003380
1.005025
1.006722
1.008492
1.010357
1.012339
1.014460
1.016740
1.019200
1.021858
1.024732
1.027839
1.031193
1.034806
1.038688
1.042848
1.047289
1.052016
1.057027
1.062319
1.067884
1.073714
1.079796
1.086111
1.092642
1.099364
1.106250
1.113273
1.120398
1.127589
1.134809
1.142016
1.149167
1.156215
1.163114
1.169814
1.176266
1.182417
1.188217
1.193614
1.198557
1.202995
1.206881
1.210168
1.212809
1.214765
1.215995
1.216466
1.216148
1.215013
1.213043
1.210223
1.206543
1.202001
1.196602
1.190356
1.183283
1.175407
1.166761
1.157385
1.147327
1.136638
1.125380
1.113618
1.101422
1.088866
1.076030
1.062991
1.049830
1.036627
1.023455
1.010385
0.997480
0.984792
