0.990200
0.977028
0.964219
0.952133
0.941067
0.931259
0.922893
0.916100
0.910966
0.907531
0.905798
0.905735
0.907278
0.910339
0.914804
0.920543
0.927409
0.935243
0.943880
0.953148
0.962875
0.972887
0.983017
0.993100
1.002982
1.012518
1.021573
1.030026
1.037772
1.044718
1.050789
1.055924
1.060082
1.063236
1.065377
1.066512
1.066663
1.065869
1.064181
1.061666
1.058401
1.054475
1.049987
1.045045
1.039761
1.034256
1.028653
1.023077
1.017653
1.012505
1.007756
1.003523
0.999918
0.997043
0.994995
0.993858
0.993707
0.994602
0.996592
0.999711
1.003976
1.009392
1.015947
1.023610
1.032339
1.042072
1.052733
1.064232
1.076462
1.089306
1.102631
1.116296
1.130148
1.144028
1.157770
1.171203
1.184154
1.196450
1.207920
1.218398
1.227724
1.235747
1.242330
1.247346
1.250688
1.252265
1.252009
1.249874
1.245837
1.239902
1.232100
1.222490
1.211160
1.198223
1.183822
1.168126
1.151327
1.133641
1.115298
1.096546
