0.894986
0.905960
0.918371
0.931769
0.945750
0.959957
0.974079
0.987847
1.001031
1.013441
1.024920
1.035347
1.044628
1.052703
1.059533
1.065106
1.069432
1.072539
1.074473
1.075298
1.075086
1.073926
1.071914
1.069152
1.065750
1.061823
1.057487
1.052859
1.048056
1.043194
1.038386
1.033741
1.029361
1.025345
1.021783
1.018758
1.016345
1.014609
1.013607
1.013386
1.013981
1.015419
1.017717
1.020878
1.024900
1.029766
1.035453
1.041924
1.049137
1.057039
1.065568
1.074657
1.084229
1.094203
1.104489
1.114997
1.125627
1.136282
1.146858
1.157251
1.167356
1.177070
1.186291
1.194917
1.202851
1.210000
1.216276
1.221597
1.225886
1.229077
1.231108
1.231929
1.231499
1.229786
1.226770
1.222440
1.216799
1.209859
1.201644
1.192192
1.181550
1.169777
1.156942
1.143125
1.128416
1.112913
1.096721
1.079953
1.062726
1.045160
1.027377
1.009500
0.991648
0.973936
0.956469
0.939345
0.922645
0.906435
0.890760
0.875639
