1.112175
1.127637
1.142543
1.156865
1.170576
1.183656
1.196088
1.207857
1.218953
1.229371
1.239106
1.248159
1.256534
1.264235
1.271273
1.277660
1.283409
1.288537
1.293064
1.297011
1.300400
1.303257
1.305608
1.307481
1.308904
1.309908
1.310522
1.310779
1.310709
1.310345
1.309718
1.308860
1.307801
1.306572
1.305203
1.303722
1.302155
1.300530
1.298870
1.297198
1.295535
1.293899
1.292306
1.290772
1.289308
1.287923
1.286624
1.285415
1.284299
1.283273
1.282335
1.281477
1.280690
1.279964
1.279283
1.278630
1.277987
1.277332
1.276641
1.275889
1.275048
1.274091
1.272985
1.271700
1.270203
1.268462
1.266442
1.264110
1.261433
1.258377
1.254910
1.251002
1.246621
1.241741
1.236335
1.230379
1.223853
1.216738
1.209019
1.200685
1.191728
1.182145
1.171934
1.161102
1.149656
1.137611
1.124983
1.111795
1.098073
1.083848
1.069154
1.054030
1.038516
1.022656
1.006497
0.990087
0.973472
0.956701
0.939820
0.922874
