0.970012
0.994030
1.018536
1.043233
1.067858
1.092174
1.115976
1.139085
1.161351
1.182645
1.202865
1.221928
1.239773
1.256356
1.271654
1.285654
1.298363
1.309796
1.319981
1.328958
1.336771
1.343475
1.349130
1.353798
1.357548
1.360451
1.362577
1.363999
1.364788
1.365016
1.364751
1.364059
1.363004
1.361645
1.360038
1.358234
1.356279
1.354215
1.352078
1.349900
1.347706
1.345517
1.343348
1.341209
1.339107
1.337040
1.335007
1.332998
1.331001
1.329001
1.326980
1.324915
1.322782
1.320555
1.318208
1.315710
1.313032
1.310146
1.307020
1.303626
1.299935
1.295921
1.291558
1.286823
1.281694
1.276154
1.270186
1.263778
1.256919
1.249604
1.241830
1.233596
1.224908
1.215771
1.206197
1.196198
1.185792
1.174998
1.163838
1.152335
1.140516
1.128407
1.116038
1.103437
1.090634
1.077658
1.064536
1.051297
1.037966
1.024565
1.011116
0.997636
0.984138
0.970633
0.957126
0.943618
0.930107
0.916584
0.903036
0.889445
