0.980894
1.002878
1.026012
1.049889
1.074142
1.098446
1.122514
1.146095
1.168973
1.190966
1.211924
1.231724
1.250273
1.267502
1.283364
1.297837
1.310914
1.322607
1.332944
1.341965
1.349723
1.356278
1.361701
1.366066
1.369455
1.371952
1.373642
1.374611
1.374946
1.374730
1.374044
1.372967
1.371572
1.369928
1.368099
1.366141
1.364105
1.362037
1.359972
1.357942
1.355970
1.354074
1.352262
1.350539
1.348902
1.347341
1.345843
1.344388
1.342951
1.341506
1.340020
1.338457
1.336782
1.334954
1.332934
1.330679
1.328150
1.325306
1.322107
1.318516
1.314497
1.310017
1.305047
1.299560
1.293534
1.286951
1.279798
1.272065
1.263748
1.254849
1.245372
1.235328
1.224733
1.213606
1.201971
1.189857
1.177296
1.164322
1.150974
1.137290
1.123315
1.109089
1.094656
1.080059
1.065339
1.050537
1.035691
1.020834
1.005998
0.991209
0.976488
0.961850
0.947305
0.932856
0.918500
0.904227
0.890019
0.875855
0.861703
0.847531
