1.135310
1.148912
1.162340
1.175475
1.188211
1.200458
1.212143
1.223201
1.233586
1.243261
1.252201
1.260392
1.267831
1.274523
1.280480
1.285723
1.290281
1.294184
1.297470
1.300182
1.302361
1.304056
1.305314
1.306184
1.306714
1.306954
1.306950
1.306748
1.306393
1.305924
1.305381
1.304798
1.304206
1.303634
1.303103
1.302634
1.302242
1.301937
1.301726
1.301611
1.301590
1.301656
1.301800
1.302007
1.302260
1.302539
1.302818
1.303074
1.303275
1.303391
1.303389
1.303236
1.302897
1.302334
1.301514
1.300399
1.298955
1.297146
1.294941
1.292307
1.289214
1.285635
1.281545
1.276920
1.271743
1.265996
1.259666
1.252745
1.245226
1.237106
1.228388
1.219076
1.209180
1.198711
1.187686
1.176124
1.164047
1.151480
1.138452
1.124992
1.111133
1.096909
1.082354
1.067506
1.052400
1.037073
1.021562
1.005902
0.990126
0.974268
0.958356
0.942419
0.926481
0.910562
0.894680
0.878849
0.863078
0.847372
0.831731
0.816152
