0.997283
1.018304
1.040426
1.063271
1.086496
1.109794
1.132896
1.155563
1.177590
1.198801
1.219050
1.238219
1.256211
1.272958
1.288410
1.302539
1.315332
1.326796
1.336949
1.345826
1.353469
1.359932
1.365275
1.369567
1.372880
1.375291
1.376877
1.377720
1.377899
1.377494
1.376582
1.375237
1.373532
1.371534
1.369305
1.366904
1.364383
1.361788
1.359159
1.356533
1.353935
1.351389
1.348911
1.346509
1.344189
1.341949
1.339781
1.337674
1.335611
1.333573
1.331534
1.329468
1.327344
1.325130
1.322791
1.320294
1.317601
1.314677
1.311487
1.307995
1.304170
1.299978
1.295392
1.290385
1.284933
1.279016
1.272618
1.265725
1.258329
1.250426
1.242014
1.233097
1.223682
1.213783
1.203414
1.192595
1.181348
1.169699
1.157677
1.145314
1.132641
1.119692
1.106504
1.093111
1.079548
1.065850
1.052049
1.038176
1.024259
1.010322
0.996386
0.982468
0.968581
0.954730
0.940917
0.927138
0.913384
0.899640
0.885885
0.872095
