0.889722
0.900520
0.911471
0.922372
0.933044
0.943337
0.953124
0.962303
0.970791
0.978526
0.985463
0.991576
0.996852
1.001292
1.004911
1.007735
1.009798
1.011144
1.011825
1.011898
1.011426
1.010476
1.009116
1.007420
1.005460
1.003309
1.001040
0.998725
0.996433
0.994231
0.992181
0.990344
0.988774
0.987522
0.986633
0.986145
0.986092
0.986501
0.987393
0.988782
0.990676
0.993074
0.995973
0.999358
1.003211
1.007506
1.012213
1.017293
1.022703
1.028395
1.034315
1.040406
1.046604
1.052845
1.059059
1.065176
1.071120
1.076817
1.082192
1.087167
1.091668
1.095620
1.098949
1.101586
1.103461
1.104513
1.104681
1.103910
1.102153
1.099364
1.095510
1.090561
1.084496
1.077301
1.068973
1.059517
1.048945
1.037280
1.024556
1.010814
0.996106
0.980490
0.964038
0.946827
0.928942
0.910476
0.891530
0.872207
0.852618
0.832874
0.813090
0.793378
0.773850
0.754614
0.735769
0.717408
0.699610
0.682437
0.665937
0.650131
