0.892254
0.899485
0.907030
0.914784
0.922650
0.930540
0.938376
0.946088
0.953611
0.960889
0.967873
0.974518
0.980787
0.986649
0.992077
0.997051
1.001556
1.005584
1.009128
1.012191
1.014778
1.016900
1.018572
1.019814
1.020649
1.021105
1.021213
1.021007
1.020526
1.019810
1.018900
1.017841
1.016678
1.015457
1.014226
1.013030
1.011916
1.010929
1.010111
1.009506
1.009150
1.009080
1.009328
1.009922
1.010885
1.012238
1.013993
1.016159
1.018738
1.021728
1.025117
1.028891
1.033028
1.037497
1.042264
1.047288
1.052520
1.057908
1.063392
1.068908
1.074387
1.079754
1.084934
1.089847
1.094409
1.098536
1.102144
1.105149
1.107466
1.109014
1.109714
1.109491
1.108277
1.106007
1.102626
1.098084
1.092343
1.085373
1.077157
1.067689
1.056974
1.045032
1.031896
1.017613
1.002244
0.985864
0.968563
0.950441
0.931615
0.912210
0.892363
0.872218
0.851925
0.831639
0.811514
0.791699
0.772339
0.753563
0.735486
0.718194
