0.906836
0.919992
0.932827
0.945145
0.956784
0.967611
0.977524
0.986449
0.994336
1.001156
1.006905
1.011593
1.015251
1.017921
1.019661
1.020537
1.020627
1.020013
1.018785
1.017036
1.014863
1.012362
1.009629
1.006760
1.003848
1.000981
0.998243
0.995714
0.993466
0.991564
0.990066
0.989024
0.988479
0.988465
0.989007
0.990120
0.991814
0.994085
0.996924
1.000314
1.004228
1.008631
1.013484
1.018738
1.024338
1.030226
1.036336
1.042599
1.048941
1.055288
1.061560
1.067678
1.073561
1.079128
1.084298
1.088994
1.093138
1.096656
1.099479
1.101539
1.102776
1.103134
1.102561
1.101015
1.098458
1.094860
1.090199
1.084460
1.077636
1.069729
1.060748
1.050711
1.039643
1.027578
1.014557
1.000628
0.985846
0.970273
0.953977
0.937029
0.919509
0.901496
0.883074
0.864331
0.845353
0.826228
0.807043
0.787882
0.768827
0.749955
0.731340
0.713045
0.695129
0.677642
0.660621
0.644096
0.628083
0.612584
0.597589
0.583071
