0.923256
0.923593
0.924231
0.925217
0.926584
0.928353
0.930531
0.933115
0.936091
0.939434
0.943113
0.947089
0.951316
0.955745
0.960323
0.964993
0.969699
0.974385
0.978995
0.983474
0.987773
0.991844
0.995644
0.999136
1.002288
1.005074
1.007474
1.009475
1.011072
1.012264
1.013060
1.013473
1.013524
1.013239
1.012650
1.011795
1.010715
1.009457
1.008069
1.006604
1.005116
1.003659
1.002290
1.001063
1.000033
0.999251
0.998766
0.998624
0.998866
0.999527
1.000638
1.002223
1.004298
1.006874
1.009951
1.013524
1.017577
1.022087
1.027022
1.032341
1.037995
1.043925
1.050067
1.056348
1.062687
1.068999
1.075192
1.081169
1.086832
1.092077
1.096800
1.100897
1.104266
1.106806
1.108419
1.109014
1.108506
1.106819
1.103885
1.099648
1.094063
1.087101
1.078746
1.068998
1.057873
1.045406
1.031648
1.016669
1.000558
0.983417
0.965371
0.946554
0.927120
0.907229
0.887053
0.866770
0.846556
0.826588
0.807030
0.788034
