0.962426
0.969155
0.975388
0.981076
0.986187
0.990699
0.994604
0.997902
1.000607
1.002740
1.004329
1.005411
1.006029
1.006231
1.006069
1.005600
1.004881
1.003974
1.002940
1.001839
1.000734
0.999684
0.998746
0.997977
0.997430
0.997152
0.997189
0.997582
0.998367
0.999575
1.001232
1.003357
1.005967
1.009069
1.012667
1.016760
1.021338
1.026388
1.031891
1.037822
1.044153
1.050848
1.057868
1.065172
1.072711
1.080435
1.088290
1.096220
1.104166
1.112067
1.119862
1.127488
1.134881
1.141979
1.148718
1.155036
1.160874
1.166173
1.170877
1.174932
1.178290
1.180903
1.182730
1.183732
1.183875
1.183133
1.181480
1.178899
1.175379
1.170912
1.165497
1.159140
1.151852
1.143649
1.134554
1.124595
1.113804
1.102222
1.089890
1.076857
1.063175
1.048899
1.034089
1.018805
1.003111
0.987072
0.970754
0.954223
0.937542
0.920775
0.903984
0.887225
0.870553
0.854015
0.837655
0.821508
0.805600
0.789953
0.774574
0.759462
