0.931783
0.939875
0.947767
0.955352
0.962539
0.969254
0.975442
0.981059
0.986080
0.990489
0.994285
0.997474
1.000076
1.002115
1.003627
1.004651
1.005233
1.005425
1.005280
1.004855
1.004210
1.003405
1.002501
1.001558
1.000636
0.999792
0.999083
0.998561
0.998277
0.998277
0.998602
0.999291
1.000377
1.001887
1.003845
1.006267
1.009166
1.012548
1.016413
1.020756
1.025567
1.030830
1.036522
1.042617
1.049083
1.055882
1.062975
1.070315
1.077852
1.085534
1.093303
1.101102
1.108868
1.116537
1.124046
1.131328
1.138316
1.144945
1.151149
1.156861
1.162021
1.166565
1.170435
1.173576
1.175936
1.177466
1.178122
1.177867
1.176665
1.174490
1.171319
1.167137
1.161935
1.155711
1.148469
1.140222
1.130988
1.120794
1.109673
1.097666
1.084820
1.071188
1.056831
1.041815
1.026211
1.010094
0.993544
0.976644
0.959479
0.942135
0.924699
0.907255
0.889885
0.872669
0.855677
0.838975
0.822619
0.806650
0.791099
0.775980
