1.081742
1.083418
1.083368
1.081855
1.079128
1.075417
1.070937
1.065889
1.060456
1.054809
1.049104
1.043483
1.038074
1.032992
1.028339
1.024206
1.020669
1.017793
1.015631
1.014226
1.013608
1.013797
1.014804
1.016628
1.019259
1.022679
1.026861
1.031770
1.037365
1.043594
1.050404
1.057732
1.065513
1.073676
1.082145
1.090845
1.099694
1.108610
1.117511
1.126312
1.134931
1.143284
1.151291
1.158873
1.165952
1.172456
1.178316
1.183465
1.187845
1.191398
1.194077
1.195837
1.196641
1.196459
1.195265
1.193044
1.189784
1.185483
1.180146
1.173782
1.166410
1.158054
1.148746
1.138522
1.127425
1.115503
1.102810
1.089401
1.075340
1.060688
1.045514
1.029885
1.013870
0.997539
0.980961
0.964203
0.947331
0.930407
0.913489
0.896633
0.879886
0.863292
0.846888
0.830703
0.814759
0.799071
0.783644
0.768476
0.753557
0.738870
0.724388
0.710080
0.695906
0.681825
0.667788
0.653749
0.639659
0.625473
0.611153
0.596667
