1.004196
0.996789
0.989891
0.983702
0.978393
0.974100
0.970926
0.968950
0.968222
0.968767
0.970588
0.973670
0.977977
0.983459
0.990053
0.997682
1.006260
1.015694
1.025885
1.036730
1.048121
1.059953
1.072117
1.084509
1.097026
1.109572
1.122051
1.134377
1.146469
1.158253
1.169663
1.180642
1.191139
1.201114
1.210533
1.219373
1.227618
1.235259
1.242297
1.248739
1.254599
1.259899
1.264663
1.268925
1.272719
1.276086
1.279069
1.281712
1.284062
1.286167
1.288072
1.289825
1.291470
1.293049
1.294602
1.296164
1.297767
1.299436
1.301195
1.303057
1.305032
1.307124
1.309329
1.311637
1.314032
1.316488
1.318978
1.321464
1.323904
1.326250
1.328450
1.330445
1.332175
1.333576
1.334581
1.335121
1.335130
1.334538
1.333279
1.331291
1.328513
1.324891
1.320376
1.314925
1.308505
1.301092
1.292671
1.283237
1.272799
1.261375
1.248998
1.235713
1.221575
1.206655
1.191034
1.174802
1.158060
1.140919
1.123490
1.105894
