0.953431
0.946368
0.939945
0.934326
0.929643
0.925995
0.923449
0.922044
0.921794
0.922688
0.924693
0.927760
0.931820
0.936794
0.942587
0.949100
0.956222
0.963841
0.971840
0.980103
0.988515
0.996961
1.005335
1.013533
1.021460
1.029028
1.036157
1.042781
1.048840
1.054286
1.059084
1.063208
1.066646
1.069394
1.071463
1.072870
1.073646
1.073831
1.073472
1.072626
1.071356
1.069732
1.067829
1.065726
1.063505
1.061251
1.059050
1.056985
1.055140
1.053596
1.052430
1.051714
1.051515
1.051892
1.052896
1.054573
1.056955
1.060066
1.063922
1.068523
1.073863
1.079921
1.086666
1.094056
1.102035
1.110540
1.119494
1.128813
1.138401
1.148156
1.157968
1.167720
1.177292
1.186557
1.195388
1.203658
1.211240
1.218009
1.223846
1.228636
1.232273
1.234662
1.235717
1.235366
1.233551
1.230232
1.225385
1.219004
1.211103
1.201717
1.190901
1.178730
1.165301
1.150728
1.135146
1.118703
1.101566
1.083909
1.065915
1.047770
