0.875458
0.892276
0.910514
0.929610
0.949071
0.968466
0.987423
1.005629
1.022820
1.038787
1.053362
1.066425
1.077893
1.087719
1.095891
1.102423
1.107360
1.110766
1.112729
1.113351
1.112749
1.111055
1.108405
1.104945
1.100824
1.096193
1.091203
1.086003
1.080739
1.075550
1.070571
1.065926
1.061731
1.058092
1.055104
1.052849
1.051397
1.050808
1.051125
1.052379
1.054590
1.057763
1.061889
1.066949
1.072910
1.079729
1.087350
1.095710
1.104733
1.114336
1.124429
1.134915
1.145690
1.156646
1.167674
1.178659
1.189485
1.200039
1.210205
1.219872
1.228930
1.237274
1.244805
1.251428
1.257056
1.261610
1.265021
1.267226
1.268176
1.267828
1.266153
1.263133
1.258762
1.253042
1.245992
1.237639
1.228023
1.217193
1.205212
1.192150
1.178087
1.163112
1.147323
1.130820
1.113714
1.096114
1.078137
1.059896
1.041508
1.023083
1.004729
0.986548
0.968633
0.951065
0.933916
0.917241
0.901077
0.885444
0.870340
0.855737
