0.849586
0.865248
0.881980
0.899311
0.916826
0.934166
0.951023
0.967140
0.982306
0.996352
1.009153
1.020617
1.030691
1.039350
1.046599
1.052468
1.057007
1.060289
1.062402
1.063446
1.063537
1.062794
1.061347
1.059329
1.056873
1.054114
1.051186
1.048218
1.045335
1.042654
1.040286
1.038334
1.036890
1.036035
1.035841
1.036366
1.037659
1.039754
1.042674
1.046430
1.051020
1.056432
1.062640
1.069608
1.077290
1.085631
1.094564
1.104015
1.113905
1.124145
1.134642
1.145298
1.156010
1.166677
1.177190
1.187445
1.197336
1.206759
1.215613
1.223799
1.231226
1.237805
1.243455
1.248102
1.251680
1.254131
1.255405
1.255464
1.254279
1.251830
1.248110
1.243119
1.236870
1.229387
1.220702
1.210859
1.199910
1.187916
1.174949
1.161083
1.146405
1.131002
1.114970
1.098405
1.081408
1.064079
1.046519
1.028827
1.011096
0.993419
0.975878
0.958550
0.941501
0.924787
0.908452
0.892526
0.877023
0.861942
0.847265
0.832955
