1.087586
1.094944
1.101007
1.105867
1.109613
1.112337
1.114133
1.115094
1.115313
1.114885
1.113903
1.112458
1.110641
1.108540
1.106240
1.103823
1.101368
1.098948
1.096632
1.094485
1.092563
1.090920
1.089601
1.088645
1.088085
1.087947
1.088249
1.089003
1.090214
1.091879
1.093989
1.096529
1.099476
1.102802
1.106474
1.110452
1.114691
1.119143
1.123755
1.128471
1.133232
1.137975
1.142638
1.147155
1.151461
1.155491
1.159180
1.162465
1.165283
1.167575
1.169285
1.170359
1.170749
1.170408
1.169297
1.167381
1.164630
1.161021
1.156536
1.151163
1.144897
1.137740
1.129698
1.120787
1.111025
1.100439
1.089062
1.076929
1.064084
1.050573
1.036448
1.021764
1.006577
0.990949
0.974942
0.958617
0.942038
0.925268
0.908367
0.891394
0.874406
0.857456
0.840590
0.823852
0.807279
0.790902
0.774745
0.758825
0.743152
0.727726
0.712544
0.697591
0.682848
0.668288
0.653882
0.639591
0.625379
0.611206
0.597034
0.582829
