0.854258
0.869351
0.885409
0.901940
0.918511
0.934750
0.950339
0.965010
0.978549
0.990785
1.001589
1.010874
1.018588
1.024712
1.029257
1.032262
1.033788
1.033919
1.032754
1.030411
1.027018
1.022713
1.017643
1.011958
1.005813
0.999362
0.992759
0.986156
0.979699
0.973529
0.967777
0.962569
0.958020
0.954232
0.951299
0.949301
0.948305
0.948366
0.949525
0.951810
0.955235
0.959801
0.965496
0.972295
0.980161
0.989044
0.998884
1.009610
1.021141
1.033388
1.046254
1.059633
1.073415
1.087485
1.101723
1.116007
1.130212
1.144216
1.157893
1.171121
1.183782
1.195760
1.206945
1.217232
1.226523
1.234729
1.241769
1.247571
1.252074
1.255227
1.256990
1.257336
1.256250
1.253728
1.249779
1.244424
1.237698
1.229646
1.220326
1.209806
1.198166
1.185494
1.171887
1.157453
1.142302
1.126552
1.110324
1.093742
1.076929
1.060008
1.043097
1.026311
1.009754
0.993523
0.977701
0.962354
0.947535
0.933271
0.919570
0.906411
