0.990864
0.995051
0.998128
1.000134
1.001120
1.001146
1.000282
0.998605
0.996200
0.993159
0.989578
0.985558
0.981204
0.976621
0.971918
0.967200
0.962574
0.958143
0.954005
0.950258
0.946989
0.944285
0.942220
0.940866
0.940282
0.940522
0.941629
0.943637
0.946571
0.950445
0.955263
0.961022
0.967707
0.975292
0.983746
0.993025
1.003080
1.013852
1.025275
1.037277
1.049780
1.062699
1.075948
1.089434
1.103063
1.116737
1.130360
1.143832
1.157056
1.169937
1.182378
1.194291
1.205587
1.216184
1.226005
1.234977
1.243037
1.250126
1.256193
1.261197
1.265104
1.267887
1.269531
1.270026
1.269375
1.267586
1.264677
1.260676
1.255615
1.249539
1.242494
1.234536
1.225727
1.216132
1.205821
1.194867
1.183345
1.171333
1.158908
1.146144
1.133117
1.119898
1.106554
1.093147
1.079733
1.066361
1.053074
1.039903
1.026873
1.013999
1.001284
0.988724
0.976304
0.963999
0.951779
0.939602
0.927424
0.915195
0.902865
0.890382
