0.948046
0.958841
0.969174
0.978809
0.987553
0.995253
1.001794
1.007095
1.011114
1.013835
1.015273
1.015469
1.014486
1.012408
1.009337
1.005388
1.000690
0.995380
0.989603
0.983506
0.977241
0.970959
0.964807
0.958930
0.953466
0.948545
0.944289
0.940809
0.938205
0.936564
0.935961
0.936456
0.938096
0.940912
0.944922
0.950130
0.956522
0.964075
0.972749
0.982492
0.993240
1.004918
1.017439
1.030707
1.044620
1.059065
1.073924
1.089075
1.104393
1.119749
1.135012
1.150055
1.164748
1.178968
1.192592
1.205506
1.217599
1.228769
1.238923
1.247974
1.255848
1.262482
1.267820
1.271823
1.274460
1.275714
1.275580
1.274066
1.271191
1.266985
1.261491
1.254763
1.246862
1.237862
1.227842
1.216891
1.205101
1.192570
1.179399
1.165692
1.151552
1.137080
1.122376
1.107534
1.092644
1.077787
1.063035
1.048452
1.034087
1.019980
1.006156
0.992626
0.979387
0.966424
0.953703
0.941182
0.928804
0.916504
0.904206
0.891832
