0.994256
1.000177
1.005063
1.008869
1.011568
1.013160
1.013661
1.013108
1.011555
1.009074
1.005749
1.001677
0.996966
0.991732
0.986100
0.980196
0.974153
0.968103
0.962176
0.956502
0.951207
0.946411
0.942225
0.938757
0.936101
0.934343
0.933558
0.933809
0.935146
0.937609
0.941221
0.945995
0.951929
0.959009
0.967208
0.976486
0.986793
0.998064
1.010228
1.023200
1.036888
1.051193
1.066007
1.081217
1.096705
1.112350
1.128028
1.143614
1.158983
1.174012
1.188578
1.202563
1.215856
1.228347
1.239936
1.250531
1.260046
1.268406
1.275547
1.281414
1.285964
1.289165
1.290996
1.291451
1.290533
1.288258
1.284652
1.279756
1.273617
1.266296
1.257861
1.248389
1.237965
1.226680
1.214629
1.201913
1.188634
1.174894
1.160798
1.146446
1.131934
1.117356
1.102796
1.088332
1.074032
1.059952
1.046139
1.032624
1.019426
1.006549
0.993983
0.981702
0.969669
0.957831
0.946124
0.934473
0.922798
0.911010
0.899022
0.886749
