0.972326
0.976743
0.980742
0.984228
0.987129
0.989391
0.990984
0.991894
0.992127
0.991704
0.990660
0.989047
0.986924
0.984363
0.981444
0.978255
0.974885
0.971432
0.967992
0.964663
0.961542
0.958724
0.956301
0.954359
0.952979
0.952235
0.952195
0.952918
0.954452
0.956840
0.960111
0.964286
0.969377
0.975382
0.982293
0.990090
0.998743
1.008212
1.018449
1.029397
1.040992
1.053160
1.065824
1.078898
1.092293
1.105915
1.119665
1.133446
1.147155
1.160691
1.173952
1.186839
1.199253
1.211101
1.222292
1.232739
1.242364
1.251091
1.258854
1.265593
1.271257
1.275804
1.279199
1.281417
1.282443
1.282271
1.280903
1.278353
1.274642
1.269801
1.263868
1.256890
1.248921
1.240022
1.230259
1.219703
1.208430
1.196519
1.184050
1.171105
1.157764
1.144109
1.130216
1.116159
1.102007
1.087823
1.073663
1.059576
1.045601
1.031767
1.018094
1.004593
0.991262
0.978090
0.965054
0.952124
0.939261
0.926417
0.913541
0.900579
