0.987274
0.992559
0.996921
1.000322
1.002743
1.004186
1.004669
1.004227
1.002911
1.000784
0.997925
0.994419
0.990364
0.985864
0.981028
0.975970
0.970807
0.965656
0.960633
0.955852
0.951424
0.947455
0.944046
0.941288
0.939266
0.938055
0.937723
0.938323
0.939902
0.942491
0.946114
0.950780
0.956488
0.963226
0.970968
0.979680
0.989316
0.999821
1.011128
1.023163
1.035845
1.049084
1.062784
1.076844
1.091160
1.105621
1.120118
1.134537
1.148766
1.162694
1.176209
1.189206
1.201582
1.213237
1.224079
1.234023
1.242990
1.250909
1.257719
1.263367
1.267811
1.271019
1.272967
1.273644
1.273050
1.271193
1.268094
1.263783
1.258298
1.251689
1.244014
1.235337
1.225731
1.215273
1.204047
1.192141
1.179645
1.166649
1.153246
1.139528
1.125582
1.111493
1.097341
1.083199
1.069134
1.055202
1.041451
1.027917
1.014625
1.001588
0.988807
0.976270
0.963952
0.951817
0.939819
0.927901
0.915998
0.904041
0.891959
0.879679
