1.001346
1.005263
1.007067
1.007118
1.005751
1.003274
0.999968
0.996092
0.991877
0.987532
0.983244
0.979175
0.975469
0.972247
0.969611
0.967644
0.966411
0.965962
0.966329
0.967529
0.969568
0.972436
0.976112
0.980564
0.985752
0.991624
0.998123
1.005183
1.012732
1.020696
1.028993
1.037540
1.046252
1.055040
1.063817
1.072495
1.080986
1.089206
1.097071
1.104500
1.111416
1.117745
1.123420
1.128376
1.132555
1.135904
1.138375
1.139928
1.140529
1.140149
1.138768
1.136371
1.132950
1.128505
1.123041
1.116570
1.109110
1.100685
1.091327
1.081069
1.069953
1.058025
1.045332
1.031930
1.017875
1.003225
0.988044
0.972393
0.956338
0.939943
0.923273
0.906392
0.889363
0.872247
0.855101
0.837982
0.820940
0.804024
0.787275
0.770731
0.754426
0.738384
0.722627
0.707168
0.692016
0.677172
0.662630
0.648379
0.634404
0.620680
0.607182
0.593879
0.580735
0.567714
0.554779
0.541893
0.529021
0.516132
0.503202
0.490215
