1.020116
1.022881
1.023393
1.021994
1.019009
1.014737
1.009462
1.003442
0.996918
0.990113
0.983226
0.976441
0.969921
0.963813
0.958244
0.953327
0.949155
0.945805
0.943342
0.941811
0.941246
0.941667
0.943078
0.945474
0.948836
0.953135
0.958331
0.964377
0.971213
0.978775
0.986991
0.995781
1.005062
1.014746
1.024740
1.034950
1.045279
1.055629
1.065903
1.076001
1.085827
1.095288
1.104291
1.112747
1.120572
1.127687
1.134016
1.139490
1.144048
1.147632
1.150194
1.151691
1.152090
1.151364
1.149496
1.146473
1.142294
1.136965
1.130499
1.122918
1.114249
1.104529
1.093801
1.082113
1.069521
1.056085
1.041870
1.026946
1.011386
0.995265
0.978660
0.961651
0.944317
0.926735
0.908985
0.891140
0.873272
0.855451
0.837739
0.820195
0.802870
0.785809
0.769051
0.752624
0.736550
0.720841
0.705500
0.690522
0.675894
0.661592
0.647585
0.633836
0.620300
0.606930
0.593671
0.580470
0.567274
0.554032
0.540701
0.527245
