1.001403
1.001268
0.999204
0.995637
0.990953
0.985505
0.979610
0.973551
0.967578
0.961910
0.956735
0.952214
0.948477
0.945633
0.943761
0.942922
0.943153
0.944470
0.946875
0.950349
0.954860
0.960361
0.966794
0.974091
0.982172
0.990952
1.000338
1.010231
1.020530
1.031129
1.041923
1.052805
1.063667
1.074405
1.084916
1.095099
1.104859
1.114105
1.122749
1.130713
1.137920
1.144304
1.149803
1.154363
1.157939
1.160492
1.161990
1.162410
1.161737
1.159962
1.157084
1.153110
1.148053
1.141933
1.134776
1.126614
1.117486
1.107435
1.096507
1.084754
1.072232
1.058999
1.045115
1.030643
1.015648
1.000193
0.984344
0.968166
0.951721
0.935072
0.918279
0.901400
0.884489
0.867596
0.850770
0.834053
0.817482
0.801093
0.784912
0.768963
0.753264
0.737826
0.722657
0.707757
0.693124
0.678748
0.664616
0.650710
0.637011
0.623492
0.610127
0.596889
0.583748
0.570676
0.557644
0.544629
0.531608
0.518567
0.505496
0.492395
