1.041913
1.042049
1.039451
1.034611
1.027984
1.019990
1.011011
1.001398
0.991465
0.981498
0.971748
0.962438
0.953762
0.945886
0.938951
0.933070
0.928335
0.924815
0.922556
0.921586
0.921914
0.923531
0.926414
0.930522
0.935804
0.942196
0.949622
0.957998
0.967232
0.977223
0.987867
0.999053
1.010668
1.022597
1.034722
1.046926
1.059093
1.071106
1.082854
1.094227
1.105120
1.115433
1.125070
1.133944
1.141971
1.149077
1.155194
1.160263
1.164231
1.167057
1.168704
1.169148
1.168371
1.166365
1.163130
1.158675
1.153016
1.146178
1.138193
1.129101
1.118948
1.107787
1.095676
1.082678
1.068862
1.054299
1.039065
1.023236
1.006891
0.990111
0.972976
0.955564
0.937954
0.920221
0.902437
0.884671
0.866987
0.849444
0.832094
0.814984
0.798153
0.781633
0.765448
0.749614
0.734138
0.719019
0.704249
0.689810
0.675679
0.661822
0.648202
0.634776
0.621497
0.608313
0.595173
0.582028
0.568829
0.555534
0.542109
0.528533
