1.000373
1.001502
1.000625
0.998153
0.994459
0.989884
0.984740
0.979302
0.973819
0.968509
0.963561
0.959138
0.955376
0.952388
0.950263
0.949068
0.948850
0.949637
0.951438
0.954246
0.958041
0.962788
0.968439
0.974937
0.982213
0.990192
0.998791
1.007922
1.017490
1.027400
1.037551
1.047844
1.058177
1.068449
1.078562
1.088418
1.097924
1.106988
1.115525
1.123453
1.130697
1.137187
1.142858
1.147654
1.151524
1.154424
1.156319
1.157179
1.156983
1.155717
1.153373
1.149952
1.145460
1.139911
1.133326
1.125730
1.117156
1.107641
1.097227
1.085962
1.073897
1.061086
1.047588
1.033461
1.018769
1.003575
0.987943
0.971937
0.955622
0.939061
0.922316
0.905446
0.888509
0.871559
0.854645
0.837816
0.821113
0.804575
0.788233
0.772115
0.756243
0.740633
0.725296
0.710238
0.695457
0.680947
0.666698
0.652693
0.638913
0.625333
0.611926
0.598663
0.585513
0.572444
0.559425
0.546428
0.533427
0.520402
0.507340
0.494235
