1.037615
1.038950
1.037725
1.034362
1.029255
1.022771
1.015246
1.006992
0.998291
0.989401
0.980554
0.971959
0.963800
0.956237
0.949411
0.943439
0.938418
0.934427
0.931524
0.929753
0.929136
0.929684
0.931391
0.934236
0.938188
0.943201
0.949221
0.956183
0.964012
0.972626
0.981938
0.991853
1.002272
1.013092
1.024207
1.035511
1.046893
1.058246
1.069461
1.080433
1.091058
1.101235
1.110867
1.119862
1.128134
1.135602
1.142190
1.147831
1.152463
1.156035
1.158500
1.159822
1.159971
1.158928
1.156680
1.153224
1.148565
1.142717
1.135700
1.127543
1.118284
1.107965
1.096638
1.084357
1.071186
1.057190
1.042441
1.027014
1.010987
0.994438
0.977448
0.960100
0.942473
0.924648
0.906702
0.888710
0.870743
0.852866
0.835142
0.817624
0.800360
0.783392
0.766752
0.750465
0.734547
0.719003
0.703833
0.689026
0.674561
0.660412
0.646543
0.632911
0.619470
0.606168
0.592951
0.579763
0.566552
0.553268
0.539871
0.526329
