0.996690
1.004109
1.009205
1.012229
1.013427
1.013035
1.011283
1.008390
1.004566
1.000013
0.994920
0.989466
0.983821
0.978141
0.972570
0.967243
0.962279
0.957788
0.953864
0.950591
0.948039
0.946267
0.945321
0.945233
0.946025
0.947708
0.950281
0.953730
0.958035
0.963162
0.969071
0.975712
0.983026
0.990949
0.999408
1.008327
1.017623
1.027210
1.036996
1.046890
1.056797
1.066621
1.076268
1.085642
1.094650
1.103200
1.111206
1.118581
1.125246
1.131125
1.136150
1.140256
1.143387
1.145494
1.146532
1.146469
1.145278
1.142940
1.139445
1.134792
1.128987
1.122046
1.113991
1.104854
1.094672
1.083491
1.071364
1.058348
1.044509
1.029913
1.014634
0.998749
0.982336
0.965476
0.948250
0.930739
0.913024
0.895183
0.877292
0.859421
0.841638
0.824004
0.806573
0.789393
0.772503
0.755934
0.739708
0.723838
0.708328
0.693170
0.678350
0.663844
0.649618
0.635633
0.621843
0.608198
0.594644
0.581129
0.567602
0.554017
