1.035182
1.036062
1.034223
1.030148
1.024286
1.017047
1.008810
0.999918
0.990683
0.981385
0.972273
0.963566
0.955455
0.948106
0.941655
0.936218
0.931883
0.928719
0.926772
0.926071
0.926623
0.928423
0.931444
0.935651
0.940992
0.947404
0.954813
0.963138
0.972288
0.982165
0.992666
1.003684
1.015108
1.026825
1.038720
1.050679
1.062588
1.074335
1.085809
1.096905
1.107520
1.117557
1.126922
1.135531
1.143302
1.150164
1.156051
1.160905
1.164677
1.167325
1.168815
1.169125
1.168237
1.166144
1.162846
1.158352
1.152680
1.145854
1.137905
1.128873
1.118804
1.107748
1.095762
1.082910
1.069257
1.054872
1.039830
1.024205
1.008074
0.991515
0.974605
0.957422
0.940040
0.922533
0.904971
0.887421
0.869943
0.852596
0.835431
0.818491
0.801816
0.785435
0.769373
0.753645
0.738258
0.723211
0.708497
0.694100
0.679995
0.666153
0.652537
0.639107
0.625817
0.612619
0.599465
0.586307
0.573099
0.559801
0.546383
0.532823
