0.994497
0.996930
0.997468
0.996482
0.994313
0.991274
0.987645
0.983682
0.979611
0.975632
0.971920
0.968624
0.965873
0.963771
0.962402
0.961830
0.962099
0.963239
0.965260
0.968160
0.971921
0.976514
0.981899
0.988024
0.994830
1.002250
1.010208
1.018627
1.027421
1.036503
1.045783
1.055170
1.064571
1.073894
1.083049
1.091947
1.100500
1.108626
1.116245
1.123282
1.129665
1.135330
1.140216
1.144271
1.147446
1.149701
1.151000
1.151316
1.150629
1.148923
1.146191
1.142432
1.137653
1.131864
1.125084
1.117337
1.108652
1.099064
1.088612
1.077340
1.065296
1.052532
1.039101
1.025060
1.010469
0.995388
0.979878
0.964001
0.947819
0.931391
0.914779
0.898040
0.881229
0.864399
0.847601
0.830880
0.814278
0.797832
0.781576
0.765537
0.749738
0.734196
0.718922
0.703924
0.689201
0.674749
0.660558
0.646614
0.632898
0.619388
0.606057
0.592876
0.579817
0.566847
0.553936
0.541056
0.528181
0.515290
0.502368
0.489410
