1.013852
1.017583
1.019006
1.018445
1.016207
1.012580
1.007836
1.002228
0.995994
0.989354
0.982508
0.975645
0.968932
0.962523
0.956553
0.951143
0.946398
0.942406
0.939242
0.936966
0.935623
0.935244
0.935847
0.937440
0.940014
0.943553
0.948027
0.953399
0.959621
0.966635
0.974378
0.982777
0.991755
1.001229
1.011111
1.021309
1.031728
1.042271
1.052841
1.063338
1.073664
1.083722
1.093417
1.102654
1.111345
1.119403
1.126748
1.133303
1.138998
1.143769
1.147558
1.150316
1.151999
1.152571
1.152006
1.150284
1.147395
1.143334
1.138109
1.131731
1.124223
1.115613
1.105938
1.095241
1.083571
1.070986
1.057546
1.043318
1.028373
1.012784
0.996629
0.979986
0.962937
0.945560
0.927937
0.910144
0.892259
0.874354
0.856498
0.838754
0.821180
0.803828
0.786741
0.769957
0.753503
0.737399
0.721655
0.706273
0.691244
0.676552
0.662171
0.648069
0.634206
0.620534
0.607005
0.593565
0.580161
0.566741
0.553258
0.539675
