1.003249
1.003082
1.000849
0.997013
0.991995
0.986177
0.979901
0.973473
0.967160
0.961196
0.955781
0.951084
0.947243
0.944367
0.942539
0.941818
0.942237
0.943811
0.946532
0.950378
0.955307
0.961265
0.968185
0.975988
0.984586
0.993884
1.003780
1.014166
1.024931
1.035964
1.047149
1.058373
1.069522
1.080488
1.091160
1.101438
1.111221
1.120417
1.128937
1.136703
1.143640
1.149681
1.154770
1.158855
1.161893
1.163852
1.164705
1.164435
1.163032
1.160493
1.156827
1.152045
1.146168
1.139224
1.131245
1.122272
1.112348
1.101524
1.089852
1.077390
1.064198
1.050340
1.035880
1.020884
1.005420
0.989553
0.973351
0.956878
0.940198
0.923372
0.906460
0.889516
0.872592
0.855736
0.838991
0.822397
0.805985
0.789786
0.773821
0.758109
0.742662
0.727486
0.712583
0.697949
0.683576
0.669451
0.655557
0.641873
0.628375
0.615038
0.601834
0.588734
0.575710
0.562735
0.549785
0.536837
0.523874
0.510886
0.497868
0.484825
