0.989364
0.992876
0.994400
0.994290
0.992873
0.990449
0.987294
0.983657
0.979763
0.975815
0.971990
0.968445
0.965314
0.962713
0.960736
0.959460
0.958942
0.959225
0.960335
0.962283
0.965067
0.968673
0.973074
0.978234
0.984106
0.990635
0.997760
1.005411
1.013515
1.021992
1.030760
1.039734
1.048827
1.057950
1.067015
1.075934
1.084621
1.092991
1.100962
1.108454
1.115393
1.121707
1.127331
1.132202
1.136266
1.139473
1.141779
1.143145
1.143542
1.142945
1.141336
1.138704
1.135045
1.130360
1.124659
1.117955
1.110271
1.101632
1.092071
1.081625
1.070337
1.058253
1.045424
1.031903
1.017748
1.003017
0.987773
0.972079
0.955997
0.939591
0.922926
0.906062
0.889062
0.871984
0.854884
0.837816
0.820828
0.803965
0.787269
0.770774
0.754511
0.738505
0.722773
0.707329
0.692180
0.677325
0.662759
0.648472
0.634446
0.620659
0.607087
0.593698
0.580462
0.567342
0.554304
0.541315
0.528341
0.515357
0.502338
0.489274
