0.863195
0.880417
0.897704
0.914705
0.931118
0.946689
0.961210
0.974515
0.986477
0.997005
1.006043
1.013565
1.019570
1.024085
1.027158
1.028857
1.029266
1.028483
1.026620
1.023795
1.020138
1.015780
1.010858
1.005509
0.999871
0.994080
0.988266
0.982559
0.977078
0.971938
0.967244
0.963095
0.959576
0.956764
0.954725
0.953514
0.953174
0.953736
0.955218
0.957629
0.960966
0.965211
0.970340
0.976315
0.983090
0.990607
0.998801
1.007599
1.016918
1.026673
1.036768
1.047105
1.057582
1.068094
1.078532
1.088788
1.098753
1.108319
1.117380
1.125833
1.133577
1.140518
1.146565
1.151635
1.155652
1.158547
1.160259
1.160738
1.159942
1.157839
1.154407
1.149637
1.143527
1.136090
1.127347
1.117331
1.106086
1.093666
1.080134
1.065563
1.050036
1.033642
1.016479
0.998649
0.980262
0.961428
0.942263
0.922881
0.903399
0.883928
0.864578
0.845452
0.826645
0.808243
0.790321
0.772936
0.756135
0.739940
0.724357
0.709365
