0.856499
0.872871
0.889375
0.905678
0.921497
0.936591
0.950763
0.963850
0.975729
0.986309
0.995527
1.003352
1.009775
1.014811
1.018496
1.020883
1.022042
1.022055
1.021018
1.019034
1.016215
1.012677
1.008543
1.003936
0.998979
0.993797
0.988510
0.983237
0.978090
0.973179
0.968605
0.964461
0.960834
0.957801
0.955430
0.953780
0.952899
0.952826
0.953586
0.955199
0.957669
0.960994
0.965159
0.970139
0.975902
0.982403
0.989591
0.997406
1.005779
1.014636
1.023895
1.033469
1.043267
1.053191
1.063143
1.073021
1.082722
1.092142
1.101177
1.109725
1.117686
1.124961
1.131458
1.137087
1.141765
1.145414
1.147965
1.149354
1.149528
1.148441
1.146059
1.142355
1.137314
1.130932
1.123216
1.114183
1.103862
1.092293
1.079528
1.065628
1.050664
1.034719
1.017884
1.000258
0.981947
0.963065
0.943729
0.924063
0.904190
0.884235
0.864321
0.844570
0.825095
0.806004
0.787393
0.769345
0.751927
0.735188
0.719152
0.703818
