0.865922
0.880183
0.894648
0.909030
0.923080
0.936587
0.949374
0.961295
0.972237
0.982111
0.990856
0.998435
1.004830
1.010044
1.014098
1.017028
1.018883
1.019725
1.019626
1.018668
1.016938
1.014530
1.011542
1.008076
1.004233
1.000117
0.995831
0.991475
0.987147
0.982942
0.978948
0.975252
0.971930
0.969056
0.966695
0.964903
0.963731
0.963219
0.963400
0.964298
0.965928
0.968296
0.971399
0.975226
0.979757
0.984963
0.990808
0.997246
1.004227
1.011691
1.019572
1.027800
1.036297
1.044983
1.053770
1.062570
1.071292
1.079841
1.088123
1.096042
1.103504
1.110414
1.116681
1.122217
1.126936
1.130758
1.133608
1.135417
1.136123
1.135670
1.134012
1.131112
1.126942
1.121482
1.114725
1.106674
1.097342
1.086753
1.074944
1.061963
1.047867
1.032726
1.016619
0.999636
0.981876
0.963447
0.944462
0.925043
0.905315
0.885406
0.865447
0.845566
0.825891
0.806540
0.787627
0.769252
0.751500
0.734440
0.718116
0.702546
