0.847632
0.864554
0.881711
0.898751
0.915371
0.931313
0.946362
0.960343
0.973116
0.984578
0.994656
1.003305
1.010508
1.016271
1.020622
1.023608
1.025292
1.025752
1.025078
1.023372
1.020742
1.017306
1.013183
1.008498
1.003376
0.997943
0.992323
0.986638
0.981006
0.975541
0.970349
0.965532
0.961182
0.957384
0.954214
0.951739
0.950015
0.949088
0.948996
0.949764
0.951408
0.953931
0.957328
0.961582
0.966669
0.972551
0.979185
0.986515
0.994480
1.003009
1.012025
1.021446
1.031181
1.041136
1.051213
1.061311
1.071325
1.081150
1.090680
1.099808
1.108430
1.116443
1.123748
1.130250
1.135856
1.140482
1.144050
1.146488
1.147732
1.147728
1.146431
1.143806
1.139827
1.134483
1.127769
1.119695
1.110282
1.099563
1.087583
1.074397
1.060074
1.044691
1.028338
1.011113
0.993124
0.974484
0.955318
0.935750
0.915911
0.895935
0.875952
0.856094
0.836485
0.817245
0.798480
0.780286
0.762740
0.745903
0.729807
0.714458
