0.903226
0.910572
0.920005
0.931064
0.943331
0.956431
0.970024
0.983812
0.997528
1.010944
1.023858
1.036104
1.047539
1.058052
1.067554
1.075979
1.083285
1.089450
1.094469
1.098355
1.101138
1.102860
1.103577
1.103354
1.102269
1.100406
1.097856
1.094716
1.091087
1.087074
1.082781
1.078315
1.073782
1.069286
1.064928
1.060805
1.057011
1.053632
1.050749
1.048437
1.046762
1.045780
1.045542
1.046087
1.047445
1.049635
1.052668
1.056543
1.061248
1.066763
1.073056
1.080085
1.087798
1.096136
1.105028
1.114395
1.124152
1.134206
1.144456
1.154798
1.165121
1.175313
1.185256
1.194832
1.203924
1.212412
1.220180
1.227115
1.233108
1.238055
1.241859
1.244430
1.245688
1.245564
1.243997
1.240941
1.236364
1.230246
1.222582
1.213383
1.202677
1.190508
1.176935
1.162034
1.145898
1.128634
1.110366
1.091230
1.071374
1.050957
1.030147
1.009116
0.988040
0.967094
0.946448
0.926262
0.906685
0.887841
0.869831
0.852722
