1.038824
1.032391
1.026689
1.021781
1.017715
1.014521
1.012217
1.010805
1.010278
1.010614
1.011783
1.013747
1.016460
1.019870
1.023918
1.028544
1.033685
1.039274
1.045246
1.051536
1.058078
1.064811
1.071676
1.078616
1.085579
1.092517
1.099389
1.106157
1.112788
1.119256
1.125541
1.131627
1.137504
1.143168
1.148621
1.153867
1.158917
1.163786
1.168490
1.173053
1.177496
1.181847
1.186132
1.190381
1.194622
1.198883
1.203192
1.207576
1.212058
1.216660
1.221401
1.226294
1.231351
1.236578
1.241975
1.247540
1.253261
1.259125
1.265110
1.271190
1.277331
1.283496
1.289641
1.295716
1.301667
1.307437
1.312961
1.318173
1.323005
1.327384
1.331239
1.334494
1.337078
1.338917
1.339943
1.340087
1.339288
1.337489
1.334637
1.330690
1.325611
1.319374
1.311963
1.303371
1.293605
1.282682
1.270633
1.257502
1.243343
1.228227
1.212233
1.195453
1.177992
1.159961
1.141480
1.122673
1.103668
1.084592
1.065568
1.046711
