1.028989
1.024757
1.020556
1.016549
1.012871
1.009638
1.006943
1.004858
1.003439
1.002723
1.002731
1.003470
1.004934
1.007104
1.009954
1.013446
1.017539
1.022182
1.027323
1.032904
1.038868
1.045156
1.051707
1.058465
1.065373
1.072379
1.079432
1.086488
1.093505
1.100446
1.107280
1.113982
1.120531
1.126912
1.133114
1.139134
1.144971
1.150631
1.156122
1.161459
1.166657
1.171737
1.176720
1.181629
1.186490
1.191328
1.196170
1.201039
1.205959
1.210953
1.216039
1.221234
1.226550
1.231997
1.237579
1.243294
1.249138
1.255100
1.261162
1.267302
1.273492
1.279697
1.285878
1.291989
1.297979
1.303793
1.309371
1.314648
1.319558
1.324029
1.327991
1.331370
1.334092
1.336085
1.337278
1.337603
1.336994
1.335393
1.332745
1.329004
1.324130
1.318095
1.310878
1.302470
1.292875
1.282106
1.270193
1.257176
1.243109
1.228060
1.212109
1.195349
1.177882
1.159823
1.141294
1.122422
1.103339
1.084176
1.065060
1.046113
