1.052219
1.042814
1.033963
1.025810
1.018469
1.012032
1.006567
1.002122
0.998726
0.996390
0.995110
0.994869
0.995635
0.997369
1.000020
1.003531
1.007840
1.012879
1.018576
1.024859
1.031654
1.038886
1.046483
1.054374
1.062490
1.070768
1.079145
1.087565
1.095977
1.104334
1.112595
1.120723
1.128690
1.136470
1.144044
1.151397
1.158522
1.165414
1.172073
1.178504
1.184715
1.190716
1.196522
1.202149
1.207615
1.212938
1.218137
1.223232
1.228243
1.233185
1.238076
1.242929
1.247757
1.252566
1.257362
1.262146
1.266916
1.271665
1.276379
1.281044
1.285638
1.290135
1.294504
1.298711
1.302716
1.306475
1.309941
1.313063
1.315787
1.318056
1.319813
1.320999
1.321553
1.321416
1.320530
1.318837
1.316284
1.312821
1.308403
1.302988
1.296542
1.289040
1.280461
1.270796
1.260044
1.248214
1.235326
1.221411
1.206511
1.190679
1.173979
1.156487
1.138290
1.119481
1.100164
1.080451
1.060457
1.040301
1.020103
0.999978
