0.965247
0.970185
0.975765
0.981889
0.988463
0.995391
1.002579
1.009938
1.017377
1.024810
1.032154
1.039330
1.046265
1.052890
1.059141
1.064961
1.070300
1.075116
1.079372
1.083041
1.086103
1.088547
1.090369
1.091573
1.092174
1.092191
1.091654
1.090598
1.089067
1.087110
1.084784
1.082151
1.079276
1.076230
1.073089
1.069929
1.066829
1.063869
1.061131
1.058695
1.056638
1.055039
1.053970
1.053501
1.053697
1.054616
1.056312
1.058831
1.062212
1.066483
1.071666
1.077774
1.084808
1.092761
1.101614
1.111340
1.121900
1.133244
1.145314
1.158040
1.171343
1.185137
1.199323
1.213798
1.228451
1.243164
1.257813
1.272273
1.286412
1.300099
1.313201
1.325587
1.337127
1.347696
1.357173
1.365444
1.372405
1.377959
1.382023
1.384523
1.385403
1.384619
1.382145
1.377973
1.372111
1.364587
1.355448
1.344760
1.332609
1.319098
1.304349
1.288499
1.271701
1.254119
1.235928
1.217306
1.198438
1.179501
1.160667
1.142093
