1.275937
1.287870
1.300429
1.313492
1.326943
1.340678
1.354599
1.368616
1.382647
1.396617
1.410461
1.424118
1.437535
1.450665
1.463469
1.475909
1.487958
1.499589
1.510782
1.521520
1.531791
1.541584
1.550893
1.559713
1.568042
1.575879
1.583227
1.590086
1.596461
1.602355
1.607773
1.612719
1.617199
1.621216
1.624775
1.627881
1.630536
1.632744
1.634507
1.635827
1.636706
1.637143
1.637138
1.636692
1.635802
1.634466
1.632684
1.630451
1.627765
1.624624
1.621024
1.616962
1.612436
1.607443
1.601981
1.596048
1.589644
1.582767
1.575419
1.567600
1.559314
1.550563
1.541352
1.531686
1.521572
1.511017
1.500032
1.488625
1.476809
1.464595
1.451998
1.439031
1.425710
1.412050
1.398070
1.383785
1.369214
1.354374
1.339284
1.323962
1.308424
1.292690
1.276774
1.260694
1.244464
1.228099
1.211610
1.195011
1.178310
1.161517
1.144638
1.127680
1.110645
1.093538
1.076359
1.059110
1.041789
1.024397
1.006932
0.989395
