1.348121
1.340490
1.332249
1.323725
1.315210
1.306960
1.299198
1.292113
1.285868
1.280592
1.276393
1.273349
1.271518
1.270934
1.271613
1.273552
1.276732
1.281116
1.286657
1.293294
1.300956
1.309563
1.319026
1.329251
1.340138
1.351582
1.363476
1.375713
1.388182
1.400774
1.413380
1.425894
1.438212
1.450234
1.461862
1.473006
1.483577
1.493496
1.502687
1.511081
1.518615
1.525234
1.530890
1.535540
1.539151
1.541694
1.543151
1.543508
1.542757
1.540900
1.537943
1.533899
1.528787
1.522630
1.515458
1.507305
1.498209
1.488214
1.477364
1.465708
1.453298
1.440187
1.426430
1.412083
1.397202
1.381843
1.366062
1.349915
1.333454
1.316733
1.299799
1.282701
1.265481
1.248181
1.230837
1.213482
1.196144
1.178849
1.161617
1.144461
1.127395
1.110423
1.093549
1.076769
1.060077
1.043463
1.026914
1.010412
0.993939
0.977474
0.960995
0.944478
0.927902
0.911246
0.894490
0.877620
0.860623
0.843495
0.826238
0.808863
