0.879777
0.892398
0.906347
0.921315
0.937024
0.953221
0.969677
0.986188
1.002574
1.018674
1.034349
1.049480
1.063963
1.077716
1.090671
1.102774
1.113988
1.124288
1.133663
1.142112
1.149646
1.156284
1.162058
1.167004
1.171167
1.174599
1.177357
1.179501
1.181098
1.182215
1.182925
1.183297
1.183406
1.183324
1.183122
1.182872
1.182639
1.182491
1.182487
1.182686
1.183140
1.183896
1.184996
1.186477
1.188367
1.190689
1.193459
1.196684
1.200366
1.204499
1.209067
1.214051
1.219420
1.225139
1.231164
1.237446
1.243928
1.250548
1.257239
1.263927
1.270535
1.276984
1.283188
1.289062
1.294518
1.299468
1.303824
1.307500
1.310410
1.312474
1.313613
1.313756
1.312835
1.310792
1.307575
1.303141
1.297456
1.290499
1.282257
1.272730
1.261932
1.249887
1.236634
1.222224
1.206721
1.190203
1.172760
1.154492
1.135511
1.115941
1.095909
1.075552
1.055009
1.034422
1.013930
0.993667
0.973758
0.954314
0.935429
0.917171
