0.912969
0.913431
0.915213
0.918258
0.922499
0.927861
0.934264
0.941620
0.949838
0.958823
0.968476
0.978697
0.989385
1.000440
1.011761
1.023252
1.034818
1.046367
1.057814
1.069078
1.080083
1.090759
1.101044
1.110884
1.120229
1.129039
1.137282
1.144933
1.151975
1.158398
1.164200
1.169387
1.173971
1.177971
1.181412
1.184324
1.186743
1.188709
1.190268
1.191465
1.192352
1.192981
1.193404
1.193676
1.193850
1.193980
1.194115
1.194305
1.194595
1.195028
1.195641
1.196468
1.197537
1.198869
1.200481
1.202382
1.204575
1.207056
1.209814
1.212829
1.216077
1.219524
1.223132
1.226854
1.230637
1.234425
1.238152
1.241751
1.245149
1.248272
1.251040
1.253374
1.255193
1.256418
1.256970
1.256771
1.255749
1.253836
1.250968
1.247090
1.242153
1.236119
1.228957
1.220649
1.211188
1.200580
1.188842
1.176005
1.162114
1.147228
1.131417
1.114767
1.097373
1.079342
1.060790
1.041842
1.022627
1.003275
0.983919
0.964683
