0.897814
0.906152
0.914885
0.923903
0.933106
0.942406
0.951727
0.961006
0.970187
0.979224
0.988081
0.996728
1.005145
1.013315
1.021231
1.028888
1.036289
1.043440
1.050351
1.057035
1.063510
1.069793
1.075908
1.081876
1.087722
1.093470
1.099147
1.104778
1.110389
1.116003
1.121645
1.127338
1.133103
1.138958
1.144922
1.151008
1.157231
1.163599
1.170120
1.176798
1.183633
1.190623
1.197763
1.205044
1.212452
1.219973
1.227586
1.235270
1.242999
1.250743
1.258470
1.266145
1.273730
1.281185
1.288468
1.295532
1.302332
1.308820
1.314946
1.320660
1.325912
1.330649
1.334823
1.338383
1.341280
1.343467
1.344899
1.345533
1.345329
1.344250
1.342263
1.339339
1.335455
1.330590
1.324732
1.317872
1.310007
1.301142
1.291288
1.280462
1.268688
1.255998
1.242430
1.228028
1.212845
1.196938
1.180372
1.163216
1.145545
1.127437
1.108976
1.090244
1.071329
1.052315
1.033286
1.014322
0.995496
0.976877
0.958520
0.940469
