0.859910
0.869864
0.880751
0.892273
0.904164
0.916192
0.928153
0.939871
0.951197
0.962007
0.972199
0.981694
0.990431
0.998371
1.005488
1.011774
1.017235
1.021890
1.025769
1.028912
1.031371
1.033200
1.034466
1.035236
1.035586
1.035591
1.035331
1.034886
1.034337
1.033764
1.033246
1.032859
1.032676
1.032766
1.033195
1.034023
1.035304
1.037088
1.039415
1.042321
1.045834
1.049974
1.054755
1.060181
1.066249
1.072949
1.080261
1.088160
1.096611
1.105573
1.114996
1.124825
1.134998
1.145447
1.156096
1.166869
1.177681
1.188445
1.199071
1.209466
1.219535
1.229183
1.238314
1.246833
1.254647
1.261665
1.267798
1.272963
1.277082
1.280081
1.281895
1.282465
1.281739
1.279678
1.276250
1.271433
1.265217
1.257603
1.248605
1.238246
1.226565
1.213611
1.199445
1.184143
1.167788
1.150478
1.132320
1.113428
1.093928
1.073950
1.053628
1.033103
1.012511
0.991990
0.971671
0.951679
0.932123
0.913100
0.894682
0.876921
