0.882868
0.888442
0.895113
0.902697
0.911026
0.919941
0.929298
0.938961
0.948807
0.958722
0.968603
0.978357
0.987900
0.997157
1.006065
1.014568
1.022620
1.030182
1.037227
1.043733
1.049690
1.055091
1.059941
1.064251
1.068038
1.071325
1.074144
1.076529
1.078522
1.080167
1.081514
1.082615
1.083525
1.084301
1.085003
1.085689
1.086419
1.087252
1.088245
1.089455
1.090934
1.092732
1.094895
1.097465
1.100478
1.103965
1.107951
1.112454
1.117486
1.123052
1.129148
1.135764
1.142880
1.150472
1.158503
1.166933
1.175712
1.184782
1.194079
1.203532
1.213063
1.222591
1.232026
1.241277
1.250247
1.258838
1.266950
1.274481
1.281330
1.287397
1.292586
1.296803
1.299958
1.301970
1.302762
1.302267
1.300426
1.297194
1.292534
1.286424
1.278854
1.269829
1.259370
1.247511
1.234304
1.219815
1.204128
1.187341
1.169565
1.150927
1.131564
1.111626
1.091269
1.070655
1.049948
1.029310
1.008900
0.988862
0.969326
0.950400
