0.904218
0.912132
0.921046
0.930760
0.941094
0.951887
0.962993
0.974284
0.985648
0.996987
1.008214
1.019259
1.030061
1.040570
1.050748
1.060563
1.069996
1.079031
1.087664
1.095894
1.103726
1.111172
1.118248
1.124971
1.131366
1.137456
1.143269
1.148835
1.154182
1.159342
1.164345
1.169221
1.174000
1.178711
1.183379
1.188032
1.192690
1.197376
1.202106
1.206896
1.211757
1.216698
1.221723
1.226835
1.232030
1.237303
1.242644
1.248040
1.253474
1.258925
1.264368
1.269776
1.275119
1.280363
1.285471
1.290404
1.295120
1.299577
1.303730
1.307533
1.310938
1.313898
1.316366
1.318295
1.319638
1.320350
1.320389
1.319712
1.318282
1.316063
1.313023
1.309136
1.304377
1.298729
1.292179
1.284718
1.276347
1.267069
1.256897
1.245848
1.233946
1.221225
1.207721
1.193480
1.178554
1.163000
1.146881
1.130267
1.113231
1.095848
1.078199
1.060366
1.042428
1.024468
1.006561
0.988782
0.971195
0.953857
0.936812
0.920091
