0.969070
0.970616
0.971828
0.972779
0.973539
0.974173
0.974742
0.975303
0.975906
0.976600
0.977428
0.978431
0.979643
0.981098
0.982823
0.984844
0.987182
0.989856
0.992881
0.996268
1.000028
1.004165
1.008684
1.013584
1.018863
1.024518
1.030540
1.036921
1.043648
1.050708
1.058084
1.065758
1.073711
1.081919
1.090360
1.099009
1.107837
1.116818
1.125920
1.135114
1.144367
1.153645
1.162915
1.172141
1.181288
1.190319
1.199197
1.207885
1.216346
1.224542
1.232435
1.239988
1.247164
1.253927
1.260240
1.266068
1.271377
1.276134
1.280306
1.283864
1.286777
1.289019
1.290564
1.291388
1.291471
1.290792
1.289335
1.287087
1.284036
1.280173
1.275493
1.269993
1.263675
1.256542
1.248602
1.239865
1.230346
1.220062
1.209035
1.197288
1.184851
1.171754
1.158032
1.143722
1.128864
1.113503
1.097683
1.081453
1.064861
1.047960
1.030801
1.013437
0.995920
0.978304
0.960638
0.942971
0.925350
0.907817
0.890409
0.873159
