0.939185
0.941689
0.944404
0.947326
0.950451
0.953769
0.957267
0.960932
0.964748
0.968697
0.972760
0.976918
0.981151
0.985440
0.989766
0.994110
0.998456
1.002789
1.007094
1.011362
1.015582
1.019748
1.023855
1.027902
1.031890
1.035822
1.039704
1.043545
1.047356
1.051149
1.054941
1.058747
1.062586
1.066478
1.070443
1.074502
1.078676
1.082986
1.087454
1.092099
1.096939
1.101992
1.107273
1.112795
1.118567
1.124597
1.130888
1.137441
1.144253
1.151314
1.158614
1.166137
1.173860
1.181759
1.189803
1.197958
1.206184
1.214438
1.222670
1.230830
1.238860
1.246702
1.254294
1.261569
1.268460
1.274899
1.280815
1.286138
1.290797
1.294723
1.297848
1.300106
1.301434
1.301774
1.301073
1.299281
1.296357
1.292265
1.286979
1.280478
1.272754
1.263806
1.253644
1.242289
1.229772
1.216136
1.201435
1.185732
1.169105
1.151638
1.133425
1.114572
1.095188
1.075391
1.055300
1.035040
1.014730
0.994490
0.974432
0.954654
