0.956315
0.953730
0.951739
0.950440
0.949910
0.950207
0.951370
0.953421
0.956365
0.960192
0.964880
0.970392
0.976683
0.983698
0.991374
0.999642
1.008428
1.017656
1.027244
1.037113
1.047183
1.057375
1.067612
1.077821
1.087932
1.097880
1.107607
1.117059
1.126189
1.134956
1.143326
1.151273
1.158776
1.165823
1.172407
1.178529
1.184195
1.189418
1.194214
1.198608
1.202626
1.206299
1.209660
1.212747
1.215597
1.218250
1.220746
1.223124
1.225423
1.227678
1.229925
1.232195
1.234514
1.236907
1.239392
1.241982
1.244686
1.247504
1.250432
1.253460
1.256571
1.259740
1.262937
1.266125
1.269261
1.272298
1.275180
1.277848
1.280241
1.282290
1.283925
1.285076
1.285669
1.285631
1.284890
1.283375
1.281019
1.277759
1.273537
1.268301
1.262007
1.254621
1.246115
1.236476
1.225699
1.213794
1.200782
1.186698
1.171592
1.155525
1.138573
1.120825
1.102382
1.083357
1.063869
1.044049
1.024029
1.003945
0.983930
0.964112
