0.922082
0.930721
0.939490
0.948284
0.957005
0.965569
0.973904
0.981944
0.989638
0.996940
1.003815
1.010235
1.016183
1.021645
1.026618
1.031104
1.035111
1.038653
1.041750
1.044428
1.046714
1.048642
1.050250
1.051576
1.052665
1.053560
1.054309
1.054960
1.055561
1.056162
1.056813
1.057561
1.058455
1.059540
1.060860
1.062458
1.064373
1.066641
1.069293
1.072359
1.075864
1.079826
1.084262
1.089181
1.094588
1.100483
1.106859
1.113706
1.121006
1.128735
1.136865
1.145362
1.154185
1.163290
1.172626
1.182137
1.191765
1.201444
1.211106
1.220681
1.230093
1.239266
1.248122
1.256579
1.264557
1.271977
1.278756
1.284818
1.290085
1.294485
1.297946
1.300404
1.301798
1.302073
1.301184
1.299087
1.295753
1.291156
1.285283
1.278130
1.269701
1.260013
1.249094
1.236981
1.223724
1.209383
1.194029
1.177743
1.160616
1.142747
1.124243
1.105217
1.085789
1.066080
1.046212
1.026306
1.006478
0.986838
0.967482
0.948494
