0.928986
0.930912
0.933025
0.935323
0.937799
0.940442
0.943243
0.946188
0.949262
0.952449
0.955732
0.959093
0.962513
0.965975
0.969461
0.972954
0.976439
0.979902
0.983331
0.986716
0.990051
0.993329
0.996549
0.999711
1.002820
1.005881
1.008904
1.011900
1.014885
1.017876
1.020891
1.023953
1.027085
1.030311
1.033656
1.037149
1.040814
1.044680
1.048772
1.053115
1.057733
1.062649
1.067881
1.073448
1.079363
1.085638
1.092277
1.099285
1.106658
1.114391
1.122471
1.130880
1.139598
1.148594
1.157837
1.167286
1.176898
1.186622
1.196402
1.206180
1.215890
1.225464
1.234829
1.243909
1.252625
1.260898
1.268644
1.275782
1.282228
1.287902
1.292723
1.296614
1.299503
1.301319
1.302001
1.301491
1.299741
1.296708
1.292363
1.286682
1.279656
1.271285
1.261583
1.250574
1.238296
1.224803
1.210157
1.194437
1.177732
1.160144
1.141787
1.122781
1.103257
1.083352
1.063206
1.042959
1.022751
1.002713
0.982969
0.963624
