0.962536
0.976794
0.989341
1.000143
1.009192
1.016506
1.022124
1.026108
1.028535
1.029503
1.029120
1.027510
1.024803
1.021141
1.016669
1.011537
1.005897
0.999900
0.993696
0.987431
0.981248
0.975282
0.969659
0.964499
0.959911
0.955994
0.952832
0.950502
0.949066
0.948571
0.949055
0.950539
0.953033
0.956533
0.961023
0.966475
0.972846
0.980085
0.988129
0.996906
1.006334
1.016323
1.026776
1.037591
1.048659
1.059868
1.071104
1.082249
1.093187
1.103801
1.113975
1.123598
1.132561
1.140761
1.148098
1.154483
1.159831
1.164067
1.167125
1.168947
1.169487
1.168710
1.166589
1.163110
1.158271
1.152079
1.144554
1.135726
1.125635
1.114332
1.101876
1.088336
1.073789
1.058317
1.042011
1.024965
1.007278
0.989051
0.970385
0.951383
0.932146
0.912773
0.893357
0.873987
0.854746
0.835706
0.816934
0.798483
0.780397
0.762708
0.745435
0.728585
0.712152
0.696117
0.680450
0.665108
0.650041
0.635191
0.620493
0.605880
