0.998929
1.007882
1.014649
1.019387
1.022255
1.023419
1.023047
1.021308
1.018374
1.014415
1.009603
1.004105
0.998087
0.991710
0.985130
0.978496
0.971952
0.965632
0.959663
0.954159
0.949227
0.944963
0.941450
0.938760
0.936954
0.936079
0.936170
0.937251
0.939333
0.942413
0.946480
0.951507
0.957461
0.964293
0.971948
0.980360
0.989456
0.999152
1.009361
1.019987
1.030930
1.042085
1.053346
1.064603
1.075744
1.086658
1.097236
1.107368
1.116949
1.125876
1.134054
1.141388
1.147794
1.153193
1.157514
1.160695
1.162681
1.163429
1.162903
1.161080
1.157946
1.153495
1.147735
1.140682
1.132364
1.122817
1.112086
1.100227
1.087303
1.073384
1.058549
1.042881
1.026467
1.009402
0.991779
0.973697
0.955253
0.936544
0.917664
0.898706
0.879757
0.860898
0.842205
0.823743
0.805571
0.787737
0.770277
0.753216
0.736569
0.720337
0.704509
0.689063
0.673965
0.659170
0.644626
0.630272
0.616043
0.601870
0.587687
0.573433
