0.925291
0.941041
0.955775
0.969316
0.981524
0.992298
1.001571
1.009306
1.015498
1.020168
1.023360
1.025141
1.025595
1.024823
1.022940
1.020072
1.016353
1.011923
1.006926
1.001509
0.995819
0.989998
0.984189
0.978524
0.973134
0.968137
0.963645
0.959758
0.956565
0.954144
0.952559
0.951863
0.952095
0.953280
0.955431
0.958547
0.962615
0.967609
0.973490
0.980210
0.987708
0.995913
1.004748
1.014123
1.023944
1.034111
1.044518
1.055053
1.065604
1.076057
1.086295
1.096203
1.105669
1.114582
1.122834
1.130323
1.136954
1.142637
1.147289
1.150838
1.153217
1.154373
1.154259
1.152843
1.150099
1.146017
1.140593
1.133839
1.125775
1.116433
1.105855
1.094092
1.081207
1.067268
1.052354
1.036550
1.019946
1.002638
0.984724
0.966307
0.947490
0.928374
0.909061
0.889648
0.870231
0.850897
0.831726
0.812793
0.794160
0.775881
0.757997
0.740537
0.723520
0.706948
0.690813
0.675092
0.659752
0.644746
0.630020
0.615510
