0.919600
0.935890
0.951247
0.965487
0.978461
0.990060
1.000208
1.008861
1.016005
1.021650
1.025834
1.028611
1.030058
1.030267
1.029343
1.027402
1.024571
1.020982
1.016770
1.012076
1.007040
1.001799
0.996489
0.991242
0.986183
0.981429
0.977091
0.973269
0.970053
0.967523
0.965747
0.964781
0.964669
0.965443
0.967122
0.969712
0.973209
0.977595
0.982841
0.988907
0.995744
1.003290
1.011478
1.020228
1.029457
1.039073
1.048980
1.059075
1.069254
1.079409
1.089431
1.099212
1.108642
1.117614
1.126024
1.133772
1.140761
1.146900
1.152106
1.156301
1.159416
1.161389
1.162169
1.161713
1.159989
1.156974
1.152656
1.147033
1.140115
1.131919
1.122476
1.111825
1.100013
1.087099
1.073149
1.058235
1.042437
1.025843
1.008541
0.990628
0.972200
0.953356
0.934196
0.914818
0.895318
0.875789
0.856318
0.836988
0.817873
0.799038
0.780542
0.762429
0.744735
0.727482
0.710682
0.694331
0.678414
0.662903
0.647758
0.632928
