0.898696
0.916717
0.934033
0.950386
0.965559
0.979385
0.991735
1.002520
1.011685
1.019209
1.025100
1.029393
1.032146
1.033439
1.033367
1.032044
1.029594
1.026151
1.021859
1.016863
1.011315
1.005366
0.999165
0.992859
0.986592
0.980500
0.974712
0.969348
0.964520
0.960326
0.956857
0.954188
0.952383
0.951494
0.951558
0.952601
0.954635
0.957657
0.961654
0.966600
0.972457
0.979174
0.986694
0.994944
1.003848
1.013318
1.023260
1.033573
1.044153
1.054890
1.065671
1.076383
1.086909
1.097135
1.106947
1.116234
1.124888
1.132806
1.139890
1.146047
1.151194
1.155253
1.158157
1.159846
1.160272
1.159395
1.157186
1.153629
1.148716
1.142452
1.134852
1.125943
1.115760
1.104351
1.091773
1.078091
1.063380
1.047720
1.031201
1.013916
0.995965
0.977450
0.958475
0.939147
0.919571
0.899850
0.880086
0.860374
0.840806
0.821464
0.802422
0.783746
0.765489
0.747693
0.730384
0.713579
0.697274
0.681455
0.666090
0.651132
