0.918178
0.934670
0.950112
0.964339
0.977225
0.988679
0.998641
1.007082
1.014000
1.019419
1.023383
1.025957
1.027224
1.027282
1.026238
1.024215
1.021338
1.017742
1.013563
1.008940
1.004013
0.998917
0.993787
0.988751
0.983931
0.979443
0.975393
0.971879
0.968987
0.966794
0.965364
0.964752
0.964997
0.966129
0.968164
0.971107
0.974951
0.979677
0.985254
0.991642
0.998789
1.006636
1.015111
1.024139
1.033634
1.043506
1.053658
1.063991
1.074400
1.084780
1.095022
1.105019
1.114665
1.123853
1.132481
1.140451
1.147667
1.154041
1.159489
1.163937
1.167315
1.169563
1.170631
1.170477
1.169067
1.166380
1.162403
1.157135
1.150582
1.142764
1.133708
1.123452
1.112043
1.099536
1.085994
1.071489
1.056098
1.039904
1.022995
1.005462
0.987402
0.968909
0.950079
0.931009
0.911792
0.892517
0.873272
0.854134
0.835178
0.816469
0.798061
0.780001
0.762323
0.745051
0.728196
0.711758
0.695722
0.680063
0.664744
0.649717
