0.944674
0.959693
0.973107
0.984852
0.994895
1.003230
1.009875
1.014874
1.018288
1.020201
1.020708
1.019924
1.017971
1.014983
1.011101
1.006470
1.001242
0.995565
0.989590
0.983465
0.977334
0.971336
0.965602
0.960255
0.955411
0.951174
0.947637
0.944881
0.942976
0.941980
0.941935
0.942873
0.944810
0.947752
0.951690
0.956603
0.962457
0.969209
0.976803
0.985172
0.994242
1.003928
1.014139
1.024777
1.035737
1.046912
1.058188
1.069453
1.080588
1.091480
1.102012
1.112071
1.121548
1.130336
1.138335
1.145450
1.151592
1.156681
1.160646
1.163424
1.164961
1.165215
1.164153
1.161752
1.158003
1.152905
1.146469
1.138718
1.129684
1.119409
1.107946
1.095355
1.081708
1.067081
1.051557
1.035228
1.018186
1.000530
0.982360
0.963775
0.944878
0.925767
0.906537
0.887281
0.868085
0.849027
0.830178
0.811600
0.793346
0.775455
0.757956
0.740866
0.724189
0.707917
0.692029
0.676494
0.661269
0.646303
0.631538
0.616910
