0.887134
0.904045
0.920647
0.936650
0.951812
0.965936
0.978864
0.990478
1.000696
1.009468
1.016774
1.022621
1.027042
1.030088
1.031834
1.032365
1.031786
1.030208
1.027754
1.024552
1.020736
1.016441
1.011804
1.006959
1.002038
0.997169
0.992475
0.988069
0.984061
0.980546
0.977614
0.975342
0.973797
0.973035
0.973097
0.974017
0.975813
0.978493
0.982053
0.986476
0.991736
0.997794
1.004604
1.012107
1.020237
1.028919
1.038073
1.047610
1.057435
1.067452
1.077558
1.087648
1.097617
1.107358
1.116764
1.125730
1.134154
1.141937
1.148983
1.155202
1.160509
1.164828
1.168088
1.170227
1.171191
1.170936
1.169427
1.166638
1.162555
1.157173
1.150497
1.142544
1.133339
1.122919
1.111328
1.098622
1.084864
1.070126
1.054485
1.038026
1.020841
1.003025
0.984675
0.965892
0.946780
0.927438
0.907968
0.888467
0.869029
0.849740
0.830681
0.811925
0.793534
0.775560
0.758042
0.741006
0.724462
0.708408
0.692823
0.677669
