0.902502
0.919952
0.936606
0.952233
0.966643
0.979689
0.991264
1.001295
1.009745
1.016605
1.021896
1.025661
1.027967
1.028900
1.028562
1.027069
1.024547
1.021133
1.016968
1.012200
1.006975
1.001443
0.995750
0.990039
0.984446
0.979104
0.974136
0.969654
0.965764
0.962558
0.960117
0.958511
0.957797
0.958017
0.959203
0.961371
0.964527
0.968663
0.973756
0.979776
0.986677
0.994405
1.002895
1.012071
1.021852
1.032146
1.042856
1.053880
1.065109
1.076434
1.087741
1.098914
1.109840
1.120404
1.130494
1.140001
1.148819
1.156849
1.163996
1.170172
1.175297
1.179298
1.182114
1.183689
1.183982
1.182957
1.180592
1.176876
1.171806
1.165394
1.157660
1.148634
1.138358
1.126883
1.114270
1.100588
1.085912
1.070327
1.053922
1.036792
1.019035
1.000753
0.982047
0.963022
0.943777
0.924414
0.905025
0.885703
0.866530
0.847581
0.828924
0.810614
0.792697
0.775204
0.758157
0.741559
0.725405
0.709671
0.694322
0.679308
