0.924121
0.941121
0.956844
0.971138
0.983886
0.995010
1.004466
1.012238
1.018341
1.022814
1.025719
1.027141
1.027179
1.025948
1.023577
1.020203
1.015971
1.011032
1.005538
0.999645
0.993505
0.987268
0.981079
0.975077
0.969395
0.964154
0.959467
0.955436
0.952151
0.949689
0.948114
0.947478
0.947818
0.949159
0.951510
0.954869
0.959220
0.964533
0.970768
0.977873
0.985784
0.994428
1.003721
1.013575
1.023890
1.034562
1.045483
1.056539
1.067613
1.078590
1.089349
1.099775
1.109750
1.119163
1.127904
1.135869
1.142961
1.149088
1.154166
1.158121
1.160887
1.162408
1.162638
1.161543
1.159098
1.155290
1.150117
1.143591
1.135731
1.126570
1.116149
1.104521
1.091747
1.077899
1.063055
1.047299
1.030724
1.013426
0.995504
0.977061
0.958202
0.939029
0.919646
0.900150
0.880637
0.861196
0.841910
0.822852
0.804088
0.785672
0.767647
0.750043
0.732878
0.716159
0.699876
0.684008
0.668523
0.653376
0.638511
0.623867
