0.959201
0.971919
0.983135
0.992817
1.000959
1.007574
1.012698
1.016384
1.018702
1.019739
1.019592
1.018370
1.016193
1.013184
1.009475
1.005199
1.000492
0.995489
0.990325
0.985128
0.980027
0.975139
0.970579
0.966451
0.962851
0.959866
0.957570
0.956027
0.955292
0.955404
0.956393
0.958275
0.961056
0.964729
0.969275
0.974663
0.980855
0.987798
0.995433
1.003689
1.012491
1.021753
1.031385
1.041290
1.051367
1.061513
1.071621
1.081584
1.091293
1.100640
1.109522
1.117833
1.125477
1.132358
1.138388
1.143484
1.147571
1.150581
1.152457
1.153147
1.152612
1.150821
1.147755
1.143401
1.137763
1.130849
1.122681
1.113291
1.102719
1.091014
1.078235
1.064450
1.049731
1.034159
1.017819
1.000802
0.983202
0.965113
0.946633
0.927858
0.908884
0.889802
0.870701
0.851664
0.832768
0.814081
0.795664
0.777568
0.759832
0.742485
0.725544
0.709015
0.692891
0.677153
0.661773
0.646709
0.631913
0.617331
0.602900
0.588559
