0.991661
1.000941
1.008251
1.013704
1.017419
1.019524
1.020152
1.019445
1.017548
1.014607
1.010775
1.006201
1.001038
0.995435
0.989539
0.983493
0.977435
0.971497
0.965804
0.960472
0.955611
0.951318
0.947683
0.944782
0.942683
0.941441
0.941099
0.941689
0.943229
0.945729
0.949183
0.953576
0.958881
0.965061
0.972069
0.979846
0.988327
0.997437
1.007094
1.017209
1.027688
1.038433
1.049339
1.060300
1.071210
1.081958
1.092437
1.102538
1.112155
1.121187
1.129534
1.137102
1.143804
1.149557
1.154286
1.157925
1.160416
1.161708
1.161763
1.160549
1.158047
1.154246
1.149147
1.142760
1.135105
1.126214
1.116125
1.104888
1.092561
1.079209
1.064905
1.049728
1.033762
1.017098
0.999827
0.982045
0.963847
0.945331
0.926591
0.907719
0.888806
0.869933
0.851180
0.832617
0.814305
0.796297
0.778637
0.761354
0.744469
0.727991
0.711915
0.696226
0.680897
0.665889
0.651157
0.636644
0.622290
0.608030
0.593800
0.579537
