0.989225
0.989937
0.989713
0.988812
0.987471
0.985904
0.984304
0.982843
0.981671
0.980920
0.980702
0.981114
0.982231
0.984116
0.986815
0.990360
0.994767
1.000043
1.006180
1.013161
1.020958
1.029534
1.038844
1.048834
1.059445
1.070612
1.082265
1.094328
1.106724
1.119373
1.132191
1.145095
1.158001
1.170825
1.183482
1.195892
1.207973
1.219648
1.230842
1.241483
1.251504
1.260841
1.269434
1.277230
1.284178
1.290235
1.295361
1.299525
1.302697
1.304858
1.305990
1.306085
1.305137
1.303147
1.300123
1.296077
1.291026
1.284992
1.278002
1.270087
1.261284
1.251630
1.241168
1.229944
1.218006
1.205403
1.192187
1.178412
1.164131
1.149398
1.134267
1.118791
1.103022
1.087010
1.070805
1.054451
1.037993
1.021470
1.004919
0.988371
0.971855
0.955396
0.939012
0.922717
0.906522
0.890432
0.874447
0.858564
0.842774
0.827066
0.811423
0.795829
0.780262
0.764703
0.749128
0.733519
0.717856
0.702124
0.686313
0.670422
