1.001599
1.003988
1.005380
1.006038
1.006203
1.006093
1.005903
1.005803
1.005947
1.006464
1.007467
1.009048
1.011283
1.014229
1.017931
1.022415
1.027697
1.033777
1.040646
1.048281
1.056652
1.065718
1.075430
1.085734
1.096566
1.107861
1.119546
1.131546
1.143783
1.156176
1.168644
1.181104
1.193474
1.205672
1.217618
1.229234
1.240443
1.251173
1.261352
1.270916
1.279802
1.287953
1.295316
1.301843
1.307492
1.312225
1.316011
1.318824
1.320643
1.321454
1.321247
1.320019
1.317772
1.314512
1.310253
1.305011
1.298809
1.291673
1.283633
1.274724
1.264984
1.254453
1.243177
1.231201
1.218573
1.205344
1.191564
1.177284
1.162558
1.147436
1.131970
1.116209
1.100203
1.083999
1.067640
1.051169
1.034626
1.018046
1.001460
0.984899
0.968386
0.951943
0.935584
0.919322
0.903166
0.887117
0.871176
0.855338
0.839595
0.823936
0.808347
0.792810
0.777310
0.761826
0.746341
0.730836
0.715298
0.699713
0.684074
0.668381
