0.988155
0.989593
0.990173
0.990153
0.989767
0.989224
0.988712
0.988396
0.988420
0.988908
0.989965
0.991677
0.994113
0.997324
1.001347
1.006204
1.011903
1.018439
1.025795
1.033946
1.042855
1.052474
1.062752
1.073628
1.085035
1.096902
1.109154
1.121711
1.134491
1.147411
1.160387
1.173332
1.186164
1.198797
1.211151
1.223144
1.234701
1.245746
1.256210
1.266025
1.275131
1.283470
1.290990
1.297643
1.303389
1.308191
1.312019
1.314848
1.316661
1.317445
1.317192
1.315900
1.313576
1.310227
1.305869
1.300521
1.294209
1.286961
1.278810
1.269793
1.259951
1.249327
1.237967
1.225920
1.213235
1.199964
1.186160
1.171875
1.157162
1.142074
1.126663
1.110979
1.095070
1.078983
1.062761
1.046447
1.030077
1.013686
0.997303
0.980957
0.964668
0.948454
0.932328
0.916300
0.900373
0.884547
0.868818
0.853178
0.837615
0.822115
0.806658
0.791228
0.775801
0.760358
0.744878
0.729341
0.713733
0.698041
0.682258
0.666388
