1.020573
1.019520
1.017095
1.013648
1.009498
1.004934
1.000219
0.995585
0.991238
0.987358
0.984103
0.981604
0.979972
0.979294
0.979640
0.981059
0.983582
0.987224
0.991986
0.997851
1.004791
1.012767
1.021726
1.031609
1.042345
1.053857
1.066061
1.078868
1.092183
1.105910
1.119948
1.134195
1.148548
1.162905
1.177165
1.191225
1.204990
1.218362
1.231250
1.243568
1.255231
1.266161
1.276287
1.285541
1.293863
1.301199
1.307502
1.312731
1.316853
1.319842
1.321678
1.322348
1.321849
1.320181
1.317352
1.313377
1.308279
1.302082
1.294820
1.286532
1.277259
1.267049
1.255952
1.244024
1.231323
1.217907
1.203838
1.189181
1.173999
1.158355
1.142314
1.125938
1.109288
1.092423
1.075399
1.058269
1.041083
1.023885
1.006717
0.989614
0.972607
0.955720
0.938973
0.922379
0.905947
0.889676
0.873565
0.857603
0.841775
0.826064
0.810445
0.794893
0.779379
0.763873
0.748344
0.732765
0.717108
0.701354
0.685486
0.669500
