1.053509
1.056161
1.059501
1.063480
1.068050
1.073166
1.078783
1.084862
1.091362
1.098248
1.105486
1.113044
1.120893
1.129006
1.137357
1.145925
1.154687
1.163625
1.172719
1.181953
1.191312
1.200779
1.210341
1.219983
1.229693
1.239456
1.249259
1.259088
1.268930
1.278769
1.288591
1.298380
1.308120
1.317793
1.327383
1.336869
1.346233
1.355453
1.364510
1.373380
1.382042
1.390470
1.398643
1.406535
1.414121
1.421376
1.428276
1.434793
1.440904
1.446584
1.451807
1.456549
1.460788
1.464501
1.467666
1.470262
1.472272
1.473676
1.474459
1.474607
1.474107
1.472948
1.471121
1.468619
1.465439
1.461578
1.457036
1.451815
1.445919
1.439356
1.432135
1.424267
1.415766
1.406646
1.396926
1.386626
1.375766
1.364369
1.352459
1.340063
1.327206
1.313917
1.300222
1.286151
1.271733
1.256996
1.241968
1.226678
1.211152
1.195416
1.179496
1.163414
1.147192
1.130849
1.114404
1.097871
1.081264
1.064594
1.047868
1.031094
