1.037386
1.043939
1.051109
1.058728
1.066652
1.074754
1.082922
1.091064
1.099105
1.106982
1.114650
1.122075
1.129236
1.136123
1.142737
1.149086
1.155188
1.161066
1.166748
1.172269
1.177664
1.182972
1.188235
1.193492
1.198784
1.204150
1.209628
1.215251
1.221053
1.227059
1.233295
1.239779
1.246526
1.253545
1.260841
1.268411
1.276250
1.284345
1.292681
1.301233
1.309976
1.318877
1.327901
1.337008
1.346153
1.355290
1.364370
1.373340
1.382146
1.390734
1.399048
1.407032
1.414630
1.421786
1.428448
1.434563
1.440082
1.444957
1.449145
1.452606
1.455303
1.457205
1.458283
1.458516
1.457886
1.456379
1.453990
1.450715
1.446559
1.441530
1.435641
1.428910
1.421362
1.413024
1.403926
1.394106
1.383600
1.372451
1.360702
1.348399
1.335586
1.322312
1.308623
1.294565
1.280182
1.265517
1.250610
1.235497
1.220212
1.204783
1.189235
1.173587
1.157854
1.142045
1.126164
1.110211
1.094180
1.078063
1.061847
1.045517
