1.073750
1.077874
1.081956
1.086087
1.090347
1.094807
1.099528
1.104563
1.109957
1.115746
1.121958
1.128616
1.135735
1.143321
1.151377
1.159899
1.168878
1.178300
1.188145
1.198390
1.209009
1.219970
1.231239
1.242779
1.254552
1.266516
1.278627
1.290841
1.303112
1.315394
1.327639
1.339801
1.351832
1.363686
1.375317
1.386681
1.397733
1.408431
1.418735
1.428606
1.438008
1.446907
1.455270
1.463069
1.470277
1.476870
1.482826
1.488130
1.492764
1.496718
1.499982
1.502550
1.504420
1.505591
1.506066
1.505850
1.504952
1.503382
1.501153
1.498280
1.494781
1.490674
1.485979
1.480719
1.474917
1.468596
1.461781
1.454497
1.446769
1.438620
1.430077
1.421161
1.411897
1.402304
1.392403
1.382212
1.371746
1.361021
1.350047
1.338834
1.327389
1.315715
1.303813
1.291682
1.279318
1.266715
1.253862
1.240750
1.227365
1.213693
1.199719
1.185426
1.170800
1.155826
1.140492
1.124787
1.108708
1.092252
1.075428
1.058250
