1.078006
1.076642
1.076017
1.076150
1.077050
1.078724
1.081170
1.084385
1.088357
1.093073
1.098516
1.104664
1.111494
1.118979
1.127088
1.135791
1.145053
1.154839
1.165109
1.175827
1.186950
1.198437
1.210244
1.222329
1.234646
1.247150
1.259795
1.272535
1.285325
1.298117
1.310866
1.323526
1.336052
1.348400
1.360525
1.372386
1.383941
1.395148
1.405971
1.416370
1.426312
1.435762
1.444688
1.453062
1.460857
1.468046
1.474609
1.480526
1.485779
1.490355
1.494241
1.497429
1.499912
1.501688
1.502756
1.503118
1.502779
1.501747
1.500030
1.497643
1.494599
1.490915
1.486609
1.481703
1.476217
1.470175
1.463600
1.456519
1.448956
1.440938
1.432490
1.423637
1.414405
1.404817
1.394896
1.384664
1.374141
1.363343
1.352287
1.340985
1.329448
1.317683
1.305695
1.293485
1.281052
1.268392
1.255498
1.242358
1.228962
1.215294
1.201338
1.187078
1.172494
1.157571
1.142292
1.126643
1.110614
1.094201
1.077406
1.060238
