0.962300
0.971838
0.981942
0.992433
1.003154
1.013966
1.024753
1.035412
1.045862
1.056033
1.065872
1.075338
1.084403
1.093050
1.101271
1.109067
1.116448
1.123430
1.130035
1.136290
1.142227
1.147880
1.153286
1.158485
1.163517
1.168423
1.173242
1.178016
1.182782
1.187576
1.192435
1.197389
1.202468
1.207696
1.213096
1.218687
1.224482
1.230492
1.236721
1.243172
1.249842
1.256724
1.263805
1.271069
1.278498
1.286067
1.293747
1.301508
1.309315
1.317130
1.324912
1.332618
1.340202
1.347617
1.354814
1.361743
1.368354
1.374595
1.380416
1.385765
1.390594
1.394854
1.398499
1.401485
1.403768
1.405311
1.406078
1.406036
1.405159
1.403421
1.400804
1.397294
1.392881
1.387562
1.381338
1.374217
1.366211
1.357338
1.347623
1.337096
1.325791
1.313749
1.301015
1.287639
1.273676
1.259182
1.244220
1.228853
1.213147
1.197167
1.180982
1.164656
1.148253
1.131834
1.115456
1.099167
1.083012
1.067023
1.051222
1.035621
