1.007848
1.015981
1.024401
1.033055
1.041899
1.050892
1.059999
1.069191
1.078443
1.087732
1.097041
1.106355
1.115663
1.124955
1.134225
1.143466
1.152677
1.161854
1.170998
1.180107
1.189182
1.198225
1.207236
1.216218
1.225170
1.234094
1.242990
1.251857
1.260695
1.269502
1.278275
1.287009
1.295701
1.304343
1.312929
1.321450
1.329896
1.338256
1.346517
1.354665
1.362686
1.370563
1.378278
1.385814
1.393149
1.400264
1.407137
1.413745
1.420065
1.426072
1.431743
1.437052
1.441975
1.446485
1.450558
1.454168
1.457291
1.459902
1.461978
1.463495
1.464431
1.464766
1.464479
1.463553
1.461970
1.459717
1.456779
1.453147
1.448811
1.443765
1.438006
1.431531
1.424343
1.416445
1.407845
1.398553
1.388582
1.377947
1.366668
1.354766
1.342267
1.329197
1.315588
1.301471
1.286883
1.271860
1.256443
1.240671
1.224588
1.208237
1.191660
1.174902
1.158006
1.141013
1.123963
1.106893
1.089837
1.072825
1.055880
1.039020
