1.104385
1.111433
1.118230
1.124803
1.131180
1.137385
1.143440
1.149367
1.155185
1.160910
1.166559
1.172146
1.177682
1.183178
1.188643
1.194085
1.199511
1.204926
1.210333
1.215737
1.221139
1.226542
1.231946
1.237352
1.242759
1.248167
1.253575
1.258981
1.264385
1.269784
1.275177
1.280561
1.285935
1.291296
1.296643
1.301974
1.307285
1.312575
1.317841
1.323082
1.328294
1.333475
1.338622
1.343732
1.348801
1.353827
1.358805
1.363730
1.368598
1.373404
1.378141
1.382804
1.387384
1.391873
1.396264
1.400547
1.404710
1.408744
1.412636
1.416373
1.419940
1.423324
1.426509
1.429477
1.432211
1.434693
1.436904
1.438823
1.440429
1.441703
1.442621
1.443161
1.443301
1.443018
1.442290
1.441092
1.439404
1.437202
1.434465
1.431172
1.427304
1.422841
1.417767
1.412066
1.405724
1.398728
1.391071
1.382745
1.373745
1.364072
1.353726
1.342715
1.331048
1.318738
1.305803
1.292267
1.278155
1.263500
1.248339
1.232713
