0.999536
1.003033
1.006965
1.011207
1.015647
1.020195
1.024770
1.029310
1.033764
1.038095
1.042276
1.046292
1.050134
1.053804
1.057308
1.060658
1.063870
1.066965
1.069963
1.072887
1.075761
1.078606
1.081444
1.084292
1.087168
1.090085
1.093053
1.096078
1.099162
1.102304
1.105499
1.108737
1.112006
1.115288
1.118564
1.121810
1.125003
1.128115
1.131117
1.133980
1.136674
1.139168
1.141434
1.143444
1.145172
1.146596
1.147694
1.148450
1.148852
1.148892
1.148567
1.147878
1.146833
1.145447
1.143737
1.141729
1.139455
1.136950
1.134257
1.131422
1.128499
1.125543
1.122614
1.119774
1.117089
1.114625
1.112449
1.110625
1.109219
1.108291
1.107898
1.108091
1.108915
1.110406
1.112592
1.115489
1.119103
1.123426
1.128434
1.134092
1.140346
1.147127
1.154349
1.161907
1.169682
1.177534
1.185311
1.192842
1.199945
1.206425
1.212076
1.216689
1.220048
1.221943
1.222166
1.220525
1.216843
1.210974
1.202805
1.192266
