0.983252
0.977549
0.970410
0.962388
0.953967
0.945566
0.937534
0.930165
0.923693
0.918298
0.914112
0.911224
0.909678
0.909484
0.910619
0.913032
0.916644
0.921361
0.927066
0.933633
0.940925
0.948797
0.957101
0.965688
0.974412
0.983129
0.991702
1.000003
1.007913
1.015324
1.022141
1.028283
1.033680
1.038282
1.042048
1.044957
1.047000
1.048183
1.048527
1.048067
1.046848
1.044929
1.042380
1.039279
1.035713
1.031775
1.027566
1.023187
1.018744
1.014344
1.010093
1.006093
1.002446
0.999245
0.996578
0.994527
0.993161
0.992543
0.992721
0.993733
0.995604
0.998343
1.001948
1.006401
1.011669
1.017706
1.024449
1.031825
1.039743
1.048104
1.056793
1.065689
1.074657
1.083557
1.092244
1.100565
1.108368
1.115498
1.121804
1.127137
1.131355
1.134326
1.135926
1.136046
1.134594
1.131492
1.126685
1.120137
1.111839
1.101803
1.090070
1.076704
1.061801
1.045480
1.027887
1.009195
0.989598
0.969311
0.948566
0.927608
