1.031782
1.026793
1.019385
1.010207
0.999836
0.988782
0.977490
0.966342
0.955663
0.945722
0.936737
0.928881
0.922279
0.917018
0.913149
0.910689
0.909626
0.909921
0.911514
0.914325
0.918256
0.923198
0.929031
0.935626
0.942850
0.950568
0.958642
0.966938
0.975325
0.983675
0.991868
0.999793
1.007347
1.014437
1.020981
1.026910
1.032164
1.036699
1.040482
1.043491
1.045720
1.047173
1.047865
1.047824
1.047089
1.045708
1.043738
1.041244
1.038300
1.034984
1.031382
1.027580
1.023669
1.019742
1.015891
1.012207
1.008781
1.005697
1.003037
1.000877
0.999284
0.998320
0.998036
0.998474
0.999666
1.001630
1.004376
1.007898
1.012180
1.017190
1.022885
1.029209
1.036091
1.043450
1.051189
1.059203
1.067375
1.075578
1.083676
1.091525
1.098978
1.105880
1.112075
1.117407
1.121721
1.124866
1.126695
1.127072
1.125872
1.122983
1.118311
1.111779
1.103338
1.092959
1.080646
1.066434
1.050393
1.032633
1.013303
0.992598
