0.946923
0.944922
0.941867
0.938178
0.934222
0.930312
0.926710
0.923630
0.921241
0.919670
0.919005
0.919299
0.920572
0.922817
0.925998
0.930062
0.934935
0.940528
0.946739
0.953458
0.960569
0.967952
0.975486
0.983050
0.990528
0.997809
1.004788
1.011370
1.017469
1.023010
1.027929
1.032175
1.035711
1.038511
1.040563
1.041868
1.042440
1.042304
1.041499
1.040072
1.038081
1.035594
1.032686
1.029437
1.025935
1.022270
1.018536
1.014826
1.011236
1.007857
1.004780
1.002089
0.999863
0.998174
0.997088
0.996658
0.996928
0.997933
0.999693
1.002218
1.005503
1.009530
1.014269
1.019675
1.025690
1.032244
1.039252
1.046621
1.054244
1.062006
1.069783
1.077443
1.084850
1.091863
1.098340
1.104136
1.109111
1.113129
1.116057
1.117775
1.118169
1.117142
1.114608
1.110502
1.104775
1.097399
1.088371
1.077707
1.065452
1.051674
1.036466
1.019946
1.002257
0.983564
0.964053
0.943927
0.923403
0.902707
0.882069
0.861714
