0.983789
0.979474
0.973840
0.967369
0.960480
0.953537
0.946847
0.940667
0.935203
0.930618
0.927030
0.924521
0.923135
0.922889
0.923766
0.925730
0.928719
0.932656
0.937448
0.942990
0.949168
0.955862
0.962949
0.970304
0.977802
0.985322
0.992748
0.999970
1.006887
1.013404
1.019440
1.024922
1.029791
1.033997
1.037506
1.040295
1.042352
1.043680
1.044292
1.044212
1.043477
1.042132
1.040233
1.037842
1.035029
1.031870
1.028448
1.024846
1.021152
1.017454
1.013840
1.010396
1.007207
1.004352
1.001906
0.999938
0.998508
0.997669
0.997464
0.997928
0.999082
1.000937
1.003494
1.006739
1.010648
1.015183
1.020294
1.025920
1.031988
1.038414
1.045102
1.051950
1.058845
1.065668
1.072293
1.078591
1.084428
1.089672
1.094188
1.097847
1.100520
1.102089
1.102441
1.101475
1.099101
1.095245
1.089847
1.082868
1.074285
1.064098
1.052330
1.039025
1.024251
1.008104
0.990699
0.972177
0.952702
0.932459
0.911650
0.890494
