0.922623
0.923181
0.923060
0.922575
0.921992
0.921538
0.921399
0.921723
0.922620
0.924171
0.926420
0.929390
0.933073
0.937442
0.942451
0.948036
0.954122
0.960620
0.967436
0.974469
0.981615
0.988770
0.995831
1.002698
1.009275
1.015475
1.021217
1.026430
1.031052
1.035034
1.038336
1.040931
1.042805
1.043955
1.044389
1.044129
1.043207
1.041665
1.039556
1.036942
1.033891
1.030482
1.026795
1.022918
1.018941
1.014956
1.011056
1.007333
1.003877
1.000775
0.998107
0.995951
0.994373
0.993436
0.993188
0.993672
0.994915
0.996936
0.999739
1.003316
1.007646
1.012695
1.018415
1.024745
1.031611
1.038927
1.046597
1.054513
1.062557
1.070604
1.078522
1.086172
1.093414
1.100104
1.106099
1.111259
1.115445
1.118528
1.120386
1.120908
1.119995
1.117564
1.113549
1.107902
1.100599
1.091633
1.081025
1.068818
1.055082
1.039909
1.023420
1.005757
0.987087
0.967594
0.947484
0.926974
0.906290
0.885663
0.865320
0.845477
