0.972254
0.967499
0.961272
0.954129
0.946554
0.938967
0.931719
0.925103
0.919352
0.914646
0.911117
0.908848
0.907883
0.908230
0.909862
0.912723
0.916735
0.921797
0.927793
0.934592
0.942055
0.950036
0.958386
0.966956
0.975599
0.984173
0.992542
1.000581
1.008174
1.015216
1.021618
1.027303
1.032209
1.036290
1.039515
1.041868
1.043350
1.043975
1.043773
1.042785
1.041068
1.038688
1.035723
1.032259
1.028391
1.024220
1.019850
1.015390
1.010951
1.006643
1.002573
0.998848
0.995567
0.992824
0.990705
0.989288
0.988640
0.988814
0.989855
0.991791
0.994637
0.998393
1.003047
1.008566
1.014907
1.022009
1.029797
1.038182
1.047062
1.056321
1.065834
1.075463
1.085066
1.094489
1.103577
1.112171
1.120110
1.127237
1.133397
1.138441
1.142230
1.144635
1.145542
1.144852
1.142484
1.138379
1.132498
1.124829
1.115383
1.104201
1.091348
1.076921
1.061040
1.043857
1.025545
1.006302
0.986348
0.965917
0.945255
0.924612
