1.003359
0.996725
0.988349
0.978845
0.968754
0.958543
0.948611
0.939292
0.930855
0.923518
0.917439
0.912732
0.909466
0.907668
0.907331
0.908415
0.910854
0.914556
0.919414
0.925300
0.932078
0.939600
0.947714
0.956266
0.965099
0.974062
0.983007
0.991793
1.000290
1.008374
1.015937
1.022882
1.029126
1.034601
1.039253
1.043043
1.045950
1.047964
1.049092
1.049356
1.048791
1.047443
1.045373
1.042649
1.039353
1.035571
1.031399
1.026937
1.022290
1.017565
1.012870
1.008312
1.003998
1.000030
0.996504
0.993512
0.991137
0.989453
0.988524
0.988403
0.989131
0.990736
0.993232
0.996621
1.000887
1.006002
1.011924
1.018593
1.025938
1.033874
1.042301
1.051110
1.060177
1.069371
1.078551
1.087572
1.096280
1.104519
1.112132
1.118963
1.124858
1.129669
1.133254
1.135483
1.136236
1.135410
1.132916
1.128687
1.122674
1.114855
1.105229
1.093824
1.080695
1.065924
1.049623
1.031933
1.013023
0.993088
0.972352
0.951058
