0.930291
0.928018
0.925181
0.922125
0.919141
0.916475
0.914328
0.912858
0.912180
0.912376
0.913491
0.915539
0.918507
0.922358
0.927032
0.932453
0.938530
0.945158
0.952226
0.959616
0.967208
0.974879
0.982511
0.989986
0.997195
1.004035
1.010412
1.016244
1.021459
1.025997
1.029812
1.032870
1.035153
1.036653
1.037380
1.037354
1.036607
1.035186
1.033146
1.030555
1.027488
1.024028
1.020265
1.016295
1.012216
1.008130
1.004139
1.000344
0.996845
0.993736
0.991108
0.989045
0.987623
0.986909
0.986958
0.987816
0.989516
0.992078
0.995508
0.999797
1.004924
1.010850
1.017525
1.024883
1.032843
1.041312
1.050185
1.059343
1.068660
1.077999
1.087215
1.096158
1.104675
1.112609
1.119806
1.126112
1.131378
1.135464
1.138237
1.139577
1.139380
1.137555
1.134033
1.128765
1.121724
1.112908
1.102342
1.090074
1.076184
1.060776
1.043984
1.025965
1.006903
0.987002
0.966486
0.945592
0.924568
0.903662
0.883120
0.863171
