0.899522
0.901483
0.903061
0.904494
0.905985
0.907704
0.909783
0.912326
0.915404
0.919062
0.923318
0.928169
0.933588
0.939533
0.945945
0.952753
0.959876
0.967223
0.974702
0.982213
0.989660
0.996944
1.003973
1.010656
1.016911
1.022662
1.027844
1.032401
1.036285
1.039463
1.041913
1.043622
1.044593
1.044838
1.044382
1.043259
1.041517
1.039212
1.036407
1.033176
1.029599
1.025762
1.021753
1.017667
1.013599
1.009644
1.005897
1.002451
0.999396
0.996815
0.994786
0.993380
0.992658
0.992674
0.993468
0.995071
0.997501
1.000763
1.004849
1.009736
1.015390
1.021761
1.028786
1.036389
1.044482
1.052964
1.061724
1.070640
1.079582
1.088413
1.096991
1.105167
1.112794
1.119721
1.125803
1.130896
1.134864
1.137579
1.138924
1.138796
1.137106
1.133784
1.128779
1.122061
1.113623
1.103483
1.091685
1.078297
1.063415
1.047161
1.029682
1.011148
0.991752
0.971707
0.951237
0.930581
0.909980
0.889673
0.869889
0.850838
