0.947890
0.960878
0.974321
0.987953
1.001541
1.014884
1.027810
1.040176
1.051864
1.062783
1.072863
1.082056
1.090334
1.097687
1.104120
1.109654
1.114323
1.118171
1.121254
1.123633
1.125380
1.126569
1.127280
1.127596
1.127601
1.127379
1.127016
1.126593
1.126190
1.125886
1.125752
1.125857
1.126264
1.127029
1.128203
1.129829
1.131944
1.134576
1.137748
1.141472
1.145756
1.150596
1.155984
1.161903
1.168329
1.175230
1.182569
1.190301
1.198377
1.206741
1.215333
1.224086
1.232933
1.241801
1.250615
1.259298
1.267772
1.275958
1.283775
1.291147
1.297994
1.304242
1.309818
1.314652
1.318677
1.321833
1.324063
1.325315
1.325546
1.324716
1.322793
1.319754
1.315581
1.310266
1.303807
1.296211
1.287495
1.277680
1.266800
1.254893
1.242006
1.228193
1.213517
1.198044
1.181848
1.165006
1.147602
1.129722
1.111453
1.092884
1.074104
1.055202
1.036261
1.017362
0.998580
0.979981
0.961621
0.943545
0.925786
0.908357
