0.950789
0.945802
0.941735
0.938739
0.936927
0.936377
0.937134
0.939211
0.942593
0.947238
0.953084
0.960046
0.968025
0.976907
0.986564
0.996864
1.007666
1.018826
1.030200
1.041644
1.053020
1.064193
1.075035
1.085427
1.095262
1.104442
1.112882
1.120510
1.127268
1.133111
1.138010
1.141949
1.144928
1.146958
1.148066
1.148292
1.147687
1.146313
1.144244
1.141562
1.138357
1.134726
1.130772
1.126600
1.122321
1.118044
1.113880
1.109936
1.106317
1.103124
1.100451
1.098384
1.097003
1.096376
1.096560
1.097603
1.099538
1.102385
1.106151
1.110830
1.116398
1.122821
1.130047
1.138012
1.146636
1.155829
1.165486
1.175491
1.185719
1.196034
1.206295
1.216353
1.226055
1.235246
1.243771
1.251475
1.258208
1.263826
1.268193
1.271183
1.272684
1.272597
1.270841
1.267355
1.262096
1.255045
1.246208
1.235612
1.223313
1.209391
1.193952
1.177127
1.159071
1.139961
1.119991
1.099373
1.078331
1.057094
1.035891
1.014944
