0.904317
0.921771
0.939967
0.958529
0.977128
0.995474
1.013319
1.030455
1.046706
1.061933
1.076026
1.088906
1.100518
1.110835
1.119849
1.127574
1.134040
1.139296
1.143402
1.146432
1.148467
1.149599
1.149925
1.149548
1.148572
1.147104
1.145252
1.143122
1.140817
1.138439
1.136084
1.133842
1.131799
1.130033
1.128614
1.127605
1.127060
1.127026
1.127537
1.128622
1.130299
1.132576
1.135453
1.138921
1.142960
1.147545
1.152641
1.158204
1.164186
1.170528
1.177170
1.184042
1.191071
1.198181
1.205291
1.212319
1.219178
1.225784
1.232050
1.237890
1.243221
1.247960
1.252027
1.255348
1.257851
1.259470
1.260145
1.259821
1.258453
1.256000
1.252431
1.247723
1.241861
1.234841
1.226666
1.217349
1.206913
1.195389
1.182818
1.169251
1.154744
1.139365
1.123188
1.106292
1.088765
1.070699
1.052189
1.033334
1.014235
0.994992
0.975706
0.956473
0.937385
0.918528
0.899979
0.881806
0.864060
0.846782
0.829990
0.813686
