0.962494
0.972312
0.983269
0.995022
1.007264
1.019725
1.032169
1.044392
1.056221
1.067513
1.078152
1.088046
1.097129
1.105355
1.112701
1.119160
1.124742
1.129471
1.133386
1.136535
1.138978
1.140782
1.142020
1.142770
1.143114
1.143138
1.142925
1.142562
1.142133
1.141718
1.141397
1.141244
1.141328
1.141712
1.142455
1.143607
1.145212
1.147306
1.149917
1.153066
1.156766
1.161020
1.165824
1.171167
1.177030
1.183384
1.190196
1.197424
1.205020
1.212931
1.221097
1.229454
1.237932
1.246461
1.254964
1.263363
1.271579
1.279531
1.287137
1.294318
1.300994
1.307088
1.312523
1.317229
1.321137
1.324183
1.326310
1.327464
1.327600
1.326677
1.324662
1.321530
1.317264
1.311854
1.305300
1.297608
1.288795
1.278883
1.267906
1.255903
1.242923
1.229021
1.214259
1.198707
1.182437
1.165531
1.148070
1.130141
1.111833
1.093234
1.074434
1.055521
1.036577
1.017682
0.998909
0.980323
0.961978
0.943918
0.926171
0.908750
