0.891113
0.895612
0.902364
0.911042
0.921335
0.932952
0.945623
0.959094
0.973130
0.987513
1.002043
1.016537
1.030829
1.044769
1.058224
1.071077
1.083226
1.094587
1.105089
1.114674
1.123302
1.130945
1.137587
1.143227
1.147873
1.151549
1.154283
1.156120
1.157107
1.157305
1.156779
1.155601
1.153848
1.151604
1.148952
1.145982
1.142782
1.139444
1.136056
1.132707
1.129483
1.126468
1.123738
1.121369
1.119428
1.117977
1.117068
1.116750
1.117059
1.118025
1.119667
1.121994
1.125008
1.128697
1.133042
1.138012
1.143566
1.149654
1.156217
1.163185
1.170482
1.178023
1.185715
1.193459
1.201153
1.208686
1.215948
1.222825
1.229203
1.234965
1.240001
1.244200
1.247458
1.249675
1.250759
1.250629
1.249210
1.246442
1.242276
1.236678
1.229630
1.221127
1.211183
1.199830
1.187117
1.173110
1.157893
1.141571
1.124260
1.106095
1.087225
1.067810
1.048017
1.028024
1.008007
0.988142
0.968599
0.949532
0.931078
0.913348
