1.027836
1.026638
1.023774
1.019546
1.014233
1.008096
1.001375
0.994293
0.987053
0.979841
0.972823
0.966153
0.959963
0.954372
0.949482
0.945380
0.942140
0.939818
0.938460
0.938096
0.938744
0.940411
0.943091
0.946767
0.951413
0.956993
0.963459
0.970760
0.978832
0.987607
0.997011
1.006963
1.017378
1.028168
1.039239
1.050498
1.061848
1.073192
1.084433
1.095474
1.106218
1.116574
1.126449
1.135756
1.144412
1.152337
1.159456
1.165701
1.171010
1.175326
1.178600
1.180788
1.181857
1.181780
1.180535
1.178113
1.174508
1.169726
1.163778
1.156683
1.148469
1.139169
1.128825
1.117485
1.105201
1.092033
1.078044
1.063302
1.047881
1.031853
1.015296
0.998289
0.980910
0.963238
0.945351
0.927324
0.909231
0.891141
0.873118
0.855223
0.837509
0.820023
0.802806
0.785888
0.769294
0.753040
0.737130
0.721564
0.706329
0.691406
0.676767
0.662376
0.648193
0.634170
0.620258
0.606405
0.592558
0.578669
0.564696
0.550605
