1.034524
1.033359
1.030397
1.025957
1.020338
1.013816
1.006646
0.999064
0.991286
0.983508
0.975908
0.968646
0.961864
0.955688
0.950226
0.945571
0.941799
0.938973
0.937141
0.936336
0.936578
0.937876
0.940225
0.943608
0.948000
0.953363
0.959651
0.966810
0.974777
0.983482
0.992848
1.002794
1.013232
1.024071
1.035217
1.046574
1.058042
1.069522
1.080915
1.092121
1.103042
1.113583
1.123651
1.133154
1.142009
1.150133
1.157451
1.163893
1.169393
1.173895
1.177347
1.179707
1.180939
1.181014
1.179913
1.177624
1.174142
1.169472
1.163625
1.156622
1.148490
1.139264
1.128985
1.117702
1.105468
1.092345
1.078396
1.063690
1.048302
1.032306
1.015780
0.998805
0.981459
0.963823
0.945974
0.927990
0.909944
0.891906
0.873940
0.856108
0.838462
0.821049
0.803909
0.787074
0.770565
0.754398
0.738577
0.723099
0.707951
0.693110
0.678549
0.664229
0.650107
0.636136
0.622263
0.608434
0.594598
0.580703
0.566708
0.552578
