1.035897
1.034680
1.031648
1.027124
1.021412
1.014793
1.007526
0.999850
0.991982
0.984123
0.976450
0.969126
0.962295
0.956081
0.950594
0.945926
0.942154
0.939340
0.937531
0.936759
0.937043
0.938391
0.940796
0.944241
0.948698
0.954129
0.960487
0.967715
0.975750
0.984519
0.993946
1.003947
1.014434
1.025315
1.036496
1.047879
1.059365
1.070853
1.082245
1.093439
1.104340
1.114851
1.124878
1.134334
1.143131
1.151191
1.158437
1.164800
1.170216
1.174629
1.177989
1.180254
1.181388
1.181365
1.180166
1.177779
1.174202
1.169440
1.163505
1.156418
1.148208
1.138909
1.128565
1.117223
1.104938
1.091772
1.077788
1.063056
1.047649
1.031643
1.015116
0.998145
0.980813
0.963196
0.945374
0.927422
0.909413
0.891416
0.873496
0.855711
0.838115
0.820754
0.803666
0.786881
0.770423
0.754305
0.738531
0.723096
0.707988
0.693184
0.678656
0.664366
0.650270
0.636320
0.622466
0.608653
0.594829
0.580946
0.566960
0.552839
