1.026517
1.025595
1.023002
1.019037
1.013977
1.008082
1.001592
0.994725
0.987687
0.980660
0.973812
0.967294
0.961240
0.955768
0.950981
0.946965
0.943794
0.941527
0.940207
0.939867
0.940527
0.942191
0.944857
0.948509
0.953120
0.958655
0.965069
0.972310
0.980317
0.989022
0.998351
1.008225
1.018560
1.029268
1.040258
1.051435
1.062704
1.073969
1.085133
1.096100
1.106775
1.117063
1.126876
1.136125
1.144728
1.152604
1.159680
1.165887
1.171162
1.175449
1.178699
1.180869
1.181924
1.181836
1.180585
1.178160
1.174556
1.169777
1.163835
1.156748
1.148544
1.139256
1.128925
1.117597
1.105326
1.092171
1.078194
1.063464
1.048052
1.032033
1.015484
0.998482
0.981106
0.963436
0.945547
0.927518
0.909419
0.891321
0.873289
0.855382
0.837655
0.820155
0.802922
0.785988
0.769378
0.753106
0.737180
0.721598
0.706348
0.691411
0.676760
0.662359
0.648168
0.634141
0.620227
0.606375
0.592532
0.578651
0.564688
0.550610
