1.024936
1.023901
1.021294
1.017399
1.012481
1.006787
1.000544
0.993965
0.987240
0.980548
0.974047
0.967881
0.962178
0.957052
0.952599
0.948903
0.946034
0.944048
0.942986
0.942879
0.943745
0.945590
0.948408
0.952184
0.956892
0.962497
0.968956
0.976216
0.984217
0.992895
1.002175
1.011981
1.022231
1.032837
1.043711
1.054760
1.065892
1.077011
1.088022
1.098831
1.109345
1.119472
1.129124
1.138213
1.146659
1.154383
1.161313
1.167380
1.172523
1.176687
1.179822
1.181887
1.182847
1.182674
1.181349
1.178860
1.175202
1.170380
1.164403
1.157292
1.149073
1.139777
1.129446
1.118126
1.105869
1.092732
1.078779
1.064076
1.048695
1.032708
1.016192
0.999224
0.981881
0.964243
0.946385
0.928383
0.910308
0.892231
0.874216
0.856322
0.838603
0.821106
0.803871
0.786931
0.770310
0.754023
0.738078
0.722473
0.707197
0.692232
0.677551
0.663120
0.648898
0.634839
0.620896
0.607015
0.593147
0.579242
0.565260
0.551165
