1.033495
1.031471
1.027755
1.022675
1.016539
1.009626
1.002197
0.994488
0.986711
0.979062
0.971713
0.964818
0.958511
0.952909
0.948110
0.944196
0.941233
0.939271
0.938345
0.938477
0.939676
0.941935
0.945240
0.949563
0.954867
0.961104
0.968219
0.976149
0.984823
0.994163
1.004089
1.014512
1.025343
1.036487
1.047849
1.059330
1.070833
1.082259
1.093511
1.104494
1.115112
1.125275
1.134895
1.143889
1.152177
1.159685
1.166345
1.172093
1.176875
1.180640
1.183345
1.184955
1.185443
1.184787
1.182975
1.180001
1.175869
1.170587
1.164173
1.156652
1.148054
1.138418
1.127787
1.116211
1.103745
1.090449
1.076387
1.061626
1.046238
1.030293
1.013868
0.997037
0.979874
0.962455
0.944851
0.927134
0.909371
0.891625
0.873955
0.856415
0.839053
0.821911
0.805021
0.788412
0.772103
0.756104
0.740418
0.725040
0.709958
0.695149
0.680587
0.666237
0.652060
0.638011
0.624045
0.610115
0.596173
0.582178
0.568094
0.553893
