1.030121
1.029070
1.026293
1.022102
1.016785
1.010612
1.003830
0.996668
0.989334
0.982020
0.974899
0.968124
0.961834
0.956149
0.951175
0.946999
0.943697
0.941326
0.939933
0.939547
0.940188
0.941861
0.944561
0.948269
0.952959
0.958592
0.965122
0.972494
0.980644
0.989503
0.998994
1.009036
1.019542
1.030422
1.041582
1.052926
1.064357
1.075777
1.087087
1.098189
1.108986
1.119386
1.129295
1.138625
1.147293
1.155219
1.162329
1.168553
1.173829
1.178101
1.181321
1.183445
1.184440
1.184279
1.182944
1.180422
1.176713
1.171819
1.165755
1.158541
1.150205
1.140783
1.130316
1.118853
1.106449
1.093163
1.079061
1.064212
1.048687
1.032564
1.015920
0.998833
0.981384
0.963650
0.945712
0.927643
0.909519
0.891406
0.873372
0.855474
0.837767
0.820296
0.803101
0.786213
0.769656
0.753442
0.737577
0.722058
0.706871
0.691997
0.677405
0.663059
0.648916
0.634929
0.621046
0.607215
0.593383
0.579500
0.565524
0.551421
