1.035568
1.032599
1.027986
1.022076
1.015186
1.007612
0.999618
0.991447
0.983319
0.975427
0.967945
0.961025
0.954797
0.949374
0.944848
0.941295
0.938771
0.937318
0.936963
0.937718
0.939579
0.942534
0.946555
0.951606
0.957638
0.964595
0.972413
0.981020
0.990335
1.000276
1.010754
1.021674
1.032942
1.044458
1.056123
1.067837
1.079499
1.091009
1.102271
1.113187
1.123665
1.133616
1.142955
1.151600
1.159477
1.166516
1.172652
1.177829
1.181995
1.185107
1.187128
1.188029
1.187788
1.186391
1.183832
1.180111
1.175236
1.169224
1.162097
1.153884
1.144622
1.134352
1.123123
1.110988
1.098004
1.084235
1.069744
1.054602
1.038880
1.022650
1.005987
0.988963
0.971654
0.954131
0.936465
0.918723
0.900970
0.883266
0.865667
0.848222
0.830975
0.813964
0.797220
0.780765
0.764616
0.748780
0.733256
0.718038
0.703110
0.688449
0.674027
0.659808
0.645754
0.631821
0.617964
0.604137
0.590297
0.576403
0.562422
0.548330
