1.034878
1.033162
1.029728
1.024896
1.018966
1.012213
1.004891
0.997234
0.989454
0.981745
0.974280
0.967214
0.960685
0.954812
0.949698
0.945431
0.942080
0.939703
0.938338
0.938016
0.938748
0.940538
0.943375
0.947237
0.952093
0.957900
0.964609
0.972160
0.980487
0.989516
0.999168
1.009359
1.020001
1.031000
1.042262
1.053689
1.065183
1.076646
1.087978
1.099081
1.109860
1.120221
1.130072
1.139329
1.147906
1.155727
1.162719
1.168815
1.173955
1.178084
1.181157
1.183132
1.183979
1.183673
1.182196
1.179541
1.175707
1.170699
1.164534
1.157232
1.148825
1.139347
1.128842
1.117359
1.104953
1.091684
1.077617
1.062822
1.047369
1.031333
1.014792
0.997823
0.980504
0.962912
0.945125
0.927214
0.909253
0.891307
0.873439
0.855707
0.838162
0.820848
0.803802
0.787053
0.770623
0.754524
0.738761
0.723327
0.708211
0.693391
0.678836
0.664512
0.650377
0.636383
0.622480
0.608618
0.594746
0.580818
0.566792
0.552638
