1.034777
1.032537
1.028607
1.023318
1.016975
1.009860
1.002231
0.994323
0.986353
0.978514
0.970979
0.963902
0.957419
0.951646
0.946684
0.942613
0.939502
0.937401
0.936345
0.936358
0.937447
0.939609
0.942828
0.947077
0.952319
0.958508
0.965586
0.973492
0.982154
0.991495
1.001432
1.011878
1.022742
1.033928
1.045340
1.056880
1.068448
1.079945
1.091271
1.102331
1.113027
1.123269
1.132967
1.142036
1.150396
1.157970
1.164690
1.170491
1.175315
1.179114
1.181841
1.183463
1.183949
1.183279
1.181439
1.178424
1.174237
1.168886
1.162389
1.154772
1.146066
1.136308
1.125545
1.113826
1.101208
1.087753
1.073524
1.058592
1.043028
1.026907
1.010304
0.993297
0.975962
0.958376
0.940612
0.922744
0.904840
0.886965
0.869179
0.851538
0.834090
0.816878
0.799937
0.783293
0.766967
0.750969
0.735302
0.719960
0.704929
0.690186
0.675704
0.661444
0.647367
0.633426
0.619573
0.605758
0.591931
0.578049
0.564072
0.549972
