0.949593
0.961335
0.972907
0.984207
0.995150
1.005665
1.015695
1.025196
1.034135
1.042488
1.050242
1.057392
1.063940
1.069897
1.075276
1.080101
1.084394
1.088187
1.091511
1.094402
1.096896
1.099034
1.100853
1.102396
1.103703
1.104813
1.105766
1.106601
1.107353
1.108059
1.108750
1.109458
1.110210
1.111031
1.111942
1.112964
1.114109
1.115392
1.116819
1.118395
1.120120
1.121993
1.124005
1.126147
1.128404
1.130759
1.133190
1.135673
1.138180
1.140680
1.143141
1.145525
1.147794
1.149909
1.151826
1.153501
1.154891
1.155949
1.156628
1.156884
1.156670
1.155940
1.154651
1.152761
1.150228
1.147015
1.143086
1.138410
1.132956
1.126702
1.119627
1.111715
1.102956
1.093346
1.082884
1.071579
1.059443
1.046495
1.032761
1.018273
1.003070
0.987198
0.970707
0.953656
0.936106
0.918128
0.899794
0.881182
0.862372
0.843447
0.824493
0.805594
0.786833
0.768291
0.750046
0.732168
0.714717
0.697746
0.681293
0.665379
