0.932316
0.945957
0.959634
0.973195
0.986510
0.999467
1.011972
1.023949
1.035335
1.046083
1.056158
1.065534
1.074200
1.082152
1.089393
1.095936
1.101801
1.107010
1.111595
1.115588
1.119027
1.121953
1.124406
1.126432
1.128075
1.129381
1.130395
1.131162
1.131725
1.132128
1.132410
1.132612
1.132768
1.132912
1.133075
1.133285
1.133564
1.133933
1.134409
1.135005
1.135728
1.136583
1.137572
1.138690
1.139930
1.141281
1.142726
1.144247
1.145821
1.147422
1.149020
1.150581
1.152071
1.153452
1.154683
1.155722
1.156524
1.157045
1.157238
1.157057
1.156455
1.155385
1.153803
1.151664
1.148924
1.145544
1.141485
1.136713
1.131195
1.124904
1.117817
1.109915
1.101185
1.091619
1.081214
1.069975
1.057912
1.045041
1.031387
1.016979
1.001855
0.986059
0.969641
0.952658
0.935174
0.917257
0.898982
0.880425
0.861671
0.842803
0.823908
0.805072
0.786382
0.767920
0.749765
0.731989
0.714655
0.697816
0.681507
0.665752
