0.912898
0.928125
0.943541
0.959001
0.974374
0.989549
1.004425
1.018918
1.032953
1.046469
1.059415
1.071748
1.083437
1.094457
1.104792
1.114432
1.123375
1.131624
1.139186
1.146075
1.152309
1.157909
1.162900
1.167310
1.171169
1.174510
1.177367
1.179775
1.181771
1.183392
1.184675
1.185657
1.186374
1.186863
1.187157
1.187290
1.187292
1.187194
1.187022
1.186800
1.186551
1.186293
1.186042
1.185811
1.185608
1.185440
1.185308
1.185211
1.185144
1.185097
1.185059
1.185013
1.184940
1.184818
1.184620
1.184318
1.183879
1.183271
1.182456
1.181396
1.180052
1.178382
1.176344
1.173897
1.170999
1.167606
1.163680
1.159180
1.154070
1.148315
1.141883
1.134746
1.126880
1.118266
1.108887
1.098736
1.087810
1.076110
1.063646
1.050435
1.036500
1.021872
1.006588
0.990694
0.974242
0.957291
0.939907
0.922161
0.904130
0.885897
0.867545
0.849162
0.830836
0.812654
0.794702
0.777059
0.759796
0.742977
0.726652
0.710851
