0.952605
0.965638
0.978558
0.991231
1.003542
1.015392
1.026702
1.037406
1.047453
1.056805
1.065438
1.073335
1.080493
1.086915
1.092614
1.097610
1.101927
1.105598
1.108659
1.111148
1.113110
1.114591
1.115638
1.116300
1.116627
1.116669
1.116477
1.116097
1.115579
1.114968
1.114308
1.113641
1.113004
1.112433
1.111961
1.111616
1.111421
1.111399
1.111566
1.111933
1.112508
1.113295
1.114293
1.115496
1.116894
1.118473
1.120215
1.122096
1.124092
1.126170
1.128298
1.130438
1.132550
1.134591
1.136516
1.138278
1.139827
1.141114
1.142086
1.142693
1.142883
1.142604
1.141806
1.140439
1.138458
1.135817
1.132474
1.128390
1.123531
1.117865
1.111368
1.104017
1.095797
1.086700
1.076721
1.065865
1.054140
1.041564
1.028162
1.013963
0.999008
0.983341
0.967015
0.950090
0.932632
0.914712
0.896408
0.877802
0.858979
0.840027
0.821039
0.802103
0.783310
0.764746
0.746494
0.728630
0.711219
0.694316
0.677961
0.662177
