0.917836
0.933205
0.948796
0.964409
0.979868
0.995018
1.009730
1.023894
1.037416
1.050224
1.062260
1.073479
1.083854
1.093366
1.102010
1.109790
1.116719
1.122819
1.128119
1.132653
1.136461
1.139588
1.142082
1.143993
1.145376
1.146285
1.146775
1.146902
1.146721
1.146286
1.145651
1.144865
1.143977
1.143033
1.142076
1.141144
1.140273
1.139493
1.138833
1.138314
1.137954
1.137766
1.137759
1.137937
1.138298
1.138836
1.139541
1.140397
1.141384
1.142477
1.143650
1.144869
1.146098
1.147299
1.148429
1.149444
1.150296
1.150936
1.151314
1.151378
1.151077
1.150359
1.149171
1.147464
1.145189
1.142297
1.138745
1.134491
1.129497
1.123729
1.117157
1.109758
1.101512
1.092406
1.082433
1.071594
1.059894
1.047349
1.033978
1.019812
1.004885
0.989242
0.972934
0.956018
0.938561
0.920632
0.902310
0.883677
0.864818
0.845824
0.826785
0.807796
0.788946
0.770325
0.752017
0.734099
0.716641
0.699698
0.683312
0.667506
