0.934000
0.947698
0.961273
0.974606
0.987594
1.000152
1.012207
1.023705
1.034600
1.044860
1.054465
1.063403
1.071671
1.079272
1.086221
1.092533
1.098233
1.103348
1.107910
1.111954
1.115518
1.118641
1.121363
1.123728
1.125776
1.127551
1.129092
1.130442
1.131640
1.132721
1.133724
1.134679
1.135619
1.136570
1.137557
1.138602
1.139722
1.140933
1.142244
1.143663
1.145193
1.146834
1.148582
1.150427
1.152359
1.154362
1.156416
1.158501
1.160589
1.162652
1.164659
1.166575
1.168364
1.169988
1.171404
1.172572
1.173449
1.173989
1.174150
1.173885
1.173151
1.171904
1.170101
1.167701
1.164666
1.160958
1.156543
1.151391
1.145473
1.138768
1.131254
1.122919
1.113753
1.103752
1.092918
1.081258
1.068785
1.055520
1.041489
1.026725
1.011265
0.995156
0.978449
0.961202
0.943476
0.925340
0.906867
0.888133
0.869217
0.850203
0.831173
0.812210
0.793396
0.774812
0.756531
0.738621
0.721144
0.704147
0.687667
0.671723
