0.948709
0.959722
0.970758
0.981678
0.992365
1.002721
1.012665
1.022132
1.031074
1.039454
1.047249
1.054445
1.061041
1.067044
1.072466
1.077331
1.081664
1.085498
1.088870
1.091818
1.094385
1.096615
1.098553
1.100244
1.101733
1.103066
1.104285
1.105433
1.106548
1.107669
1.108828
1.110058
1.111386
1.112835
1.114426
1.116175
1.118094
1.120190
1.122467
1.124923
1.127555
1.130353
1.133302
1.136386
1.139583
1.142869
1.146215
1.149588
1.152955
1.156278
1.159516
1.162628
1.165570
1.168296
1.170759
1.172914
1.174711
1.176103
1.177043
1.177485
1.177383
1.176694
1.175378
1.173393
1.170706
1.167282
1.163092
1.158111
1.152317
1.145694
1.138231
1.129920
1.120760
1.110755
1.099916
1.088258
1.075803
1.062578
1.048616
1.033958
1.018647
1.002733
0.986273
0.969325
0.951956
0.934232
0.916226
0.898010
0.879662
0.861257
0.842872
0.824582
0.806459
0.788572
0.770984
0.753751
0.736920
0.720528
0.704598
0.689140
