0.972727
0.983741
0.992911
1.000334
1.006119
1.010381
1.013242
1.014830
1.015278
1.014720
1.013290
1.011125
1.008357
1.005119
1.001536
0.997731
0.993819
0.989908
0.986099
0.982483
0.979143
0.976151
0.973570
0.971451
0.969837
0.968758
0.968234
0.968276
0.968883
0.970047
0.971747
0.973958
0.976643
0.979761
0.983263
0.987094
0.991198
0.995510
0.999966
1.004499
1.009042
1.013528
1.017892
1.022070
1.026002
1.029632
1.032909
1.035789
1.038232
1.040208
1.041693
1.042672
1.043139
1.043096
1.042556
1.041540
1.040078
1.038209
1.035983
1.033456
1.030693
1.027765
1.024750
1.021733
1.018802
1.016048
1.013564
1.011446
1.009787
1.008678
1.008207
1.008455
1.009499
1.011404
1.014226
1.018008
1.022780
1.028557
1.035335
1.043093
1.051792
1.061369
1.071743
1.082809
1.094441
1.106491
1.118787
1.131139
1.143337
1.155153
1.166344
1.176655
1.185823
1.193581
1.199665
1.203819
1.205801
1.205394
1.202414
1.196720
