0.903182
0.903392
0.904415
0.906233
0.908817
0.912128
0.916117
0.920726
0.925889
0.931533
0.937580
0.943948
0.950549
0.957298
0.964106
0.970885
0.977551
0.984022
0.990219
0.996072
1.001513
1.006484
1.010934
1.014819
1.018106
1.020769
1.022794
1.024174
1.024914
1.025025
1.024532
1.023464
1.021862
1.019772
1.017250
1.014356
1.011159
1.007729
1.004142
1.000477
0.996814
0.993236
0.989823
0.986655
0.983811
0.981365
0.979387
0.977941
0.977087
0.976874
0.977346
0.978538
0.980473
0.983166
0.986621
0.990830
0.995775
1.001425
1.007739
1.014664
1.022136
1.030080
1.038409
1.047030
1.055839
1.064723
1.073564
1.082237
1.090613
1.098561
1.105946
1.112635
1.118497
1.123403
1.127231
1.129864
1.131196
1.131131
1.129587
1.126494
1.121801
1.115472
1.107491
1.097865
1.086618
1.073799
1.059479
1.043751
1.026731
1.008557
0.989386
0.969395
0.948775
0.927733
0.906484
0.885246
0.864239
0.843672
0.823741
0.804619
