0.888041
0.896133
0.905164
0.914923
0.925214
0.935855
0.946682
0.957543
0.968301
0.978831
0.989023
0.998777
1.008007
1.016639
1.024608
1.031862
1.038362
1.044075
1.048982
1.053073
1.056348
1.058814
1.060490
1.061401
1.061581
1.061071
1.059919
1.058179
1.055909
1.053175
1.050044
1.046588
1.042883
1.039004
1.035030
1.031038
1.027105
1.023309
1.019725
1.016423
1.013473
1.010938
1.008878
1.007347
1.006393
1.006055
1.006368
1.007358
1.009041
1.011428
1.014517
1.018301
1.022760
1.027869
1.033589
1.039876
1.046674
1.053922
1.061547
1.069470
1.077606
1.085860
1.094136
1.102330
1.110333
1.118037
1.125328
1.132093
1.138221
1.143599
1.148120
1.151680
1.154181
1.155532
1.155650
1.154463
1.151906
1.147932
1.142504
1.135599
1.127211
1.117350
1.106042
1.093333
1.079284
1.063974
1.047501
1.029980
1.011540
0.992327
0.972498
0.952224
0.931681
0.911052
0.890521
0.870268
0.850465
0.831271
0.812824
0.795231
