1.018440
1.015576
1.011286
1.005965
0.999965
0.993596
0.987130
0.980798
0.974799
0.969296
0.964422
0.960281
0.956950
0.954482
0.952906
0.952232
0.952451
0.953539
0.955456
0.958151
0.961561
0.965616
0.970238
0.975344
0.980846
0.986657
0.992685
0.998842
1.005038
1.011190
1.017214
1.023036
1.028582
1.033790
1.038599
1.042960
1.046830
1.050175
1.052967
1.055191
1.056836
1.057903
1.058401
1.058346
1.057763
1.056684
1.055151
1.053208
1.050910
1.048314
1.045485
1.042490
1.039400
1.036289
1.033233
1.030307
1.027588
1.025152
1.023071
1.021417
1.020256
1.019650
1.019655
1.020323
1.021694
1.023803
1.026676
1.030328
1.034765
1.039981
1.045960
1.052671
1.060075
1.068119
1.076736
1.085848
1.095366
1.105187
1.115197
1.125272
1.135277
1.145069
1.154496
1.163400
1.171618
1.178984
1.185329
1.190487
1.194295
1.196597
1.197244
1.196101
1.193050
1.187991
1.180850
1.171579
1.160167
1.146638
1.131063
1.113560
