0.863117
0.870553
0.878570
0.887042
0.895849
0.904880
0.914031
0.923202
0.932303
0.941247
0.949952
0.958346
0.966360
0.973932
0.981007
0.987537
0.993480
0.998801
1.003474
1.007479
1.010804
1.013446
1.015408
1.016700
1.017342
1.017360
1.016786
1.015661
1.014031
1.011949
1.009471
1.006661
1.003587
1.000318
0.996928
0.993494
0.990093
0.986802
0.983700
0.980863
0.978367
0.976283
0.974680
0.973622
0.973168
0.973371
0.974277
0.975926
0.978348
0.981564
0.985590
0.990427
0.996070
1.002502
1.009697
1.017618
1.026217
1.035437
1.045211
1.055460
1.066100
1.077035
1.088164
1.099375
1.110554
1.121580
1.132328
1.142671
1.152479
1.161624
1.169978
1.177416
1.183818
1.189070
1.193065
1.195707
1.196907
1.196594
1.194706
1.191200
1.186047
1.179238
1.170782
1.160706
1.149061
1.135915
1.121360
1.105505
1.088481
1.070437
1.051537
1.031963
1.011906
0.991568
0.971153
0.950867
0.930908
0.911465
0.892704
0.874764
