0.964924
0.959017
0.953417
0.948296
0.943796
0.940026
0.937069
0.934978
0.933786
0.933501
0.934111
0.935587
0.937885
0.940947
0.944705
0.949080
0.953989
0.959341
0.965043
0.971003
0.977127
0.983322
0.989502
0.995581
1.001481
1.007131
1.012467
1.017433
1.021980
1.026072
1.029677
1.032778
1.035364
1.037434
1.038997
1.040069
1.040677
1.040854
1.040640
1.040082
1.039233
1.038151
1.036897
1.035536
1.034134
1.032759
1.031479
1.030360
1.029468
1.028865
1.028609
1.028754
1.029348
1.030431
1.032040
1.034201
1.036932
1.040242
1.044134
1.048597
1.053613
1.059154
1.065181
1.071647
1.078495
1.085660
1.093067
1.100635
1.108276
1.115894
1.123390
1.130662
1.137601
1.144102
1.150056
1.155356
1.159900
1.163587
1.166325
1.168028
1.168619
1.168031
1.166210
1.163115
1.158720
1.153012
1.146000
1.137704
1.128166
1.117445
1.105617
1.092776
1.079034
1.064516
1.049361
1.033720
1.017749
1.001613
0.985471
0.969482
