0.995012
0.994087
0.992293
0.989842
0.986923
0.983705
0.980338
0.976951
0.973658
0.970556
0.967725
0.965232
0.963129
0.961458
0.960245
0.959510
0.959260
0.959494
0.960205
0.961375
0.962983
0.965002
0.967399
0.970140
0.973185
0.976492
0.980020
0.983725
0.987561
0.991486
0.995456
0.999428
1.003364
1.007224
1.010973
1.014578
1.018010
1.021243
1.024254
1.027025
1.029541
1.031793
1.033773
1.035481
1.036917
1.038088
1.039005
1.039681
1.040133
1.040384
1.040456
1.040377
1.040175
1.039884
1.039535
1.039163
1.038804
1.038493
1.038267
1.038160
1.038206
1.038439
1.038887
1.039579
1.040539
1.041788
1.043343
1.045214
1.047409
1.049928
1.052766
1.055912
1.059347
1.063046
1.066977
1.071098
1.075364
1.079719
1.084101
1.088440
1.092660
1.096679
1.100407
1.103751
1.106611
1.108887
1.110473
1.111265
1.111156
1.110044
1.107830
1.104421
1.099731
1.093688
1.086232
1.077320
1.066929
1.055061
1.041746
1.027047
