0.997671
0.999172
0.999402
0.998584
0.996921
0.994600
0.991789
0.988641
0.985293
0.981867
0.978470
0.975197
0.972127
0.969330
0.966862
0.964767
0.963082
0.961832
0.961031
0.960689
0.960804
0.961368
0.962368
0.963783
0.965588
0.967753
0.970245
0.973025
0.976055
0.979292
0.982693
0.986215
0.989812
0.993441
0.997058
1.000623
1.004095
1.007436
1.010613
1.013592
1.016348
1.018854
1.021091
1.023043
1.024699
1.026053
1.027101
1.027848
1.028301
1.028473
1.028380
1.028043
1.027490
1.026748
1.025852
1.024838
1.023744
1.022614
1.021489
1.020414
1.019435
1.018597
1.017945
1.017520
1.017365
1.017517
1.018010
1.018875
1.020137
1.021813
1.023917
1.026452
1.029416
1.032796
1.036572
1.040711
1.045173
1.049905
1.054846
1.059922
1.065049
1.070132
1.075067
1.079740
1.084027
1.087799
1.090917
1.093241
1.094626
1.094926
1.093998
1.091704
1.087912
1.082503
1.075376
1.066449
1.055665
1.043001
1.028471
1.012136
