0.998526
1.001207
1.002379
1.002275
1.001113
0.999091
0.996394
0.993188
0.989628
0.985852
0.981984
0.978135
0.974404
0.970876
0.967623
0.964707
0.962179
0.960077
0.958432
0.957262
0.956580
0.956388
0.956679
0.957442
0.958658
0.960302
0.962343
0.964746
0.967473
0.970482
0.973727
0.977163
0.980742
0.984414
0.988132
0.991848
0.995514
0.999088
1.002525
1.005787
1.008837
1.011643
1.014178
1.016416
1.018340
1.019935
1.021194
1.022114
1.022697
1.022952
1.022891
1.022536
1.021909
1.021041
1.019965
1.018720
1.017349
1.015897
1.014414
1.012950
1.011558
1.010292
1.009206
1.008352
1.007782
1.007545
1.007687
1.008250
1.009270
1.010777
1.012794
1.015337
1.018412
1.022015
1.026134
1.030743
1.035806
1.041275
1.047086
1.053168
1.059431
1.065777
1.072092
1.078253
1.084122
1.089554
1.094395
1.098481
1.101645
1.103718
1.104530
1.103914
1.101711
1.097774
1.091971
1.084193
1.074359
1.062423
1.048381
1.032279
