0.976986
0.980676
0.983000
0.984180
0.984423
0.983914
0.982824
0.981305
0.979494
0.977511
0.975462
0.973439
0.971518
0.969766
0.968236
0.966968
0.965996
0.965341
0.965015
0.965025
0.965367
0.966035
0.967013
0.968282
0.969820
0.971601
0.973594
0.975770
0.978094
0.980534
0.983057
0.985628
0.988216
0.990789
0.993319
0.995777
0.998139
1.000384
1.002492
1.004447
1.006238
1.007855
1.009295
1.010555
1.011637
1.012549
1.013300
1.013901
1.014371
1.014728
1.014995
1.015195
1.015356
1.015506
1.015675
1.015894
1.016196
1.016611
1.017170
1.017906
1.018845
1.020017
1.021445
1.023152
1.025155
1.027471
1.030107
1.033071
1.036361
1.039972
1.043890
1.048099
1.052571
1.057275
1.062170
1.067209
1.072338
1.077495
1.082610
1.087608
1.092405
1.096914
1.101040
1.104683
1.107741
1.110108
1.111676
1.112338
1.111986
1.110517
1.107832
1.103840
1.098458
1.091617
1.083263
1.073358
1.061888
1.048864
1.034327
1.018351
