0.996326
1.000754
1.003389
1.004486
1.004280
1.002994
1.000832
0.997981
0.994617
0.990895
0.986959
0.982939
0.978947
0.975086
0.971444
0.968094
0.965102
0.962517
0.960380
0.958720
0.957558
0.956903
0.956757
0.957113
0.957957
0.959268
0.961019
0.963177
0.965706
0.968564
0.971707
0.975088
0.978660
0.982371
0.986173
0.990014
0.993847
0.997623
1.001297
1.004827
1.008173
1.011299
1.014173
1.016768
1.019062
1.021037
1.022681
1.023987
1.024956
1.025591
1.025903
1.025908
1.025628
1.025090
1.024324
1.023368
1.022262
1.021050
1.019779
1.018499
1.017263
1.016122
1.015130
1.014340
1.013804
1.013572
1.013689
1.014199
1.015139
1.016542
1.018431
1.020824
1.023731
1.027150
1.031071
1.035471
1.040318
1.045566
1.051157
1.057021
1.063073
1.069219
1.075348
1.081341
1.087065
1.092378
1.097128
1.101156
1.104300
1.106391
1.107262
1.106749
1.104695
1.100954
1.095393
1.087904
1.078405
1.066846
1.053220
1.037569
