0.991178
0.993014
0.993548
0.993009
0.991605
0.989527
0.986947
0.984022
0.980890
0.977674
0.974484
0.971413
0.968541
0.965937
0.963657
0.961744
0.960232
0.959145
0.958497
0.958294
0.958535
0.959209
0.960301
0.961791
0.963651
0.965852
0.968359
0.971135
0.974141
0.977334
0.980674
0.984117
0.987621
0.991144
0.994644
0.998083
1.001424
1.004633
1.007677
1.010528
1.013162
1.015559
1.017700
1.019575
1.021175
1.022497
1.023541
1.024314
1.024826
1.025091
1.025128
1.024960
1.024614
1.024119
1.023510
1.022821
1.022092
1.021361
1.020672
1.020065
1.019582
1.019267
1.019158
1.019294
1.019713
1.020446
1.021522
1.022967
1.024798
1.027029
1.029667
1.032709
1.036148
1.039964
1.044134
1.048619
1.053376
1.058348
1.063471
1.068669
1.073857
1.078941
1.083816
1.088369
1.092482
1.096028
1.098874
1.100886
1.101926
1.101856
1.100543
1.097858
1.093681
1.087903
1.080434
1.071202
1.060163
1.047302
1.032641
1.016249
