0.992816
0.996783
0.999208
1.000321
1.000336
0.999452
0.997851
0.995701
0.993155
0.990352
0.987417
0.984462
0.981585
0.978872
0.976397
0.974222
0.972399
0.970967
0.969957
0.969390
0.969277
0.969621
0.970418
0.971657
0.973318
0.975378
0.977807
0.980571
0.983633
0.986951
0.990482
0.994179
0.997997
1.001887
1.005802
1.009696
1.013522
1.017237
1.020798
1.024168
1.027310
1.030193
1.032789
1.035073
1.037028
1.038639
1.039898
1.040800
1.041348
1.041548
1.041413
1.040961
1.040212
1.039196
1.037944
1.036491
1.034877
1.033146
1.031343
1.029516
1.027714
1.025989
1.024391
1.022970
1.021774
1.020851
1.020245
1.019994
1.020135
1.020696
1.021701
1.023165
1.025097
1.027496
1.030351
1.033641
1.037335
1.041390
1.045753
1.050357
1.055126
1.059969
1.064787
1.069466
1.073886
1.077915
1.081414
1.084236
1.086231
1.087246
1.087127
1.085725
1.082895
1.078504
1.072434
1.064585
1.054883
1.043286
1.029789
1.014432
