1.014155
1.012576
1.009532
1.005369
1.000395
0.994885
0.989082
0.983198
0.977414
0.971885
0.966742
0.962088
0.958007
0.954562
0.951796
0.949735
0.948390
0.947758
0.947822
0.948557
0.949924
0.951881
0.954375
0.957350
0.960745
0.964495
0.968534
0.972795
0.977212
0.981718
0.986250
0.990745
0.995145
0.999397
1.003449
1.007259
1.010785
1.013995
1.016860
1.019360
1.021478
1.023207
1.024544
1.025492
1.026063
1.026271
1.026138
1.025692
1.024965
1.023994
1.022818
1.021483
1.020035
1.018526
1.017005
1.015527
1.014144
1.012909
1.011874
1.011090
1.010604
1.010461
1.010701
1.011362
1.012473
1.014059
1.016139
1.018723
1.021815
1.025409
1.029491
1.034039
1.039019
1.044390
1.050098
1.056084
1.062273
1.068587
1.074932
1.081212
1.087317
1.093133
1.098538
1.103405
1.107603
1.110997
1.113454
1.114837
1.115017
1.113866
1.111267
1.107112
1.101308
1.093778
1.084467
1.073345
1.060411
1.045697
1.029275
1.011264
