0.998993
1.003087
1.005323
1.005979
1.005312
1.003562
1.000949
0.997675
0.993923
0.989862
0.985640
0.981392
0.977236
0.973275
0.969598
0.966278
0.963377
0.960943
0.959012
0.957609
0.956747
0.956432
0.956657
0.957409
0.958666
0.960400
0.962576
0.965156
0.968093
0.971341
0.974848
0.978560
0.982424
0.986385
0.990386
0.994374
0.998296
1.002102
1.005743
1.009176
1.012360
1.015259
1.017841
1.020081
1.021958
1.023457
1.024571
1.025296
1.025636
1.025602
1.025210
1.024481
1.023445
1.022136
1.020591
1.018855
1.016977
1.015008
1.013003
1.011020
1.009119
1.007360
1.005803
1.004508
1.003533
1.002933
1.002760
1.003061
1.003877
1.005243
1.007186
1.009723
1.012863
1.016606
1.020937
1.025831
1.031250
1.037145
1.043448
1.050083
1.056957
1.063964
1.070982
1.077881
1.084514
1.090727
1.096354
1.101221
1.105150
1.107959
1.109466
1.109494
1.107872
1.104440
1.099056
1.091604
1.081991
1.070167
1.056122
1.039900
