0.994480
0.999023
1.001838
1.003160
1.003212
1.002200
1.000316
0.997740
0.994636
0.991155
0.987434
0.983599
0.979761
0.976019
0.972462
0.969164
0.966189
0.963592
0.961413
0.959686
0.958433
0.957667
0.957394
0.957609
0.958304
0.959459
0.961052
0.963054
0.965429
0.968140
0.971145
0.974398
0.977855
0.981465
0.985179
0.988950
0.992727
0.996463
1.000112
1.003630
1.006978
1.010117
1.013014
1.015640
1.017970
1.019985
1.021670
1.023017
1.024021
1.024685
1.025018
1.025032
1.024748
1.024189
1.023386
1.022372
1.021187
1.019875
1.018480
1.017052
1.015644
1.014307
1.013096
1.012063
1.011263
1.010746
1.010560
1.010750
1.011356
1.012412
1.013946
1.015979
1.018522
1.021578
1.025140
1.029188
1.033693
1.038613
1.043893
1.049465
1.055247
1.061146
1.067055
1.072854
1.078411
1.083585
1.088224
1.092168
1.095251
1.097305
1.098157
1.097642
1.095597
1.091871
1.086327
1.078850
1.069351
1.057776
1.044111
1.028392
