0.994288
0.998490
1.000756
1.001386
1.000658
0.998829
0.996133
0.992783
0.988972
0.984872
0.980639
0.976409
0.972299
0.968412
0.964834
0.961637
0.958876
0.956597
0.954831
0.953596
0.952902
0.952749
0.953126
0.954016
0.955393
0.957227
0.959480
0.962112
0.965077
0.968328
0.971814
0.975485
0.979287
0.983169
0.987081
0.990972
0.994794
0.998504
1.002058
1.005419
1.008553
1.011429
1.014022
1.016313
1.018287
1.019933
1.021249
1.022235
1.022899
1.023252
1.023312
1.023102
1.022649
1.021984
1.021144
1.020168
1.019098
1.017979
1.016860
1.015786
1.014809
1.013977
1.013339
1.012940
1.012825
1.013036
1.013610
1.014578
1.015968
1.017800
1.020087
1.022834
1.026037
1.029684
1.033753
1.038210
1.043012
1.048103
1.053418
1.058880
1.064400
1.069879
1.075208
1.080266
1.084926
1.089052
1.092501
1.095126
1.096778
1.097307
1.096565
1.094409
1.090707
1.085337
1.078195
1.069200
1.058298
1.045466
1.030723
1.014134
