0.965073
0.958071
0.951473
0.945468
0.940209
0.935816
0.932374
0.929939
0.928538
0.928174
0.928826
0.930455
0.933003
0.936398
0.940554
0.945378
0.950766
0.956613
0.962807
0.969237
0.975792
0.982365
0.988852
0.995155
1.001183
1.006852
1.012090
1.016831
1.021022
1.024621
1.027596
1.029927
1.031605
1.032632
1.033023
1.032801
1.032001
1.030666
1.028849
1.026609
1.024014
1.021138
1.018058
1.014855
1.011615
1.008423
1.005365
1.002528
0.999994
0.997844
0.996153
0.994992
0.994425
0.994509
0.995291
0.996811
0.999098
1.002171
1.006038
1.010694
1.016125
1.022303
1.029190
1.036734
1.044874
1.053536
1.062636
1.072082
1.081769
1.091588
1.101422
1.111145
1.120632
1.129751
1.138371
1.146359
1.153586
1.159925
1.165257
1.169469
1.172455
1.174125
1.174398
1.173208
1.170508
1.166265
1.160466
1.153120
1.144255
1.133920
1.122188
1.109150
1.094921
1.079635
1.063443
1.046514
1.029029
1.011179
0.993162
0.975174
