1.103127
1.109241
1.114659
1.119544
1.124036
1.128260
1.132320
1.136303
1.140282
1.144311
1.148432
1.152672
1.157046
1.161557
1.166201
1.170959
1.175810
1.180720
1.185652
1.190564
1.195408
1.200134
1.204689
1.209019
1.213066
1.216777
1.220096
1.222968
1.225342
1.227168
1.228399
1.228991
1.228904
1.228101
1.226552
1.224228
1.221107
1.217171
1.212406
1.206805
1.200365
1.193086
1.184975
1.176042
1.166304
1.155779
1.144492
1.132469
1.119741
1.106343
1.092310
1.077683
1.062503
1.046813
1.030658
1.014085
0.997139
0.979867
0.962318
0.944537
0.926570
0.908462
0.890258
0.871999
0.853726
0.835477
0.817287
0.799190
0.781216
0.763394
0.745749
0.728302
0.711072
0.694076
0.677327
0.660834
0.644606
0.628646
0.612957
0.597538
0.582389
0.567503
0.552877
0.538502
0.524372
0.510477
0.496809
0.483359
0.470120
0.457082
0.444241
0.431590
0.419127
0.406849
0.394758
0.382856
0.371149
0.359644
0.348352
0.337285
