1.162173
1.172647
1.181935
1.190215
1.197646
1.204372
1.210522
1.216208
1.221532
1.226580
1.231426
1.236134
1.240754
1.245329
1.249891
1.254463
1.259059
1.263688
1.268350
1.273039
1.277743
1.282446
1.287127
1.291760
1.296318
1.300767
1.305076
1.309207
1.313124
1.316788
1.320160
1.323201
1.325873
1.328136
1.329954
1.331291
1.332111
1.332382
1.332074
1.331157
1.329607
1.327398
1.324513
1.320932
1.316641
1.311630
1.305891
1.299418
1.292212
1.284274
1.275609
1.266227
1.256139
1.245360
1.233909
1.221807
1.209077
1.195745
1.181840
1.167394
1.152438
1.137008
1.121140
1.104871
1.088240
1.071286
1.054049
1.036569
1.018884
1.001036
0.983062
0.965001
0.946889
0.928761
0.910651
0.892589
0.874605
0.856727
0.838977
0.821377
0.803945
0.786697
0.769645
0.752797
0.736160
0.719735
0.703523
0.687520
0.671721
0.656116
0.640695
0.625446
0.610356
0.595410
0.580595
0.565898
0.551306
0.536812
0.522410
0.508098
