1.021083
1.020557
1.019347
1.017701
1.015840
1.013960
1.012227
1.010782
1.009746
1.009212
1.009256
1.009931
1.011272
1.013299
1.016013
1.019402
1.023441
1.028092
1.033310
1.039037
1.045209
1.051755
1.058601
1.065665
1.072864
1.080114
1.087328
1.094421
1.101306
1.107901
1.114123
1.119895
1.125142
1.129795
1.133786
1.137057
1.139553
1.141225
1.142030
1.141932
1.140901
1.138913
1.135952
1.132008
1.127075
1.121158
1.114264
1.106407
1.097607
1.087889
1.077284
1.065827
1.053556
1.040514
1.026748
1.012308
0.997244
0.981611
0.965464
0.948861
0.931858
0.914513
0.896884
0.879026
0.860997
0.842849
0.824635
0.806405
0.788206
0.770083
0.752078
0.734227
0.716565
0.699123
0.681928
0.665002
0.648363
0.632027
0.616005
0.600302
0.584922
0.569866
0.555128
0.540702
0.526579
0.512747
0.499192
0.485898
0.472850
0.460029
0.447419
0.435003
0.422766
0.410693
0.398774
0.386999
0.375363
0.363865
0.352508
0.341301
