1.087530
1.094034
1.100400
1.106701
1.112996
1.119333
1.125748
1.132265
1.138897
1.145650
1.152516
1.159482
1.166525
1.173616
1.180720
1.187797
1.194800
1.201680
1.208387
1.214864
1.221058
1.226911
1.232367
1.237370
1.241867
1.245804
1.249131
1.251802
1.253771
1.255000
1.255451
1.255093
1.253899
1.251844
1.248913
1.245091
1.240371
1.234750
1.228231
1.220819
1.212528
1.203372
1.193373
1.182555
1.170948
1.158582
1.145495
1.131724
1.117310
1.102297
1.086730
1.070656
1.054122
1.037178
1.019871
1.002252
0.984369
0.966269
0.948000
0.929607
0.911133
0.892621
0.874110
0.855636
0.837236
0.818939
0.800776
0.782771
0.764948
0.747326
0.729922
0.712748
0.695816
0.679134
0.662705
0.646532
0.630616
0.614954
0.599543
0.584378
0.569453
0.554759
0.540291
0.526039
0.511997
0.498158
0.484515
0.471065
0.457803
0.444730
0.431844
0.419151
0.406654
0.394361
0.382282
0.370430
0.358816
0.347458
0.336370
0.325570
