1.181054
1.189914
1.197390
1.203699
1.209039
1.213587
1.217498
1.220909
1.223939
1.226690
1.229245
1.231674
1.234032
1.236360
1.238687
1.241032
1.243400
1.245792
1.248196
1.250595
1.252965
1.255278
1.257500
1.259594
1.261519
1.263234
1.264696
1.265859
1.266681
1.267118
1.267128
1.266670
1.265706
1.264200
1.262120
1.259435
1.256118
1.252148
1.247506
1.242176
1.236148
1.229414
1.221973
1.213825
1.204975
1.195433
1.185212
1.174328
1.162799
1.150651
1.137907
1.124597
1.110751
1.096402
1.081584
1.066335
1.050691
1.034690
1.018372
1.001775
0.984939
0.967901
0.950701
0.933375
0.915960
0.898490
0.880998
0.863516
0.846072
0.828695
0.811409
0.794236
0.777197
0.760309
0.743588
0.727045
0.710692
0.694537
0.678584
0.662837
0.647298
0.631967
0.616841
0.601917
0.587191
0.572658
0.558312
0.544147
0.530157
0.516336
0.502680
0.489185
0.475848
0.462669
0.449648
0.436789
0.424096
0.411579
0.399247
0.387113
