0.898380
0.908680
0.919481
0.930494
0.941470
0.952195
0.962490
0.972207
0.981231
0.989473
0.996869
1.003383
1.008995
1.013709
1.017545
1.020537
1.022735
1.024198
1.024996
1.025207
1.024915
1.024206
1.023173
1.021908
1.020503
1.019049
1.017637
1.016351
1.015273
1.014480
1.014042
1.014022
1.014478
1.015459
1.017007
1.019154
1.021926
1.025340
1.029404
1.034118
1.039475
1.045459
1.052047
1.059209
1.066907
1.075100
1.083740
1.092771
1.102137
1.111776
1.121624
1.131614
1.141677
1.151744
1.161746
1.171614
1.181279
1.190677
1.199745
1.208422
1.216653
1.224387
1.231577
1.238183
1.244169
1.249507
1.254174
1.258156
1.261444
1.264036
1.265939
1.267164
1.267732
1.267668
1.267005
1.265781
1.264039
1.261827
1.259198
1.256206
1.252910
1.249368
1.245641
1.241786
1.237862
1.233921
1.230013
1.226181
1.222461
1.218880
1.215455
1.212191
1.209078
1.206092
1.203194
1.200323
1.197401
1.194327
1.190977
1.187205
