0.969420
0.973099
0.976528
0.979797
0.982985
0.986165
0.989404
0.992760
0.996284
1.000023
1.004015
1.008293
1.012884
1.017810
1.023085
1.028722
1.034727
1.041101
1.047842
1.054945
1.062400
1.070193
1.078309
1.086729
1.095431
1.104394
1.113590
1.122994
1.132575
1.142305
1.152151
1.162083
1.172066
1.182068
1.192054
1.201991
1.211844
1.221577
1.231159
1.240553
1.249726
1.258645
1.267277
1.275590
1.283551
1.291130
1.298297
1.305022
1.311278
1.317035
1.322268
1.326952
1.331062
1.334576
1.337470
1.339725
1.341322
1.342242
1.342468
1.341987
1.340785
1.338849
1.336171
1.332740
1.328552
1.323601
1.317884
1.311401
1.304154
1.296145
1.287382
1.277871
1.267623
1.256652
1.244973
1.232603
1.219564
1.205877
1.191569
1.176669
1.161205
1.145213
1.128727
1.111786
1.094429
1.076699
1.058640
1.040298
1.021719
1.002951
0.984044
0.965045
0.946004
0.926967
0.907980
0.889087
0.870329
0.851741
0.833355
0.815196
