1.074416
1.086458
1.097957
1.108964
1.119525
1.129677
1.139448
1.148862
1.157932
1.166667
1.175069
1.183136
1.190859
1.198227
1.205221
1.211824
1.218013
1.223762
1.229047
1.233839
1.238111
1.241835
1.244981
1.247524
1.249437
1.250695
1.251275
1.251157
1.250321
1.248751
1.246435
1.243362
1.239524
1.234918
1.229542
1.223399
1.216495
1.208838
1.200439
1.191315
1.181483
1.170963
1.159780
1.147959
1.135529
1.122519
1.108962
1.094891
1.080343
1.065353
1.049958
1.034197
1.018107
1.001727
0.985094
0.968247
0.951222
0.934056
0.916784
0.899438
0.882053
0.864658
0.847282
0.829952
0.812692
0.795526
0.778474
0.761555
0.744783
0.728174
0.711738
0.695486
0.679424
0.663559
0.647893
0.632430
0.617169
0.602111
0.587253
0.572594
0.558129
0.543856
0.529771
0.515872
0.502154
0.488617
0.475258
0.462078
0.449077
0.436258
0.423626
0.411185
0.398944
0.386910
0.375095
0.363509
0.352167
0.341081
0.330264
0.319729
