1.069058
1.075186
1.080862
1.086169
1.091182
1.095974
1.100611
1.105154
1.109659
1.114176
1.118750
1.123422
1.128227
1.133195
1.138350
1.143713
1.149298
1.155116
1.161173
1.167469
1.174000
1.180758
1.187732
1.194903
1.202253
1.209757
1.217388
1.225114
1.232903
1.240718
1.248520
1.256269
1.263921
1.271432
1.278758
1.285852
1.292666
1.299155
1.305271
1.310968
1.316200
1.320922
1.325093
1.328670
1.331615
1.333890
1.335461
1.336298
1.336370
1.335655
1.334130
1.331777
1.328583
1.324538
1.319635
1.313874
1.307255
1.299787
1.291479
1.282347
1.272408
1.261687
1.250208
1.238003
1.225103
1.211546
1.197370
1.182617
1.167332
1.151558
1.135344
1.118737
1.101786
1.084540
1.067048
1.049357
1.031515
1.013567
0.995555
0.977521
0.959503
0.941536
0.923649
0.905872
0.888226
0.870731
0.853400
0.836242
0.819262
0.802460
0.785831
0.769367
0.753055
0.736879
0.720820
0.704858
0.688973
0.673144
0.657351
0.641580
