0.934865
0.944158
0.953013
0.961448
0.969480
0.977131
0.984424
0.991381
0.998026
1.004382
1.010474
1.016325
1.021955
1.027387
1.032639
1.037729
1.042674
1.047488
1.052183
1.056769
1.061255
1.065648
1.069950
1.074166
1.078295
1.082336
1.086285
1.090140
1.093893
1.097538
1.101068
1.104473
1.107745
1.110874
1.113850
1.116665
1.119309
1.121773
1.124050
1.126133
1.128016
1.129694
1.131164
1.132425
1.133477
1.134321
1.134962
1.135406
1.135658
1.135730
1.135633
1.135379
1.134983
1.134462
1.133833
1.133116
1.132330
1.131497
1.130637
1.129773
1.128926
1.128116
1.127363
1.126687
1.126105
1.125631
1.125279
1.125058
1.124974
1.125031
1.125225
1.125552
1.126000
1.126552
1.127186
1.127873
1.128580
1.129265
1.129882
1.130376
1.130687
1.130750
1.130492
1.129835
1.128696
1.126988
1.124621
1.121502
1.117536
1.112630
1.106691
1.099631
1.091368
1.081828
1.070947
1.058678
1.044990
1.029871
1.013340
0.995440
