0.965607
0.971931
0.977106
0.981251
0.984484
0.986925
0.988688
0.989888
0.990635
0.991034
0.991188
0.991191
0.991134
0.991099
0.991165
0.991400
0.991866
0.992618
0.993702
0.995156
0.997011
0.999290
1.002008
1.005173
1.008784
1.012835
1.017312
1.022195
1.027459
1.033072
1.038999
1.045198
1.051627
1.058238
1.064980
1.071803
1.078654
1.085478
1.092221
1.098832
1.105258
1.111448
1.117356
1.122935
1.128145
1.132948
1.137311
1.141205
1.144606
1.147497
1.149864
1.151700
1.153005
1.153782
1.154043
1.153803
1.153084
1.151914
1.150324
1.148352
1.146039
1.143430
1.140573
1.137519
1.134321
1.131034
1.127710
1.124405
1.121172
1.118060
1.115118
1.112389
1.109911
1.107718
1.105836
1.104282
1.103067
1.102190
1.101644
1.101406
1.101446
1.101720
1.102174
1.102740
1.103340
1.103882
1.104265
1.104375
1.104091
1.103283
1.101813
1.099541
1.096322
1.092014
1.086478
1.079583
1.071209
1.061254
1.049638
1.036310
