0.983273
0.983893
0.983997
0.983814
0.983541
0.983348
0.983377
0.983746
0.984546
0.985848
0.987703
0.990142
0.993178
0.996810
1.001023
1.005788
1.011069
1.016818
1.022980
1.029495
1.036296
1.043316
1.050482
1.057724
1.064968
1.072145
1.079186
1.086024
1.092598
1.098850
1.104726
1.110180
1.115170
1.119660
1.123621
1.127032
1.129876
1.132146
1.133837
1.134956
1.135513
1.135524
1.135014
1.134009
1.132544
1.130656
1.128387
1.125782
1.122891
1.119764
1.116452
1.113011
1.109493
1.105952
1.102441
1.099012
1.095711
1.092587
1.089680
1.087029
1.084668
1.082625
1.080921
1.079574
1.078592
1.077979
1.077730
1.077833
1.078269
1.079009
1.080018
1.081255
1.082669
1.084201
1.085788
1.087359
1.088837
1.090138
1.091176
1.091860
1.092096
1.091786
1.090834
1.089143
1.086616
1.083162
1.078690
1.073120
1.066374
1.058388
1.049105
1.038483
1.026495
1.013129
0.998394
0.982318
0.964952
0.946375
0.926689
0.906030
