0.982029
0.983449
0.984205
0.984536
0.984649
0.984722
0.984904
0.985317
0.986058
0.987205
0.988810
0.990910
0.993523
0.996652
1.000287
1.004405
1.008973
1.013951
1.019288
1.024931
1.030820
1.036894
1.043087
1.049336
1.055574
1.061740
1.067771
1.073608
1.079197
1.084487
1.089432
1.093992
1.098131
1.101821
1.105038
1.107766
1.109995
1.111721
1.112947
1.113680
1.113937
1.113738
1.113107
1.112077
1.110683
1.108964
1.106964
1.104729
1.102308
1.099753
1.097114
1.094447
1.091802
1.089234
1.086792
1.084527
1.082485
1.080708
1.079238
1.078108
1.077350
1.076987
1.077038
1.077515
1.078424
1.079762
1.081520
1.083681
1.086218
1.089099
1.092281
1.095716
1.099346
1.103106
1.106924
1.110719
1.114406
1.117894
1.121086
1.123880
1.126172
1.127854
1.128819
1.128958
1.128164
1.126333
1.123365
1.119166
1.113651
1.106742
1.098376
1.088502
1.077085
1.064111
1.049584
1.033532
1.016011
0.997104
0.976926
0.955628
