1.016856
1.021606
1.024183
1.024878
1.023967
1.021714
1.018370
1.014170
1.009336
1.004076
0.998581
0.993028
0.987582
0.982387
0.977577
0.973268
0.969562
0.966545
0.964289
0.962852
0.962279
0.962598
0.963826
0.965969
0.969019
0.972955
0.977750
0.983364
0.989748
0.996847
1.004595
1.012923
1.021755
1.031010
1.040606
1.050455
1.060469
1.070560
1.080637
1.090615
1.100408
1.109932
1.119109
1.127865
1.136130
1.143841
1.150942
1.157381
1.163118
1.168118
1.172356
1.175813
1.178481
1.180359
1.181458
1.181794
1.181393
1.180289
1.178523
1.176145
1.173209
1.169778
1.165919
1.161701
1.157201
1.152495
1.147661
1.142779
1.137926
1.133179
1.128609
1.124285
1.120269
1.116616
1.113371
1.110573
1.108246
1.106406
1.105053
1.104175
1.103744
1.103718
1.104040
1.104636
1.105415
1.106273
1.107090
1.107732
1.108052
1.107892
1.107086
1.105459
1.102837
1.099042
1.093904
1.087262
1.078968
1.068899
1.056958
1.043088
