0.967309
0.968729
0.969438
0.969670
0.969631
0.969503
0.969444
0.969587
0.970044
0.970905
0.972242
0.974106
0.976533
0.979543
0.983142
0.987321
0.992061
0.997333
1.003099
1.009312
1.015920
1.022865
1.030084
1.037514
1.045088
1.052737
1.060395
1.067995
1.075472
1.082764
1.089812
1.096560
1.102958
1.108959
1.114522
1.119612
1.124199
1.128259
1.131776
1.134736
1.137136
1.138975
1.140261
1.141005
1.141225
1.140944
1.140191
1.138996
1.137398
1.135434
1.133148
1.130585
1.127793
1.124820
1.121714
1.118526
1.115304
1.112096
1.108948
1.105903
1.103003
1.100284
1.097779
1.095516
1.093520
1.091806
1.090388
1.089270
1.088450
1.087919
1.087662
1.087655
1.087868
1.088262
1.088791
1.089403
1.090037
1.090628
1.091102
1.091381
1.091382
1.091017
1.090195
1.088823
1.086805
1.084048
1.080457
1.075941
1.070413
1.063793
1.056006
1.046990
1.036693
1.025076
1.012118
0.997817
0.982190
0.965280
0.947156
0.927918
