0.945994
0.953113
0.959202
0.964397
0.968824
0.972606
0.975859
0.978689
0.981198
0.983478
0.985615
0.987685
0.989758
0.991895
0.994151
0.996570
0.999190
1.002043
1.005151
1.008531
1.012192
1.016137
1.020364
1.024863
1.029622
1.034620
1.039837
1.045244
1.050811
1.056506
1.062293
1.068136
1.073995
1.079831
1.085605
1.091278
1.096810
1.102164
1.107303
1.112195
1.116807
1.121109
1.125077
1.128688
1.131922
1.134765
1.137206
1.139237
1.140857
1.142066
1.142871
1.143282
1.143314
1.142984
1.142315
1.141332
1.140065
1.138545
1.136807
1.134886
1.132821
1.130651
1.128416
1.126155
1.123907
1.121710
1.119599
1.117608
1.115766
1.114099
1.112629
1.111370
1.110333
1.109521
1.108930
1.108549
1.108358
1.108329
1.108425
1.108600
1.108799
1.108958
1.109004
1.108854
1.108419
1.107602
1.106298
1.104399
1.101789
1.098355
1.093977
1.088542
1.081937
1.074060
1.064815
1.054122
1.041920
1.028169
1.012856
0.996003
