0.978288
0.978330
0.978319
0.978462
0.978933
0.979879
0.981420
0.983652
0.986645
0.990449
0.995093
1.000588
1.006928
1.014089
1.022039
1.030728
1.040101
1.050090
1.060624
1.071623
1.083004
1.094683
1.106571
1.118581
1.130627
1.142624
1.154489
1.166145
1.177517
1.188536
1.199140
1.209271
1.218880
1.227923
1.236365
1.244176
1.251336
1.257832
1.263656
1.268810
1.273302
1.277148
1.280367
1.282988
1.285043
1.286570
1.287611
1.288212
1.288423
1.288296
1.287886
1.287247
1.286437
1.285511
1.284525
1.283533
1.282587
1.281738
1.281030
1.280508
1.280208
1.280163
1.280403
1.280948
1.281815
1.283012
1.284542
1.286402
1.288580
1.291056
1.293807
1.296800
1.299995
1.303346
1.306803
1.310308
1.313797
1.317203
1.320455
1.323477
1.326192
1.328521
1.330384
1.331700
1.332392
1.332383
1.331601
1.329977
1.327449
1.323962
1.319470
1.313934
1.307329
1.299640
1.290865
1.281018
1.270128
1.258238
1.245410
1.231725
