0.946575
0.954464
0.963820
0.974319
0.985664
0.997591
1.009867
1.022284
1.034663
1.046848
1.058711
1.070143
1.081056
1.091384
1.101077
1.110102
1.118442
1.126092
1.133062
1.139370
1.145045
1.150124
1.154652
1.158678
1.162258
1.165449
1.168312
1.170910
1.173305
1.175561
1.177738
1.179898
1.182097
1.184391
1.186829
1.189460
1.192325
1.195463
1.198905
1.202680
1.206809
1.211309
1.216190
1.221457
1.227111
1.233144
1.239546
1.246300
1.253385
1.260775
1.268440
1.276344
1.284449
1.292715
1.301097
1.309547
1.318017
1.326457
1.334813
1.343034
1.351066
1.358857
1.366355
1.373508
1.380266
1.386582
1.392410
1.397706
1.402431
1.406547
1.410021
1.412823
1.414927
1.416311
1.416958
1.416855
1.415993
1.414367
1.411978
1.408830
1.404932
1.400296
1.394939
1.388880
1.382142
1.374753
1.366739
1.358133
1.348965
1.339269
1.329078
1.318427
1.307349
1.295874
1.284034
1.271854
1.259359
1.246569
1.233499
1.220158
