1.022415
1.022755
1.022381
1.021501
1.020303
1.018959
1.017624
1.016435
1.015515
1.014973
1.014902
1.015380
1.016474
1.018237
1.020710
1.023923
1.027894
1.032631
1.038133
1.044388
1.051376
1.059071
1.067437
1.076432
1.086009
1.096114
1.106690
1.117676
1.129007
1.140614
1.152428
1.164379
1.176395
1.188406
1.200340
1.212128
1.223704
1.235002
1.245961
1.256524
1.266635
1.276246
1.285314
1.293798
1.301665
1.308889
1.315449
1.321329
1.326521
1.331025
1.334844
1.337991
1.340483
1.342344
1.343605
1.344301
1.344472
1.344166
1.343432
1.342325
1.340901
1.339222
1.337348
1.335343
1.333271
1.331194
1.329173
1.327270
1.325539
1.324033
1.322800
1.321881
1.321312
1.321118
1.321320
1.321927
1.322938
1.324344
1.326122
1.328239
1.330651
1.333299
1.336116
1.339021
1.341921
1.344714
1.347288
1.349519
1.351281
1.352437
1.352851
1.352382
1.350893
1.348251
1.344334
1.339030
1.332248
1.323917
1.313997
1.302486
