1.019524
1.019696
1.019118
1.017997
1.016524
1.014872
1.013197
1.011639
1.010325
1.009365
1.008855
1.008877
1.009501
1.010784
1.012770
1.015492
1.018971
1.023220
1.028239
1.034021
1.040549
1.047798
1.055736
1.064323
1.073513
1.083257
1.093497
1.104174
1.115224
1.126579
1.138172
1.149932
1.161788
1.173668
1.185501
1.197219
1.208753
1.220037
1.231009
1.241610
1.251785
1.261482
1.270656
1.279267
1.287279
1.294663
1.301398
1.307465
1.312856
1.317566
1.321600
1.324967
1.327684
1.329772
1.331262
1.332186
1.332585
1.332505
1.331994
1.331106
1.329897
1.328428
1.326760
1.324954
1.323076
1.321188
1.319351
1.317625
1.316066
1.314727
1.313656
1.312894
1.312477
1.312432
1.312778
1.313524
1.314671
1.316207
1.318112
1.320351
1.322878
1.325637
1.328557
1.331558
1.334546
1.337418
1.340059
1.342348
1.344154
1.345343
1.345775
1.345310
1.343812
1.341147
1.337195
1.331845
1.325009
1.316621
1.306646
1.295088
