1.054185
1.049619
1.044857
1.040250
1.036095
1.032640
1.030088
1.028597
1.028284
1.029231
1.031484
1.035057
1.039939
1.046092
1.053457
1.061954
1.071490
1.081955
1.093233
1.105194
1.117708
1.130636
1.143842
1.157187
1.170537
1.183761
1.196733
1.209334
1.221454
1.232990
1.243853
1.253959
1.263240
1.271638
1.279107
1.285612
1.291132
1.295657
1.299189
1.301740
1.303335
1.304009
1.303805
1.302775
1.300982
1.298493
1.295383
1.291731
1.287621
1.283140
1.278376
1.273421
1.268364
1.263293
1.258295
1.253452
1.248844
1.244543
1.240617
1.237125
1.234120
1.231645
1.229735
1.228414
1.227698
1.227589
1.228083
1.229160
1.230794
1.232945
1.235564
1.238592
1.241961
1.245591
1.249398
1.253287
1.257160
1.260910
1.264428
1.267603
1.270320
1.272466
1.273929
1.274600
1.274375
1.273156
1.270854
1.267390
1.262697
1.256720
1.249421
1.240779
1.230788
1.219466
1.206850
1.192998
1.177993
1.161940
1.144969
1.127233
