0.978257
0.978311
0.978312
0.978466
0.978947
0.979903
0.981452
0.983691
0.986690
0.990499
0.995147
1.000644
1.006985
1.014147
1.022096
1.030784
1.040154
1.050140
1.060670
1.071665
1.083041
1.094715
1.106597
1.118602
1.130642
1.142632
1.154491
1.166141
1.177507
1.188520
1.199118
1.209244
1.218847
1.227886
1.236322
1.244129
1.251286
1.257777
1.263598
1.268749
1.273239
1.277083
1.280300
1.282920
1.284973
1.286499
1.287540
1.288141
1.288352
1.288226
1.287816
1.287178
1.286369
1.285444
1.284459
1.283468
1.282524
1.281676
1.280971
1.280450
1.280151
1.280109
1.280350
1.280897
1.281766
1.282965
1.284497
1.286358
1.288537
1.291016
1.293768
1.296762
1.299958
1.303312
1.306770
1.310276
1.313766
1.317174
1.320427
1.323450
1.326167
1.328497
1.330361
1.331678
1.332372
1.332364
1.331583
1.329960
1.327433
1.323947
1.319455
1.313920
1.307315
1.299627
1.290853
1.281006
1.270115
1.258225
1.245397
1.231710
