0.990135
0.990576
0.991485
0.992932
0.994969
0.997636
1.000956
1.004936
1.009576
1.014858
1.020757
1.027238
1.034258
1.041768
1.049710
1.058027
1.066653
1.075525
1.084576
1.093740
1.102951
1.112147
1.121266
1.130253
1.139053
1.147619
1.155907
1.163879
1.171505
1.178757
1.185618
1.192073
1.198117
1.203748
1.208971
1.213798
1.218246
1.222336
1.226094
1.229551
1.232742
1.235703
1.238474
1.241098
1.243616
1.246074
1.248515
1.250980
1.253514
1.256154
1.258937
1.261899
1.265069
1.268472
1.272131
1.276061
1.280272
1.284769
1.289550
1.294608
1.299927
1.305488
1.311263
1.317218
1.323313
1.329503
1.335736
1.341956
1.348102
1.354108
1.359907
1.365426
1.370594
1.375336
1.379577
1.383245
1.386267
1.388575
1.390103
1.390792
1.390587
1.389440
1.387312
1.384172
1.379997
1.374776
1.368509
1.361206
1.352890
1.343595
1.333366
1.322260
1.310346
1.297700
1.284409
1.270567
1.256270
1.241621
1.226719
1.211661
