0.977577
0.976170
0.975670
0.976112
0.977510
0.979858
0.983139
0.987314
0.992337
0.998146
1.004670
1.011830
1.019540
1.027708
1.036239
1.045035
1.053997
1.063029
1.072033
1.080917
1.089592
1.097976
1.105990
1.113564
1.120635
1.127149
1.133060
1.138331
1.142935
1.146852
1.150075
1.152604
1.154450
1.155630
1.156173
1.156114
1.155496
1.154371
1.152794
1.150828
1.148540
1.146003
1.143291
1.140480
1.137651
1.134881
1.132249
1.129833
1.127708
1.125946
1.124616
1.123779
1.123495
1.123813
1.124778
1.126427
1.128787
1.131878
1.135709
1.140282
1.145586
1.151603
1.158304
1.165650
1.173592
1.182072
1.191023
1.200369
1.210025
1.219902
1.229901
1.239918
1.249845
1.259571
1.268982
1.277960
1.286392
1.294162
1.301158
1.307274
1.312407
1.316462
1.319352
1.321001
1.321343
1.320324
1.317905
1.314059
1.308779
1.302069
1.293954
1.284473
1.273685
1.261665
1.248502
1.234305
1.219193
1.203299
1.186767
1.169747
