1.015969
1.026249
1.035161
1.042680
1.048805
1.053555
1.056967
1.059097
1.060017
1.059814
1.058588
1.056449
1.053518
1.049923
1.045797
1.041278
1.036505
1.031618
1.026756
1.022055
1.017647
1.013657
1.010206
1.007403
1.005351
1.004143
1.003859
1.004569
1.006332
1.009192
1.013184
1.018326
1.024628
1.032084
1.040676
1.050375
1.061141
1.072920
1.085651
1.099261
1.113669
1.128786
1.144515
1.160754
1.177396
1.194327
1.211435
1.228601
1.245709
1.262641
1.279282
1.295518
1.311239
1.326340
1.340720
1.354286
1.366950
1.378635
1.389268
1.398790
1.407148
1.414300
1.420214
1.424869
1.428255
1.430370
1.431225
1.430839
1.429242
1.426472
1.422577
1.417611
1.411637
1.404721
1.396937
1.388362
1.379075
1.369158
1.358692
1.347759
1.336435
1.324796
1.312912
1.300847
1.288656
1.276389
1.264082
1.251765
1.239454
1.227156
1.214863
1.202559
1.190215
1.177790
1.165236
1.152495
1.139504
1.126196
1.112503
1.098363
