0.955633
0.951688
0.948310
0.945642
0.943794
0.942849
0.942861
0.943862
0.945859
0.948838
0.952768
0.957599
0.963267
0.969699
0.976807
0.984499
0.992675
1.001230
1.010060
1.019058
1.028119
1.037139
1.046021
1.054671
1.063002
1.070936
1.078401
1.085335
1.091686
1.097412
1.102480
1.106869
1.110569
1.113578
1.115907
1.117576
1.118614
1.119059
1.118958
1.118366
1.117344
1.115960
1.114286
1.112400
1.110381
1.108312
1.106277
1.104358
1.102638
1.101199
1.100117
1.099467
1.099315
1.099725
1.100753
1.102445
1.104842
1.107974
1.111862
1.116516
1.121937
1.128113
1.135025
1.142638
1.150910
1.159786
1.169203
1.179085
1.189349
1.199902
1.210644
1.221466
1.232256
1.242895
1.253261
1.263229
1.272675
1.281474
1.289504
1.296646
1.302787
1.307820
1.311648
1.314183
1.315351
1.315089
1.313348
1.310099
1.305325
1.299031
1.291239
1.281990
1.271345
1.259384
1.246205
1.231926
1.216678
1.200610
1.183880
1.166655
