0.960169
0.973271
0.986176
0.998615
1.010360
1.021223
1.031053
1.039734
1.047186
1.053357
1.058226
1.061800
1.064107
1.065200
1.065151
1.064046
1.061990
1.059097
1.055492
1.051308
1.046684
1.041759
1.036679
1.031584
1.026615
1.021909
1.017597
1.013803
1.010644
1.008227
1.006651
1.006002
1.006356
1.007776
1.010314
1.014009
1.018886
1.024959
1.032228
1.040681
1.050294
1.061031
1.072846
1.085679
1.099465
1.114126
1.129577
1.145725
1.162472
1.179713
1.197339
1.215237
1.233291
1.251385
1.269401
1.287223
1.304736
1.321826
1.338386
1.354309
1.369495
1.383853
1.397293
1.409736
1.421112
1.431355
1.440411
1.448234
1.454789
1.460048
1.463993
1.466617
1.467921
1.467914
1.466615
1.464051
1.460256
1.455271
1.449144
1.441927
1.433678
1.424459
1.414332
1.403364
1.391620
1.379167
1.366068
1.352387
1.338183
1.323509
1.308416
1.292948
1.277143
1.261031
1.244638
1.227980
1.211069
1.193908
1.176498
1.158833
