0.913158
0.918117
0.924058
0.930714
0.937841
0.945226
0.952683
0.960049
0.967186
0.973978
0.980332
0.986174
0.991451
0.996123
1.000171
1.003588
1.006379
1.008563
1.010170
1.011236
1.011808
1.011938
1.011684
1.011106
1.010271
1.009245
1.008095
1.006891
1.005699
1.004585
1.003612
1.002841
1.002330
1.002130
1.002292
1.002857
1.003865
1.005349
1.007335
1.009846
1.012897
1.016498
1.020652
1.025358
1.030608
1.036389
1.042682
1.049466
1.056710
1.064384
1.072450
1.080869
1.089597
1.098588
1.107792
1.117160
1.126639
1.136174
1.145712
1.155198
1.164577
1.173794
1.182797
1.191533
1.199951
1.208002
1.215640
1.222819
1.229500
1.235641
1.241208
1.246168
1.250491
1.254150
1.257122
1.259389
1.260932
1.261740
1.261801
1.261108
1.259657
1.257445
1.254474
1.250746
1.246266
1.241040
1.235076
1.228383
1.220972
1.212855
1.204044
1.194551
1.184391
1.173578
1.162126
1.150053
1.137374
1.124110
1.110281
1.095911
