0.952912
0.957102
0.960482
0.963167
0.965264
0.966870
0.968071
0.968946
0.969567
0.969994
0.970281
0.970477
0.970619
0.970741
0.970871
0.971029
0.971231
0.971491
0.971815
0.972207
0.972669
0.973199
0.973793
0.974446
0.975151
0.975899
0.976681
0.977490
0.978314
0.979145
0.979975
0.980794
0.981595
0.982372
0.983118
0.983828
0.984500
0.985129
0.985714
0.986254
0.986750
0.987203
0.987615
0.987988
0.988327
0.988635
0.988916
0.989176
0.989420
0.989652
0.989878
0.990102
0.990329
0.990562
0.990806
0.991064
0.991337
0.991627
0.991935
0.992261
0.992605
0.992963
0.993335
0.993717
0.994106
0.994497
0.994885
0.995266
0.995634
0.995984
0.996311
0.996612
0.996881
0.997115
0.997313
0.997472
0.997594
0.997680
0.997734
0.997761
0.997769
0.997767
0.997767
0.997784
0.997832
0.997930
0.998098
0.998357
0.998729
0.999238
0.999905
1.000753
1.001803
1.003073
1.004575
1.006318
1.008303
1.010523
1.012957
1.015575
