0.934268
0.951312
0.969111
0.987218
1.005243
1.022848
1.039745
1.055695
1.070504
1.084017
1.096122
1.106742
1.115831
1.123378
1.129395
1.133922
1.137019
1.138766
1.139260
1.138610
1.136939
1.134378
1.131063
1.127138
1.122746
1.118034
1.113146
1.108222
1.103401
1.098813
1.094583
1.090827
1.087652
1.085155
1.083423
1.082531
1.082543
1.083509
1.085471
1.088453
1.092471
1.097528
1.103614
1.110707
1.118776
1.127777
1.137658
1.148356
1.159800
1.171912
1.184604
1.197784
1.211356
1.225218
1.239264
1.253386
1.267476
1.281426
1.295125
1.308467
1.321348
1.333666
1.345325
1.356233
1.366304
1.375459
1.383626
1.390742
1.396750
1.401604
1.405267
1.407710
1.408916
1.408876
1.407592
1.405073
1.401341
1.396426
1.390365
1.383206
1.375003
1.365817
1.355715
1.344772
1.333063
1.320670
1.307676
1.294164
1.280217
1.265917
1.251345
1.236573
1.221671
1.206700
1.191714
1.176756
1.161856
1.147034
1.132295
1.117628
