0.794495
0.814804
0.837463
0.861790
0.887179
0.913091
0.939052
0.964651
0.989535
1.013404
1.036011
1.057157
1.076684
1.094479
1.110465
1.124599
1.136872
1.147301
1.155929
1.162823
1.168068
1.171767
1.174039
1.175014
1.174831
1.173637
1.171587
1.168836
1.165541
1.161859
1.157947
1.153954
1.150029
1.146309
1.142927
1.140007
1.137662
1.135993
1.135094
1.135042
1.135905
1.137736
1.140574
1.144449
1.149372
1.155343
1.162351
1.170367
1.179354
1.189260
1.200022
1.211567
1.223811
1.236660
1.250012
1.263756
1.277777
1.291951
1.306153
1.320252
1.334115
1.347610
1.360602
1.372962
1.384559
1.395270
1.404974
1.413560
1.420921
1.426963
1.431598
1.434752
1.436361
1.436375
1.434759
1.431491
1.426563
1.419985
1.411781
1.401992
1.390675
1.377901
1.363761
1.348355
1.331800
1.314228
1.295778
1.276602
1.256860
1.236716
1.216341
1.195902
1.175567
1.155495
1.135837
1.116727
1.098282
1.080590
1.063713
1.047672
