0.914293
0.917715
0.921802
0.926450
0.931562
0.937046
0.942815
0.948786
0.954880
0.961026
0.967155
0.973205
0.979118
0.984843
0.990334
0.995550
1.000457
1.005024
1.009229
1.013056
1.016491
1.019529
1.022171
1.024421
1.026290
1.027794
1.028954
1.029796
1.030349
1.030647
1.030728
1.030634
1.030407
1.030095
1.029745
1.029409
1.029137
1.028980
1.028991
1.029221
1.029721
1.030538
1.031721
1.033315
1.035359
1.037894
1.040954
1.044568
1.048762
1.053558
1.058969
1.065007
1.071674
1.078968
1.086881
1.095398
1.104497
1.114151
1.124326
1.134980
1.146068
1.157537
1.169328
1.181379
1.193619
1.205977
1.218374
1.230731
1.242964
1.254985
1.266709
1.278047
1.288909
1.299209
1.308859
1.317776
1.325878
1.333090
1.339338
1.344557
1.348687
1.351676
1.353479
1.354061
1.353396
1.351467
1.348270
1.343809
1.338101
1.331172
1.323060
1.313815
1.303496
1.292171
1.279917
1.266819
1.252968
1.238459
1.223388
1.207852
