0.937561
0.934604
0.932133
0.930382
0.929541
0.929763
0.931161
0.933814
0.937764
0.943027
0.949587
0.957403
0.966414
0.976535
0.987667
0.999696
1.012496
1.025933
1.039867
1.054152
1.068644
1.083197
1.097670
1.111925
1.125832
1.139269
1.152122
1.164290
1.175682
1.186220
1.195840
1.204490
1.212133
1.218747
1.224323
1.228866
1.232395
1.234941
1.236548
1.237273
1.237180
1.236347
1.234857
1.232804
1.230285
1.227403
1.224267
1.220984
1.217665
1.214420
1.211355
1.208575
1.206179
1.204261
1.202908
1.202196
1.202196
1.202964
1.204548
1.206983
1.210291
1.214480
1.219545
1.225469
1.232218
1.239745
1.247991
1.256882
1.266332
1.276242
1.286503
1.296996
1.307592
1.318155
1.328542
1.338607
1.348201
1.357172
1.365371
1.372652
1.378872
1.383897
1.387601
1.389870
1.390603
1.389715
1.387136
1.382816
1.376728
1.368863
1.359237
1.347889
1.334882
1.320304
1.304266
1.286903
1.268369
1.248840
1.228506
1.207572
