1.117143
1.120060
1.122884
1.125652
1.128393
1.131127
1.133869
1.136629
1.139409
1.142208
1.145023
1.147843
1.150657
1.153452
1.156211
1.158917
1.161551
1.164093
1.166524
1.168823
1.170972
1.172950
1.174739
1.176324
1.177687
1.178816
1.179696
1.180319
1.180676
1.180761
1.180570
1.180101
1.179356
1.178338
1.177053
1.175509
1.173718
1.171692
1.169448
1.167002
1.164376
1.161592
1.158672
1.155643
1.152532
1.149368
1.146179
1.142997
1.139852
1.136777
1.133803
1.130962
1.128284
1.125801
1.123541
1.121533
1.119804
1.118378
1.117277
1.116522
1.116128
1.116111
1.116479
1.117241
1.118398
1.119948
1.121886
1.124201
1.126875
1.129890
1.133217
1.136826
1.140679
1.144735
1.148944
1.153254
1.157607
1.161938
1.166178
1.170256
1.174093
1.177609
1.180719
1.183337
1.185373
1.186737
1.187340
1.187092
1.185906
1.183697
1.180385
1.175898
1.170169
1.163142
1.154772
1.145028
1.133895
1.121376
1.107495
1.092301
