0.927663
0.927846
0.928725
0.930453
0.933154
0.936918
0.941807
0.947857
0.955077
0.963450
0.972941
0.983492
0.995030
1.007464
1.020694
1.034606
1.049080
1.063990
1.079205
1.094593
1.110022
1.125363
1.140491
1.155285
1.169631
1.183426
1.196573
1.208987
1.220595
1.231333
1.241151
1.250013
1.257893
1.264780
1.270674
1.275590
1.279551
1.282594
1.284767
1.286127
1.286741
1.286682
1.286033
1.284880
1.283318
1.281440
1.279346
1.277135
1.274905
1.272755
1.270780
1.269069
1.267709
1.266779
1.266351
1.266487
1.267243
1.268661
1.270775
1.273606
1.277164
1.281445
1.286434
1.292102
1.298408
1.305299
1.312710
1.320563
1.328770
1.337233
1.345845
1.354490
1.363046
1.371386
1.379377
1.386885
1.393775
1.399915
1.405172
1.409421
1.412543
1.414427
1.414972
1.414092
1.411714
1.407778
1.402247
1.395098
1.386331
1.375965
1.364043
1.350627
1.335801
1.319673
1.302368
1.284030
1.264819
1.244908
1.224481
1.203723
