0.958845
0.961973
0.965460
0.969231
0.973216
0.977352
0.981582
0.985855
0.990126
0.994356
0.998508
1.002554
1.006467
1.010226
1.013814
1.017216
1.020423
1.023426
1.026221
1.028806
1.031181
1.033347
1.035309
1.037072
1.038643
1.040030
1.041243
1.042290
1.043182
1.043931
1.044548
1.045044
1.045432
1.045722
1.045927
1.046060
1.046130
1.046150
1.046131
1.046083
1.046016
1.045942
1.045869
1.045808
1.045766
1.045752
1.045775
1.045842
1.045961
1.046138
1.046381
1.046695
1.047087
1.047562
1.048125
1.048782
1.049537
1.050395
1.051358
1.052432
1.053617
1.054919
1.056337
1.057875
1.059532
1.061309
1.063205
1.065220
1.067350
1.069592
1.071943
1.074395
1.076943
1.079576
1.082286
1.085060
1.087884
1.090742
1.093617
1.096487
1.099329
1.102118
1.104826
1.107422
1.109871
1.112136
1.114176
1.115948
1.117405
1.118496
1.119168
1.119363
1.119020
1.118077
1.116466
1.114118
1.110960
1.106918
1.101914
1.095869
