0.883373
0.891098
0.900199
0.910377
0.921360
0.932897
0.944761
0.956746
0.968668
0.980362
0.991682
1.002503
1.012716
1.022229
1.030966
1.038869
1.045893
1.052008
1.057197
1.061458
1.064798
1.067237
1.068806
1.069545
1.069502
1.068735
1.067307
1.065289
1.062758
1.059792
1.056476
1.052897
1.049144
1.045304
1.041469
1.037726
1.034163
1.030864
1.027909
1.025376
1.023337
1.021857
1.020998
1.020813
1.021348
1.022640
1.024720
1.027609
1.031318
1.035850
1.041198
1.047347
1.054271
1.061933
1.070291
1.079290
1.088868
1.098954
1.109470
1.120331
1.131445
1.142712
1.154032
1.165296
1.176394
1.187215
1.197644
1.207570
1.216880
1.225465
1.233220
1.240044
1.245844
1.250533
1.254035
1.256281
1.257215
1.256795
1.254989
1.251782
1.247174
1.241178
1.233827
1.225169
1.215266
1.204202
1.192073
1.178991
1.165083
1.150490
1.135361
1.119858
1.104145
1.088393
1.072768
1.057436
1.042548
1.028243
1.014636
1.001813
