1.029793
1.023012
1.015105
1.006507
0.997597
0.988704
0.980105
0.972033
0.964674
0.958175
0.952647
0.948162
0.944766
0.942471
0.941268
0.941124
0.941987
0.943787
0.946443
0.949861
0.953939
0.958568
0.963638
0.969033
0.974640
0.980347
0.986048
0.991639
0.997024
1.002114
1.006830
1.011102
1.014870
1.018084
1.020707
1.022711
1.024081
1.024814
1.024916
1.024406
1.023312
1.021671
1.019533
1.016952
1.013993
1.010725
1.007225
1.003574
0.999856
0.996158
0.992569
0.989177
0.986070
0.983335
0.981054
0.979305
0.978162
0.977691
0.977952
0.978996
0.980865
0.983592
0.987197
0.991693
0.997077
1.003336
1.010447
1.018372
1.027060
1.036451
1.046470
1.057033
1.068043
1.079395
1.090972
1.102650
1.114297
1.125776
1.136944
1.147654
1.157760
1.167113
1.175567
1.182979
1.189213
1.194139
1.197638
1.199602
1.199936
1.198564
1.195425
1.190480
1.183713
1.175131
1.164767
1.152682
1.138965
1.123738
1.107153
1.089393
