0.883943
0.900334
0.916618
0.932450
0.947535
0.961628
0.974529
0.986081
0.996167
1.004711
1.011670
1.017034
1.020823
1.023085
1.023889
1.023327
1.021511
1.018565
1.014628
1.009848
1.004383
0.998394
0.992045
0.985502
0.978930
0.972490
0.966339
0.960626
0.955495
0.951078
0.947498
0.944866
0.943282
0.942831
0.943588
0.945610
0.948944
0.953618
0.959651
0.967044
0.975785
0.985850
0.997200
1.009786
1.023544
1.038401
1.054274
1.071069
1.088686
1.107016
1.125944
1.145349
1.165107
1.185092
1.205173
1.225222
1.245108
1.264703
1.283881
1.302522
1.320506
1.337723
1.354065
1.369436
1.383743
1.396905
1.408849
1.419510
1.428836
1.436782
1.443316
1.448416
1.452068
1.454271
1.455035
1.454376
1.452322
1.448910
1.444183
1.438195
1.431003
1.422671
1.413269
1.402870
1.391548
1.379382
1.366448
1.352823
1.338582
1.323798
1.308538
1.292866
1.276838
1.260504
1.243907
1.227081
1.210053
1.192840
1.175451
1.157887
