0.988753
0.992580
0.995743
0.998260
1.000157
1.001465
1.002223
1.002477
1.002275
1.001673
1.000730
0.999508
0.998074
0.996495
0.994840
0.993180
0.991584
0.990122
0.988861
0.987868
0.987206
0.986935
0.987110
0.987785
0.989007
0.990818
0.993255
0.996349
1.000126
1.004605
1.009800
1.015716
1.022356
1.029712
1.037775
1.046525
1.055941
1.065992
1.076645
1.087860
1.099595
1.111801
1.124427
1.137418
1.150715
1.164260
1.177988
1.191838
1.205744
1.219642
1.233466
1.247153
1.260638
1.273861
1.286760
1.299279
1.311364
1.322961
1.334022
1.344504
1.354366
1.363571
1.372086
1.379886
1.386945
1.393246
1.398775
1.403523
1.407484
1.410657
1.413046
1.414657
1.415500
1.415590
1.414941
1.413573
1.411506
1.408760
1.405359
1.401325
1.396681
1.391449
1.385650
1.379303
1.372426
1.365033
1.357136
1.348744
1.339863
1.330494
1.320635
1.310283
1.299430
1.288063
1.276171
1.263739
1.250753
1.237200
1.223066
1.208346
