0.806574
0.846439
0.887709
0.929438
0.970797
1.011068
1.049637
1.085992
1.119712
1.150468
1.178012
1.202171
1.222845
1.239998
1.253650
1.263876
1.270798
1.274577
1.275411
1.273528
1.269179
1.262638
1.254192
1.244139
1.232783
1.220432
1.207390
1.193958
1.180428
1.167081
1.154184
1.141989
1.130728
1.120615
1.111841
1.104576
1.098964
1.095126
1.093158
1.093132
1.095093
1.099063
1.105037
1.112991
1.122874
1.134615
1.148123
1.163286
1.179978
1.198052
1.217352
1.237705
1.258930
1.280837
1.303228
1.325902
1.348656
1.371283
1.393581
1.415349
1.436393
1.456525
1.475566
1.493348
1.509714
1.524523
1.537646
1.548971
1.558405
1.565869
1.571306
1.574677
1.575961
1.575159
1.572289
1.567388
1.560514
1.551741
1.541160
1.528878
1.515015
1.499707
1.483099
1.465345
1.446606
1.427050
1.406846
1.386162
1.365164
1.344012
1.322860
1.301847
1.281099
1.260726
1.240817
1.221436
1.202624
1.184392
1.166718
1.149549
