0.831125
0.834356
0.839702
0.846879
0.855614
0.865646
0.876729
0.888624
0.901108
0.913968
0.927004
0.940028
0.952865
0.965353
0.977346
0.988710
0.999325
1.009089
1.017912
1.025721
1.032459
1.038082
1.042564
1.045894
1.048075
1.049124
1.049075
1.047972
1.045875
1.042854
1.038991
1.034378
1.029116
1.023316
1.017094
1.010571
1.003873
0.997131
0.990475
0.984036
0.977944
0.972327
0.967308
0.963005
0.959530
0.956986
0.955468
0.955059
0.955833
0.957849
0.961156
0.965787
0.971760
0.979078
0.987731
0.997690
1.008913
1.021340
1.034897
1.049494
1.065027
1.081379
1.098419
1.116005
1.133984
1.152193
1.170463
1.188619
1.206480
1.223865
1.240591
1.256478
1.271349
1.285036
1.297377
1.308222
1.317434
1.324893
1.330494
1.334156
1.335815
1.335434
1.333000
1.328525
1.322051
1.313646
1.303405
1.291453
1.277941
1.263045
1.246965
1.229921
1.212151
1.193903
1.175435
1.157003
1.138858
1.121233
1.104336
1.088337
