0.952066
0.952582
0.953238
0.954034
0.954966
0.956030
0.957221
0.958533
0.959956
0.961482
0.963101
0.964804
0.966579
0.968415
0.970301
0.972224
0.974173
0.976137
0.978103
0.980059
0.981996
0.983902
0.985768
0.987583
0.989338
0.991025
0.992638
0.994168
0.995611
0.996962
0.998216
0.999371
1.000426
1.001379
1.002230
1.002983
1.003638
1.004199
1.004673
1.005063
1.005379
1.005626
1.005815
1.005955
1.006057
1.006133
1.006195
1.006257
1.006331
1.006433
1.006577
1.006777
1.007050
1.007409
1.007871
1.008451
1.009162
1.010019
1.011036
1.012226
1.013600
1.015169
1.016942
1.018929
1.021134
1.023563
1.026218
1.029101
1.032209
1.035539
1.039084
1.042835
1.046779
1.050902
1.055185
1.059606
1.064142
1.068763
1.073439
1.078133
1.082808
1.087422
1.091928
1.096279
1.100421
1.104300
1.107857
1.111031
1.113759
1.115974
1.117608
1.118594
1.118859
1.118333
1.116946
1.114627
1.111308
1.106922
1.101405
1.094698
