0.786143
0.804299
0.824386
0.845755
0.867826
0.890089
0.912098
0.933465
0.953863
0.973018
0.990706
1.006752
1.021023
1.033430
1.043920
1.052476
1.059112
1.063870
1.066819
1.068051
1.067677
1.065827
1.062643
1.058281
1.052908
1.046695
1.039821
1.032468
1.024816
1.017047
1.009339
1.001865
0.994794
0.988285
0.982489
0.977548
0.973591
0.970735
0.969087
0.968736
0.969759
0.972217
0.976158
0.981613
0.988597
0.997110
1.007137
1.018648
1.031596
1.045924
1.061555
1.078406
1.096374
1.115351
1.135215
1.155834
1.177068
1.198770
1.220787
1.242959
1.265125
1.287121
1.308779
1.329936
1.350429
1.370096
1.388784
1.406343
1.422632
1.437519
1.450882
1.462609
1.472605
1.480784
1.487078
1.491434
1.493817
1.494205
1.492600
1.489018
1.483495
1.476085
1.466860
1.455911
1.443345
1.429286
1.413873
1.397257
1.379602
1.361081
1.341876
1.322169
1.302147
1.281990
1.261874
1.241963
1.222402
1.203316
1.184800
1.166913
