0.945415
0.943943
0.943449
0.943944
0.945423
0.947867
0.951244
0.955507
0.960600
0.966457
0.973003
0.980158
0.987833
0.995939
1.004382
1.013066
1.021898
1.030784
1.039633
1.048357
1.056873
1.065104
1.072977
1.080428
1.087401
1.093845
1.099721
1.104996
1.109647
1.113661
1.117032
1.119764
1.121870
1.123372
1.124298
1.124684
1.124576
1.124023
1.123082
1.121813
1.120283
1.118560
1.116718
1.114830
1.112970
1.111214
1.109636
1.108309
1.107302
1.106683
1.106513
1.106850
1.107745
1.109244
1.111385
1.114197
1.117702
1.121914
1.126836
1.132465
1.138784
1.145770
1.153389
1.161597
1.170342
1.179562
1.189187
1.199138
1.209331
1.219671
1.230061
1.240398
1.250573
1.260477
1.269996
1.279019
1.287432
1.295125
1.301992
1.307930
1.312843
1.316642
1.319248
1.320592
1.320614
1.319270
1.316528
1.312371
1.306797
1.299821
1.291473
1.281802
1.270871
1.258761
1.245567
1.231398
1.216377
1.200637
1.184318
1.167566
