0.952923
0.955316
0.958459
0.962246
0.966577
0.971356
0.976490
0.981895
0.987490
0.993199
0.998953
1.004688
1.010346
1.015874
1.021226
1.026362
1.031246
1.035851
1.040152
1.044134
1.047783
1.051095
1.054068
1.056707
1.059021
1.061025
1.062736
1.064178
1.065376
1.066361
1.067166
1.067826
1.068380
1.068868
1.069331
1.069812
1.070354
1.071003
1.071800
1.072789
1.074013
1.075511
1.077322
1.079484
1.082029
1.084989
1.088391
1.092259
1.096612
1.101467
1.106833
1.112718
1.119122
1.126042
1.133469
1.141387
1.149778
1.158617
1.167872
1.177509
1.187486
1.197758
1.208275
1.218981
1.229818
1.240722
1.251627
1.262464
1.273160
1.283642
1.293833
1.303657
1.313038
1.321897
1.330159
1.337749
1.344595
1.350628
1.355781
1.359992
1.363206
1.365370
1.366440
1.366378
1.365152
1.362740
1.359128
1.354310
1.348290
1.341080
1.332704
1.323194
1.312590
1.300946
1.288319
1.274780
1.260404
1.245275
1.229480
1.213114
