0.877390
0.895661
0.914972
0.934804
0.954701
0.974268
0.993169
1.011119
1.027886
1.043287
1.057180
1.069465
1.080081
1.088998
1.096221
1.101778
1.105726
1.108141
1.109118
1.108768
1.107216
1.104595
1.101048
1.096725
1.091775
1.086354
1.080612
1.074701
1.068766
1.062949
1.057384
1.052195
1.047501
1.043408
1.040011
1.037397
1.035636
1.034790
1.034906
1.036020
1.038153
1.041316
1.045505
1.050707
1.056895
1.064031
1.072069
1.080949
1.090606
1.100964
1.111941
1.123446
1.135387
1.147662
1.160169
1.172802
1.185455
1.198018
1.210385
1.222449
1.234106
1.245258
1.255807
1.265662
1.274740
1.282963
1.290259
1.296566
1.301831
1.306010
1.309068
1.310979
1.311728
1.311312
1.309735
1.307014
1.303173
1.298248
1.292283
1.285332
1.277455
1.268720
1.259201
1.248979
1.238137
1.226762
1.214943
1.202768
1.190325
1.177699
1.164969
1.152210
1.139486
1.126854
1.114356
1.102023
1.089868
1.077886
1.066053
1.054323
