0.960991
0.965207
0.968617
0.971330
0.973447
0.975062
0.976259
0.977115
0.977700
0.978076
0.978296
0.978407
0.978452
0.978463
0.978470
0.978496
0.978561
0.978677
0.978855
0.979101
0.979420
0.979810
0.980272
0.980801
0.981392
0.982039
0.982735
0.983472
0.984242
0.985036
0.985847
0.986667
0.987489
0.988306
0.989113
0.989904
0.990676
0.991425
0.992149
0.992846
0.993518
0.994164
0.994785
0.995384
0.995964
0.996528
0.997081
0.997626
0.998169
0.998714
0.999267
0.999832
1.000414
1.001018
1.001648
1.002309
1.003003
1.003734
1.004504
1.005314
1.006167
1.007063
1.008001
1.008980
1.010001
1.011061
1.012157
1.013288
1.014451
1.015642
1.016860
1.018100
1.019361
1.020640
1.021935
1.023246
1.024570
1.025908
1.027262
1.028632
1.030021
1.031432
1.032870
1.034338
1.035841
1.037385
1.038973
1.040609
1.042296
1.044035
1.045823
1.047654
1.049517
1.051396
1.053267
1.055095
1.056837
1.058436
1.059819
1.060896
