0.850362
0.856090
0.864078
0.873963
0.885404
0.898082
0.911700
0.925983
0.940674
0.955538
0.970359
0.984940
0.999102
1.012688
1.025556
1.037585
1.048669
1.058724
1.067679
1.075483
1.082100
1.087512
1.091714
1.094718
1.096551
1.097250
1.096869
1.095471
1.093131
1.089935
1.085975
1.081354
1.076180
1.070567
1.064633
1.058501
1.052293
1.046133
1.040146
1.034452
1.029170
1.024414
1.020293
1.016909
1.014357
1.012722
1.012081
1.012499
1.014031
1.016719
1.020592
1.025667
1.031948
1.039423
1.048068
1.057844
1.068699
1.080566
1.093367
1.107009
1.121388
1.136390
1.151888
1.167747
1.183825
1.199973
1.216034
1.231850
1.247260
1.262102
1.276217
1.289448
1.301643
1.312658
1.322356
1.330615
1.337321
1.342379
1.345708
1.347246
1.346951
1.344803
1.340801
1.334972
1.327363
1.318047
1.307119
1.294699
1.280931
1.265977
1.250020
1.233258
1.215902
1.198175
1.180299
1.162496
1.144981
1.127949
1.111573
1.095987
