0.787641
0.798215
0.811794
0.827784
0.845640
0.864867
0.885021
0.905700
0.926551
0.947259
0.967553
0.987197
1.005993
1.023776
1.040414
1.055805
1.069874
1.082572
1.093876
1.103783
1.112310
1.119494
1.125387
1.130055
1.133577
1.136044
1.137555
1.138215
1.138139
1.137441
1.136241
1.134660
1.132818
1.130834
1.128824
1.126901
1.125171
1.123736
1.122692
1.122123
1.122109
1.122719
1.124013
1.126038
1.128834
1.132428
1.136837
1.142065
1.148106
1.154943
1.162548
1.170880
1.179890
1.189518
1.199694
1.210341
1.221370
1.232688
1.244194
1.255781
1.267337
1.278747
1.289891
1.300651
1.310906
1.320535
1.329421
1.337448
1.344506
1.350490
1.355301
1.358849
1.361053
1.361842
1.361157
1.358949
1.355185
1.349845
1.342924
1.334431
1.324392
1.312849
1.299860
1.285498
1.269853
1.253030
1.235146
1.216334
1.196736
1.176507
1.155807
1.134803
1.113664
1.092558
1.071648
1.051090
1.031025
1.011574
0.992836
0.974877
