0.966004
0.962704
0.959297
0.955935
0.952748
0.949843
0.947308
0.945212
0.943607
0.942527
0.941993
0.942012
0.942579
0.943679
0.945287
0.947370
0.949889
0.952799
0.956051
0.959591
0.963365
0.967318
0.971392
0.975532
0.979683
0.983794
0.987814
0.991699
0.995405
0.998895
1.002137
1.005101
1.007766
1.010114
1.012133
1.013819
1.015171
1.016193
1.016898
1.017301
1.017423
1.017290
1.016932
1.016384
1.015683
1.014871
1.013991
1.013090
1.012214
1.011412
1.010735
1.010230
1.009946
1.009932
1.010231
1.010888
1.011942
1.013431
1.015387
1.017837
1.020807
1.024312
1.028365
1.032972
1.038132
1.043836
1.050071
1.056813
1.064035
1.071698
1.079759
1.088167
1.096862
1.105779
1.114847
1.123986
1.133113
1.142138
1.150967
1.159502
1.167641
1.175281
1.182317
1.188643
1.194155
1.198750
1.202328
1.204793
1.206056
1.206035
1.204657
1.201858
1.197588
1.191809
1.184499
1.175655
1.165291
1.153442
1.140167
1.125550
