0.900793
0.900515
0.900721
0.901641
0.903461
0.906324
0.910333
0.915554
0.922016
0.929719
0.938632
0.948697
0.959838
0.971954
0.984931
0.998640
1.012943
1.027694
1.042739
1.057927
1.073104
1.088118
1.102824
1.117081
1.130758
1.143734
1.155899
1.167155
1.177417
1.186616
1.194697
1.201619
1.207358
1.211905
1.215266
1.217462
1.218529
1.218516
1.217486
1.215512
1.212682
1.209090
1.204841
1.200047
1.194825
1.189298
1.183592
1.177833
1.172148
1.166664
1.161502
1.156782
1.152614
1.149105
1.146349
1.144434
1.143435
1.143414
1.144422
1.146495
1.149654
1.153905
1.159241
1.165636
1.173049
1.181424
1.190691
1.200761
1.211536
1.222899
1.234725
1.246875
1.259201
1.271546
1.283747
1.295635
1.307038
1.317782
1.327697
1.336611
1.344363
1.350797
1.355767
1.359140
1.360798
1.360642
1.358588
1.354578
1.348574
1.340564
1.330564
1.318613
1.304784
1.289173
1.271907
1.253141
1.233056
1.211855
1.189768
1.167039
