0.874638
0.894685
0.916937
0.940876
0.966024
0.991947
1.018247
1.044567
1.070586
1.096017
1.120608
1.144139
1.166421
1.187294
1.206628
1.224318
1.240287
1.254480
1.266866
1.277436
1.286202
1.293191
1.298453
1.302048
1.304056
1.304565
1.303680
1.301511
1.298181
1.293818
1.288556
1.282535
1.275896
1.268784
1.261343
1.253717
1.246046
1.238468
1.231117
1.224121
1.217600
1.211667
1.206427
1.201975
1.198394
1.195758
1.194128
1.193555
1.194074
1.195710
1.198473
1.202359
1.207354
1.213427
1.220535
1.228623
1.237622
1.247455
1.258028
1.269240
1.280981
1.293130
1.305560
1.318135
1.330717
1.343162
1.355323
1.367053
1.378204
1.388632
1.398193
1.406750
1.414174
1.420341
1.425140
1.428469
1.430241
1.430381
1.428831
1.425551
1.420516
1.413722
1.405185
1.394941
1.383044
1.369572
1.354620
1.338305
1.320761
1.302140
1.282608
1.262344
1.241537
1.220383
1.199080
1.177823
1.156799
1.136180
1.116119
1.096737
