0.891349
0.899785
0.909661
0.920635
0.932397
0.944666
0.957190
0.969745
0.982130
0.994173
1.005723
1.016653
1.026855
1.036244
1.044753
1.052334
1.058953
1.064595
1.069258
1.072955
1.075709
1.077558
1.078547
1.078733
1.078177
1.076953
1.075136
1.072809
1.070057
1.066970
1.063639
1.060155
1.056611
1.053099
1.049709
1.046527
1.043638
1.041122
1.039055
1.037505
1.036538
1.036210
1.036571
1.037664
1.039524
1.042176
1.045637
1.049917
1.055016
1.060923
1.067621
1.075081
1.083268
1.092136
1.101632
1.111694
1.122254
1.133234
1.144552
1.156119
1.167840
1.179617
1.191348
1.202926
1.214243
1.225192
1.235664
1.245550
1.254745
1.263146
1.270654
1.277177
1.282625
1.286920
1.289990
1.291773
1.292216
1.291279
1.288932
1.285160
1.279960
1.273342
1.265331
1.255967
1.245302
1.233406
1.220358
1.206255
1.191201
1.175316
1.158727
1.141568
1.123981
1.106110
1.088098
1.070086
1.052206
1.034582
1.017318
1.000496
