0.942606
0.942931
0.943462
0.944195
0.945124
0.946241
0.947534
0.948988
0.950590
0.952321
0.954164
0.956100
0.958109
0.960172
0.962270
0.964382
0.966491
0.968577
0.970625
0.972618
0.974542
0.976384
0.978132
0.979777
0.981309
0.982723
0.984014
0.985178
0.986216
0.987126
0.987911
0.988575
0.989122
0.989558
0.989892
0.990131
0.990285
0.990363
0.990377
0.990338
0.990256
0.990143
0.990011
0.989871
0.989733
0.989607
0.989503
0.989430
0.989394
0.989403
0.989462
0.989576
0.989746
0.989976
0.990265
0.990612
0.991015
0.991470
0.991972
0.992517
0.993095
0.993700
0.994323
0.994954
0.995583
0.996201
0.996797
0.997361
0.997884
0.998356
0.998770
0.999117
0.999392
0.999590
0.999709
0.999747
0.999706
0.999588
0.999400
0.999149
0.998844
0.998499
0.998128
0.997747
0.997374
0.997028
0.996730
0.996500
0.996359
0.996323
0.996412
0.996636
0.997005
0.997521
0.998178
0.998960
0.999840
1.000776
1.001708
1.002558
