0.842096
0.865840
0.888785
0.910767
0.931655
0.951351
0.969786
0.986915
1.002722
1.017206
1.030389
1.042309
1.053018
1.062579
1.071068
1.078567
1.085167
1.090962
1.096050
1.100533
1.104511
1.108084
1.111351
1.114408
1.117347
1.120256
1.123217
1.126306
1.129593
1.133140
1.137004
1.141231
1.145862
1.150927
1.156450
1.162447
1.168924
1.175882
1.183312
1.191198
1.199516
1.208238
1.217327
1.226741
1.236433
1.246350
1.256435
1.266627
1.276864
1.287078
1.297200
1.307161
1.316891
1.326318
1.335372
1.343984
1.352087
1.359616
1.366508
1.372705
1.378151
1.382796
1.386595
1.389506
1.391496
1.392536
1.392602
1.391678
1.389756
1.386831
1.382908
1.377998
1.372118
1.365292
1.357551
1.348931
1.339474
1.329229
1.318249
1.306591
1.294317
1.281491
1.268182
1.254459
1.240391
1.226050
1.211505
1.196825
1.182074
1.167313
1.152600
1.137984
1.123508
1.109205
1.095099
1.081204
1.067520
1.054032
1.040713
1.027517
