0.958692
0.960645
0.962445
0.964090
0.965584
0.966929
0.968134
0.969207
0.970159
0.971002
0.971749
0.972415
0.973016
0.973567
0.974084
0.974582
0.975078
0.975585
0.976117
0.976686
0.977305
0.977982
0.978726
0.979543
0.980438
0.981414
0.982472
0.983612
0.984829
0.986122
0.987483
0.988905
0.990381
0.991899
0.993449
0.995020
0.996598
0.998173
0.999730
1.001257
1.002742
1.004173
1.005539
1.006830
1.008037
1.009152
1.010170
1.011088
1.011903
1.012616
1.013228
1.013746
1.014175
1.014526
1.014810
1.015043
1.015240
1.015420
1.015605
1.015816
1.016079
1.016418
1.016861
1.017435
1.018168
1.019088
1.020221
1.021594
1.023233
1.025159
1.027394
1.029954
1.032855
1.036104
1.039708
1.043666
1.047971
1.052612
1.057569
1.062815
1.068316
1.074030
1.079907
1.085887
1.091904
1.097881
1.103734
1.109372
1.114694
1.119593
1.123957
1.127668
1.130603
1.132637
1.133647
1.133508
1.132099
1.129308
1.125029
1.119173
