1.056975
1.048555
1.039841
1.031171
1.022841
1.015106
1.008180
1.002245
0.997445
0.993893
0.991674
0.990844
0.991433
0.993450
0.996882
1.001698
1.007850
1.015277
1.023903
1.033644
1.044407
1.056090
1.068588
1.081791
1.095588
1.109866
1.124512
1.139417
1.154473
1.169575
1.184623
1.199524
1.214188
1.228535
1.242489
1.255983
1.268957
1.281359
1.293145
1.304280
1.314734
1.324489
1.333531
1.341855
1.349463
1.356362
1.362569
1.368101
1.372986
1.377252
1.380934
1.384069
1.386697
1.388860
1.390602
1.391967
1.393000
1.393746
1.394246
1.394542
1.394674
1.394677
1.394584
1.394424
1.394221
1.393996
1.393764
1.393533
1.393308
1.393087
1.392864
1.392625
1.392352
1.392019
1.391597
1.391052
1.390343
1.389426
1.388254
1.386773
1.384932
1.382672
1.379936
1.376667
1.372806
1.368297
1.363085
1.357120
1.350355
1.342747
1.334263
1.324875
1.314563
1.303319
1.291144
1.278051
1.264066
1.249228
1.233591
1.217224
