0.938005
0.937489
0.937600
0.938289
0.939503
0.941190
0.943300
0.945780
0.948581
0.951652
0.954945
0.958413
0.962010
0.965691
0.969416
0.973144
0.976839
0.980467
0.983995
0.987395
0.990641
0.993712
0.996587
0.999251
1.001692
1.003899
1.005866
1.007591
1.009074
1.010318
1.011329
1.012117
1.012693
1.013071
1.013268
1.013303
1.013197
1.012971
1.012650
1.012259
1.011823
1.011370
1.010927
1.010522
1.010182
1.009934
1.009804
1.009820
1.010004
1.010382
1.010974
1.011801
1.012880
1.014229
1.015861
1.017786
1.020014
1.022551
1.025398
1.028557
1.032024
1.035793
1.039855
1.044198
1.048806
1.053662
1.058744
1.064029
1.069489
1.075095
1.080817
1.086620
1.092468
1.098324
1.104149
1.109902
1.115543
1.121028
1.126316
1.131363
1.136126
1.140564
1.144632
1.148292
1.151502
1.154223
1.156417
1.158050
1.159085
1.159491
1.159237
1.158293
1.156631
1.154224
1.151048
1.147076
1.142285
1.136648
1.130140
1.122732
