0.890735
0.898104
0.906714
0.916406
0.927037
0.938478
0.950613
0.963339
0.976564
0.990206
1.004194
1.018465
1.032965
1.047646
1.062468
1.077395
1.092397
1.107448
1.122525
1.137610
1.152686
1.167736
1.182749
1.197710
1.212608
1.227431
1.242167
1.256802
1.271323
1.285715
1.299964
1.314051
1.327959
1.341667
1.355153
1.368396
1.381371
1.394051
1.406409
1.418417
1.430044
1.441261
1.452036
1.462337
1.472131
1.481385
1.490067
1.498144
1.505585
1.512357
1.518432
1.523780
1.528373
1.532186
1.535195
1.537378
1.538717
1.539193
1.538794
1.537507
1.535327
1.532246
1.528264
1.523383
1.517608
1.510948
1.503414
1.495023
1.485794
1.475748
1.464912
1.453313
1.440984
1.427958
1.414272
1.399966
1.385080
1.369656
1.353739
1.337373
1.320604
1.303479
1.286042
1.268340
1.250416
1.232313
1.214074
1.195737
1.177338
1.158911
1.140488
1.122093
1.103750
1.085478
1.067289
1.049193
1.031195
1.013293
0.995481
0.977750
