0.975452
1.003659
1.030963
1.057124
1.081937
1.105233
1.126874
1.146757
1.164805
1.180971
1.195231
1.207587
1.218061
1.226695
1.233549
1.238699
1.242234
1.244256
1.244878
1.244219
1.242408
1.239578
1.235865
1.231407
1.226345
1.220817
1.214961
1.208911
1.202798
1.196746
1.190874
1.185294
1.180111
1.175421
1.171312
1.167859
1.165133
1.163190
1.162078
1.161833
1.162482
1.164039
1.166510
1.169889
1.174161
1.179299
1.185268
1.192024
1.199514
1.207676
1.216442
1.225736
1.235477
1.245576
1.255943
1.266480
1.277089
1.287668
1.298114
1.308324
1.318193
1.327621
1.336506
1.344751
1.352261
1.358948
1.364727
1.369520
1.373256
1.375869
1.377303
1.377511
1.376454
1.374103
1.370437
1.365448
1.359136
1.351514
1.342602
1.332433
1.321050
1.308505
1.294860
1.280186
1.264562
1.248077
1.230823
1.212901
1.194414
1.175471
1.156180
1.136652
1.116994
1.097311
1.077701
1.058257
1.039059
1.020175
1.001659
0.983544
