0.957035
0.961441
0.965236
0.968475
0.971215
0.973507
0.975401
0.976945
0.978184
0.979158
0.979908
0.980468
0.980873
0.981151
0.981329
0.981433
0.981483
0.981499
0.981496
0.981490
0.981493
0.981513
0.981560
0.981640
0.981757
0.981915
0.982117
0.982362
0.982650
0.982982
0.983354
0.983765
0.984212
0.984690
0.985197
0.985728
0.986280
0.986846
0.987424
0.988009
0.988596
0.989182
0.989762
0.990332
0.990889
0.991429
0.991949
0.992446
0.992917
0.993362
0.993776
0.994160
0.994512
0.994831
0.995117
0.995371
0.995592
0.995783
0.995944
0.996079
0.996190
0.996280
0.996353
0.996414
0.996469
0.996524
0.996584
0.996658
0.996754
0.996881
0.997049
0.997267
0.997547
0.997901
0.998340
0.998878
0.999527
1.000301
1.001212
1.002274
1.003499
1.004899
1.006484
1.008264
1.010246
1.012435
1.014832
1.017435
1.020238
1.023227
1.026386
1.029688
1.033099
1.036574
1.040058
1.043482
1.046764
1.049802
1.052480
1.054658
