0.811504
0.831140
0.851908
0.873241
0.894645
0.915687
0.935998
0.955267
0.973237
0.989699
1.004495
1.017509
1.028663
1.037918
1.045268
1.050736
1.054374
1.056256
1.056477
1.055152
1.052409
1.048391
1.043249
1.037144
1.030241
1.022710
1.014719
1.006440
0.998039
0.989681
0.981521
0.973712
0.966396
0.959705
0.953764
0.948683
0.944561
0.941485
0.939530
0.938753
0.939203
0.940909
0.943890
0.948151
0.953679
0.960453
0.968434
0.977573
0.987808
0.999065
1.011261
1.024300
1.038080
1.052488
1.067407
1.082710
1.098268
1.113947
1.129611
1.145121
1.160339
1.175128
1.189353
1.202881
1.215586
1.227346
1.238048
1.247585
1.255860
1.262788
1.268292
1.272310
1.274791
1.275699
1.275012
1.272723
1.268838
1.263382
1.256392
1.247924
1.238044
1.226838
1.214403
1.200851
1.186304
1.170897
1.154775
1.138087
1.120993
1.103652
1.086227
1.068876
1.051755
1.035010
1.018772
1.003160
0.988267
0.974164
0.960886
0.948434
