0.864401
0.861787
0.861206
0.862554
0.865713
0.870552
0.876926
0.884681
0.893653
0.903673
0.914562
0.926141
0.938229
0.950645
0.963211
0.975754
0.988107
1.000110
1.011615
1.022485
1.032594
1.041831
1.050102
1.057325
1.063437
1.068392
1.072160
1.074729
1.076104
1.076307
1.075377
1.073368
1.070349
1.066405
1.061632
1.056138
1.050043
1.043473
1.036565
1.029460
1.022302
1.015240
1.008422
1.001996
0.996106
0.990891
0.986485
0.983014
0.980593
0.979326
0.979306
0.980611
0.983303
0.987429
0.993019
1.000086
1.008622
1.018603
1.029985
1.042706
1.056684
1.071821
1.087999
1.105086
1.122933
1.141377
1.160244
1.179346
1.198489
1.217470
1.236084
1.254121
1.271373
1.287635
1.302707
1.316398
1.328529
1.338934
1.347465
1.353995
1.358417
1.360650
1.360642
1.358367
1.353832
1.347076
1.338169
1.327218
1.314358
1.299761
1.283627
1.266182
1.247681
1.228395
1.208610
1.188622
1.168725
1.149202
1.130317
1.112297
