0.903525
0.919784
0.936059
0.951995
0.967293
0.981701
0.995016
1.007078
1.017768
1.027006
1.034749
1.040983
1.045726
1.049020
1.050933
1.051549
1.050974
1.049325
1.046731
1.043331
1.039271
1.034700
1.029770
1.024631
1.019434
1.014322
1.009437
1.004911
1.000869
0.997427
0.994688
0.992748
0.991688
0.991577
0.992473
0.994420
0.997448
1.001575
1.006808
1.013138
1.020547
1.029004
1.038466
1.048883
1.060193
1.072326
1.085204
1.098743
1.112854
1.127440
1.142404
1.157645
1.173059
1.188544
1.203997
1.219316
1.234403
1.249162
1.263502
1.277336
1.290583
1.303170
1.315030
1.326101
1.336333
1.345682
1.354111
1.361594
1.368112
1.373654
1.378220
1.381813
1.384446
1.386140
1.386921
1.386819
1.385870
1.384116
1.381598
1.378362
1.374453
1.369916
1.364797
1.359138
1.352977
1.346348
1.339281
1.331800
1.323919
1.315647
1.306986
1.297927
1.288454
1.278543
1.268162
1.257274
1.245833
1.233793
1.221103
1.207716
