0.938804
0.944703
0.950457
0.955961
0.961131
0.965899
0.970215
0.974043
0.977364
0.980170
0.982464
0.984260
0.985580
0.986456
0.986924
0.987024
0.986803
0.986308
0.985589
0.984695
0.983678
0.982585
0.981463
0.980358
0.979309
0.978355
0.977529
0.976861
0.976375
0.976090
0.976021
0.976179
0.976569
0.977190
0.978038
0.979105
0.980379
0.981843
0.983478
0.985261
0.987168
0.989171
0.991244
0.993358
0.995482
0.997587
0.999647
1.001632
1.003518
1.005280
1.006899
1.008356
1.009637
1.010730
1.011628
1.012329
1.012833
1.013146
1.013278
1.013242
1.013058
1.012747
1.012336
1.011854
1.011333
1.010808
1.010317
1.009898
1.009590
1.009431
1.009461
1.009716
1.010229
1.011033
1.012153
1.013611
1.015423
1.017595
1.020129
1.023015
1.026236
1.029764
1.033558
1.037568
1.041731
1.045972
1.050205
1.054331
1.058239
1.061808
1.064908
1.067398
1.069132
1.069959
1.069723
1.068273
1.065457
1.061134
1.055175
1.047469
