0.942424
0.951405
0.960088
0.968337
0.976045
0.983131
0.989534
0.995217
1.000163
1.004370
1.007854
1.010644
1.012778
1.014306
1.015286
1.015781
1.015858
1.015588
1.015043
1.014294
1.013411
1.012461
1.011509
1.010615
1.009833
1.009212
1.008793
1.008613
1.008699
1.009074
1.009750
1.010735
1.012028
1.013623
1.015505
1.017654
1.020047
1.022652
1.025435
1.028357
1.031378
1.034454
1.037540
1.040590
1.043559
1.046403
1.049079
1.051545
1.053766
1.055707
1.057340
1.058640
1.059590
1.060177
1.060395
1.060246
1.059737
1.058882
1.057704
1.056231
1.054499
1.052549
1.050430
1.048196
1.045903
1.043616
1.041400
1.039323
1.037456
1.035868
1.034629
1.033806
1.033463
1.033659
1.034447
1.035872
1.037971
1.040769
1.044282
1.048510
1.053440
1.059044
1.065278
1.072080
1.079369
1.087049
1.095002
1.103093
1.111171
1.119066
1.126593
1.133552
1.139733
1.144915
1.148873
1.151380
1.152213
1.151157
1.148013
1.142604
