0.963147
0.967616
0.972221
0.976900
0.981598
0.986269
0.990870
0.995366
0.999729
1.003932
1.007958
1.011791
1.015420
1.018838
1.022042
1.025030
1.027806
1.030373
1.032738
1.034909
1.036896
1.038709
1.040361
1.041863
1.043229
1.044471
1.045603
1.046637
1.047586
1.048462
1.049277
1.050041
1.050764
1.051456
1.052125
1.052777
1.053420
1.054059
1.054698
1.055340
1.055988
1.056643
1.057306
1.057977
1.058654
1.059337
1.060022
1.060709
1.061393
1.062071
1.062740
1.063395
1.064035
1.064655
1.065251
1.065821
1.066363
1.066874
1.067352
1.067797
1.068208
1.068585
1.068931
1.069246
1.069533
1.069797
1.070041
1.070269
1.070489
1.070706
1.070927
1.071159
1.071409
1.071686
1.071996
1.072348
1.072748
1.073202
1.073715
1.074292
1.074936
1.075646
1.076422
1.077259
1.078150
1.079085
1.080050
1.081026
1.081990
1.082914
1.083763
1.084497
1.085068
1.085422
1.085496
1.085220
1.084512
1.083282
1.081431
1.078847
