0.885618
0.902868
0.919967
0.936574
0.952399
0.967199
0.980781
0.992993
1.003726
1.012906
1.020494
1.026482
1.030890
1.033764
1.035171
1.035198
1.033950
1.031543
1.028108
1.023782
1.018709
1.013040
1.006926
1.000519
0.993968
0.987423
0.981024
0.974909
0.969206
0.964035
0.959508
0.955724
0.952773
0.950731
0.949663
0.949622
0.950647
0.952764
0.955986
0.960315
0.965738
0.972231
0.979758
0.988271
0.997714
1.008019
1.019107
1.030895
1.043288
1.056189
1.069491
1.083086
1.096860
1.110698
1.124482
1.138096
1.151423
1.164348
1.176760
1.188549
1.199614
1.209855
1.219183
1.227514
1.234773
1.240893
1.245819
1.249503
1.251910
1.253015
1.252804
1.251277
1.248441
1.244320
1.238944
1.232358
1.224616
1.215783
1.205933
1.195150
1.183525
1.171157
1.158150
1.144614
1.130662
1.116408
1.101968
1.087456
1.072983
1.058656
1.044575
1.030829
1.017500
1.004653
0.992341
0.980597
0.969435
0.958848
0.948803
0.939240
