0.919377
0.923811
0.928712
0.934153
0.940192
0.946871
0.954217
0.962240
0.970940
0.980301
0.990296
1.000888
1.012029
1.023664
1.035731
1.048161
1.060882
1.073818
1.086892
1.100026
1.113142
1.126164
1.139019
1.151635
1.163948
1.175897
1.187427
1.198488
1.209040
1.219046
1.228480
1.237322
1.245558
1.253184
1.260203
1.266625
1.272465
1.277748
1.282504
1.286766
1.290577
1.293980
1.297024
1.299761
1.302244
1.304531
1.306676
1.308737
1.310770
1.312827
1.314962
1.317223
1.319655
1.322298
1.325187
1.328352
1.331815
1.335594
1.339696
1.344123
1.348870
1.353921
1.359254
1.364839
1.370637
1.376602
1.382681
1.388812
1.394929
1.400958
1.406821
1.412434
1.417711
1.422563
1.426897
1.430623
1.433649
1.435886
1.437247
1.437651
1.437019
1.435283
1.432382
1.428261
1.422880
1.416208
1.408227
1.398933
1.388336
1.376460
1.363344
1.349044
1.333629
1.317182
1.299802
1.281599
1.262694
1.243215
1.223298
1.203083
