0.959809
0.961021
0.962576
0.964446
0.966601
0.969011
0.971643
0.974466
0.977448
0.980557
0.983760
0.987027
0.990328
0.993634
0.996917
1.000152
1.003314
1.006382
1.009334
1.012154
1.014824
1.017332
1.019665
1.021815
1.023776
1.025542
1.027111
1.028483
1.029660
1.030646
1.031447
1.032068
1.032520
1.032813
1.032957
1.032966
1.032851
1.032628
1.032310
1.031911
1.031447
1.030932
1.030379
1.029803
1.029217
1.028632
1.028061
1.027513
1.026998
1.026523
1.026094
1.025718
1.025397
1.025134
1.024929
1.024781
1.024688
1.024647
1.024652
1.024697
1.024775
1.024877
1.024995
1.025120
1.025240
1.025347
1.025429
1.025476
1.025480
1.025432
1.025323
1.025147
1.024898
1.024573
1.024171
1.023691
1.023135
1.022508
1.021817
1.021071
1.020282
1.019463
1.018630
1.017802
1.016997
1.016236
1.015539
1.014929
1.014425
1.014046
1.013807
1.013721
1.013794
1.014025
1.014406
1.014916
1.015522
1.016176
1.016811
1.017338
