0.874759
0.895766
0.916756
0.937456
0.957637
0.977106
0.995705
1.013311
1.029831
1.045201
1.059382
1.072359
1.084138
1.094743
1.104215
1.112611
1.119996
1.126449
1.132056
1.136907
1.141100
1.144733
1.147907
1.150723
1.153279
1.155672
1.157994
1.160333
1.162771
1.165384
1.168239
1.171399
1.174916
1.178835
1.183191
1.188012
1.193315
1.199111
1.205401
1.212175
1.219420
1.227110
1.235215
1.243697
1.252511
1.261607
1.270928
1.280416
1.290004
1.299627
1.309213
1.318690
1.327987
1.337029
1.345743
1.354058
1.361903
1.369211
1.375917
1.381959
1.387282
1.391833
1.395565
1.398437
1.400415
1.401469
1.401577
1.400724
1.398901
1.396107
1.392345
1.387629
1.381977
1.375413
1.367969
1.359681
1.350589
1.340742
1.330189
1.318983
1.307182
1.294843
1.282028
1.268795
1.255204
1.241314
1.227181
1.212858
1.198393
1.183832
1.169212
1.154565
1.139917
1.125285
1.110678
1.096096
1.081530
1.066963
1.052367
1.037706
