0.865986
0.863689
0.863244
0.864567
0.867575
0.872183
0.878307
0.885858
0.894747
0.904884
0.916177
0.928531
0.941854
0.956050
0.971024
0.986683
1.002934
1.019684
1.036843
1.054325
1.072045
1.089920
1.107874
1.125833
1.143727
1.161492
1.179068
1.196400
1.213438
1.230139
1.246462
1.262374
1.277845
1.292853
1.307378
1.321406
1.334926
1.347933
1.360424
1.372400
1.383866
1.394828
1.405295
1.415277
1.424786
1.433834
1.442433
1.450597
1.458337
1.465664
1.472589
1.479117
1.485256
1.491009
1.496376
1.501355
1.505940
1.510123
1.513892
1.517233
1.520125
1.522548
1.524477
1.525885
1.526742
1.527015
1.526670
1.525672
1.523985
1.521573
1.518399
1.514428
1.509627
1.503964
1.497411
1.489945
1.481545
1.472197
1.461892
1.450630
1.438415
1.425261
1.411191
1.396234
1.380432
1.363833
1.346495
1.328487
1.309884
1.290772
1.271240
1.251389
1.231318
1.211135
1.190943
1.170848
1.150948
1.131333
1.112080
1.093250
