0.947827
0.948471
0.949426
0.950655
0.952124
0.953802
0.955657
0.957659
0.959782
0.961998
0.964284
0.966618
0.968976
0.971341
0.973694
0.976019
0.978301
0.980526
0.982683
0.984761
0.986751
0.988646
0.990439
0.992126
0.993702
0.995165
0.996513
0.997747
0.998866
0.999874
1.000772
1.001565
1.002257
1.002854
1.003363
1.003789
1.004142
1.004429
1.004660
1.004845
1.004994
1.005117
1.005225
1.005331
1.005445
1.005580
1.005748
1.005961
1.006232
1.006572
1.006994
1.007510
1.008131
1.008869
1.009735
1.010738
1.011889
1.013197
1.014670
1.016315
1.018139
1.020147
1.022343
1.024730
1.027309
1.030081
1.033042
1.036190
1.039520
1.043023
1.046691
1.050513
1.054474
1.058559
1.062749
1.067023
1.071358
1.075728
1.080104
1.084454
1.088745
1.092939
1.096996
1.100875
1.104529
1.107912
1.110973
1.113658
1.115914
1.117681
1.118902
1.119515
1.119456
1.118663
1.117070
1.114612
1.111224
1.106840
1.101397
1.094831
