0.967128
0.972061
0.976757
0.981227
0.985478
0.989519
0.993356
0.996997
1.000449
1.003718
1.006809
1.009728
1.012480
1.015069
1.017499
1.019775
1.021900
1.023879
1.025716
1.027413
1.028976
1.030409
1.031717
1.032903
1.033972
1.034931
1.035784
1.036538
1.037198
1.037770
1.038261
1.038679
1.039028
1.039318
1.039554
1.039743
1.039893
1.040011
1.040103
1.040176
1.040235
1.040287
1.040337
1.040390
1.040451
1.040522
1.040608
1.040711
1.040832
1.040974
1.041136
1.041318
1.041520
1.041740
1.041976
1.042225
1.042483
1.042748
1.043015
1.043280
1.043539
1.043786
1.044018
1.044229
1.044417
1.044577
1.044707
1.044804
1.044866
1.044894
1.044888
1.044849
1.044782
1.044690
1.044581
1.044460
1.044338
1.044225
1.044133
1.044075
1.044066
1.044121
1.044256
1.044488
1.044832
1.045305
1.045919
1.046687
1.047619
1.048720
1.049990
1.051424
1.053008
1.054721
1.056529
1.058387
1.060234
1.061992
1.063564
1.064830
