0.927251
0.931533
0.935853
0.940142
0.944343
0.948406
0.952292
0.955967
0.959407
0.962594
0.965516
0.968166
0.970543
0.972650
0.974494
0.976085
0.977437
0.978566
0.979488
0.980224
0.980793
0.981216
0.981515
0.981711
0.981825
0.981877
0.981888
0.981876
0.981858
0.981850
0.981868
0.981924
0.982029
0.982193
0.982424
0.982727
0.983107
0.983567
0.984105
0.984723
0.985416
0.986182
0.987015
0.987907
0.988853
0.989843
0.990867
0.991917
0.992982
0.994051
0.995115
0.996162
0.997183
0.998168
0.999108
0.999995
1.000822
1.001583
1.002273
1.002889
1.003427
1.003889
1.004273
1.004584
1.004826
1.005003
1.005124
1.005197
1.005232
1.005242
1.005239
1.005238
1.005252
1.005298
1.005391
1.005548
1.005783
1.006113
1.006550
1.007108
1.007798
1.008629
1.009605
1.010731
1.012003
1.013416
1.014960
1.016616
1.018362
1.020168
1.021994
1.023793
1.025511
1.027079
1.028421
1.029448
1.030058
1.030136
1.029555
1.028171
