0.956778
0.962260
0.966743
0.970354
0.973212
0.975426
0.977096
0.978314
0.979163
0.979718
0.980043
0.980197
0.980232
0.980189
0.980105
0.980012
0.979933
0.979889
0.979894
0.979959
0.980091
0.980293
0.980566
0.980909
0.981319
0.981790
0.982317
0.982893
0.983510
0.984162
0.984839
0.985536
0.986246
0.986961
0.987677
0.988388
0.989090
0.989781
0.990459
0.991121
0.991768
0.992400
0.993018
0.993623
0.994219
0.994808
0.995393
0.995977
0.996564
0.997159
0.997763
0.998380
0.999014
0.999666
1.000339
1.001034
1.001751
1.002491
1.003254
1.004037
1.004839
1.005658
1.006489
1.007329
1.008175
1.009021
1.009862
1.010695
1.011514
1.012314
1.013093
1.013847
1.014574
1.015272
1.015941
1.016582
1.017198
1.017795
1.018377
1.018953
1.019533
1.020128
1.020752
1.021419
1.022146
1.022948
1.023843
1.024848
1.025977
1.027245
1.028661
1.030232
1.031958
1.033832
1.035835
1.037940
1.040104
1.042266
1.044345
1.046239
