0.416112
0.405987
0.396401
0.387286
0.378584
0.370238
0.362197
0.354415
0.346850
0.339466
0.332231
0.325114
0.318092
0.311144
0.304252
0.297403
0.290585
0.283790
0.277012
0.270249
0.263498
0.256762
0.250042
0.243342
0.236668
0.230025
0.223421
0.216864
0.210361
0.203922
0.197555
0.191268
0.185071
0.178972
0.172980
0.167101
0.161343
0.155713
0.150216
0.144859
0.139645
0.134578
0.129662
0.124899
0.120290
0.115836
0.111537
0.107392
0.103401
0.099560
0.095867
0.092319
0.088913
0.085643
0.082506
0.079496
0.076608
0.073838
0.071179
0.068625
0.066172
0.063813
0.061543
0.059356
0.057248
0.055214
0.053249
0.051348
0.049508
0.047725
0.045996
0.044318
0.042689
0.041106
0.039568
0.038074
0.036623
0.035213
0.033846
0.032521
0.031237
0.029996
0.028797
0.027642
0.026531
0.025463
0.024440
0.023461
0.022526
0.021635
0.020787
0.019981
0.019215
0.018487
0.017796
0.017138
0.016510
0.015909
0.015332
0.014774
