0.959839
0.962891
0.965394
0.967431
0.969076
0.970400
0.971464
0.972323
0.973024
0.973610
0.974117
0.974575
0.975009
0.975439
0.975880
0.976344
0.976840
0.977372
0.977941
0.978549
0.979193
0.979868
0.980570
0.981292
0.982028
0.982771
0.983513
0.984247
0.984967
0.985666
0.986338
0.986979
0.987583
0.988148
0.988671
0.989151
0.989587
0.989980
0.990330
0.990639
0.990911
0.991149
0.991356
0.991536
0.991696
0.991839
0.991970
0.992095
0.992219
0.992345
0.992480
0.992625
0.992786
0.992965
0.993163
0.993384
0.993626
0.993892
0.994180
0.994488
0.994816
0.995160
0.995518
0.995887
0.996262
0.996641
0.997018
0.997392
0.997758
0.998114
0.998458
0.998788
0.999105
0.999409
0.999704
0.999993
1.000282
1.000579
1.000893
1.001236
1.001622
1.002064
1.002579
1.003187
1.003905
1.004755
1.005755
1.006926
1.008286
1.009850
1.011632
1.013641
1.015877
1.018337
1.021004
1.023853
1.026841
1.029912
1.032987
1.035966
