0.951211
0.957683
0.963261
0.968019
0.972029
0.975363
0.978090
0.980278
0.981991
0.983289
0.984231
0.984872
0.985262
0.985448
0.985476
0.985383
0.985208
0.984983
0.984736
0.984495
0.984281
0.984113
0.984009
0.983981
0.984040
0.984194
0.984449
0.984808
0.985274
0.985845
0.986520
0.987296
0.988167
0.989129
0.990174
0.991296
0.992486
0.993736
0.995037
0.996381
0.997759
0.999162
1.000581
1.002009
1.003438
1.004861
1.006271
1.007662
1.009028
1.010366
1.011672
1.012943
1.014176
1.015371
1.016527
1.017645
1.018726
1.019773
1.020787
1.021774
1.022737
1.023681
1.024611
1.025535
1.026459
1.027389
1.028333
1.029297
1.030291
1.031320
1.032393
1.033515
1.034695
1.035937
1.037247
1.038630
1.040088
1.041625
1.043241
1.044934
1.046703
1.048543
1.050447
1.052404
1.054403
1.056428
1.058459
1.060475
1.062447
1.064343
1.066127
1.067757
1.069183
1.070351
1.071198
1.071655
1.071644
1.071075
1.069853
1.067868
