0.867781
0.863468
0.860846
0.859906
0.860632
0.862996
0.866962
0.872483
0.879504
0.887961
0.897783
0.908889
0.921195
0.934609
0.949035
0.964373
0.980523
0.997379
1.014838
1.032795
1.051147
1.069794
1.088636
1.107578
1.126531
1.145407
1.164127
1.182616
1.200805
1.218632
1.236040
1.252982
1.269415
1.285303
1.300618
1.315338
1.329446
1.342934
1.355795
1.368032
1.379649
1.390657
1.401069
1.410900
1.420172
1.428903
1.437117
1.444836
1.452085
1.458884
1.465257
1.471222
1.476798
1.482000
1.486840
1.491326
1.495464
1.499254
1.502693
1.505773
1.508483
1.510805
1.512718
1.514197
1.515214
1.515734
1.515723
1.515141
1.513947
1.512099
1.509553
1.506266
1.502195
1.497297
1.491536
1.484873
1.477279
1.468727
1.459197
1.448675
1.437157
1.424646
1.411155
1.396708
1.381337
1.365087
1.348014
1.330184
1.311674
1.292573
1.272977
1.252991
1.232728
1.212303
1.191837
1.171447
1.151249
1.131348
1.111839
1.092798
