0.862504
0.857698
0.855045
0.854446
0.855788
0.858950
0.863801
0.870201
0.878005
0.887060
0.897208
0.908292
0.920150
0.932622
0.945548
0.958775
0.972152
0.985533
0.998784
1.011776
1.024390
1.036521
1.048071
1.058957
1.069110
1.078472
1.087000
1.094662
1.101444
1.107343
1.112368
1.116543
1.119903
1.122495
1.124376
1.125614
1.126285
1.126472
1.126265
1.125761
1.125058
1.124260
1.123469
1.122788
1.122321
1.122167
1.122421
1.123173
1.124507
1.126498
1.129213
1.132709
1.137031
1.142214
1.148280
1.155237
1.163079
1.171790
1.181335
1.191668
1.202728
1.214442
1.226721
1.239467
1.252566
1.265898
1.279331
1.292723
1.305928
1.318794
1.331164
1.342880
1.353785
1.363724
1.372544
1.380101
1.386258
1.390891
1.393885
1.395145
1.394590
1.392158
1.387810
1.381527
1.373315
1.363206
1.351255
1.337547
1.322188
1.305314
1.287082
1.267673
1.247289
1.226148
1.204481
1.182526
1.160526
1.138716
1.117321
1.096541
