0.989045
0.981503
0.974530
0.968323
0.963040
0.958801
0.955689
0.953758
0.953028
0.953494
0.955128
0.957878
0.961674
0.966431
0.972048
0.978416
0.985416
0.992924
1.000813
1.008954
1.017217
1.025477
1.033613
1.041509
1.049056
1.056154
1.062713
1.068655
1.073909
1.078421
1.082146
1.085052
1.087121
1.088348
1.088739
1.088312
1.087100
1.085143
1.082494
1.079217
1.075382
1.071069
1.066365
1.061361
1.056156
1.050850
1.045546
1.040348
1.035360
1.030686
1.026425
1.022675
1.019525
1.017062
1.015365
1.014502
1.014536
1.015516
1.017484
1.020468
1.024486
1.029542
1.035629
1.042725
1.050797
1.059799
1.069671
1.080343
1.091732
1.103743
1.116272
1.129205
1.142419
1.155786
1.169170
1.182430
1.195423
1.208005
1.220031
1.231359
1.241849
1.251367
1.259789
1.266996
1.272883
1.277355
1.280334
1.281757
1.281576
1.279766
1.276317
1.271241
1.264573
1.256365
1.246693
1.235651
1.223353
1.209932
1.195533
1.180317
