0.960175
0.973774
0.987340
1.000579
1.013243
1.025123
1.036053
1.045905
1.054584
1.062032
1.068217
1.073138
1.076818
1.079302
1.080656
1.080962
1.080316
1.078827
1.076614
1.073801
1.070519
1.066901
1.063081
1.059191
1.055362
1.051719
1.048382
1.045464
1.043070
1.041294
1.040223
1.039930
1.040480
1.041924
1.044303
1.047645
1.051965
1.057269
1.063548
1.070786
1.078953
1.088010
1.097908
1.108591
1.119993
1.132043
1.144662
1.157765
1.171267
1.185075
1.199096
1.213235
1.227398
1.241491
1.255421
1.269098
1.282434
1.295349
1.307765
1.319609
1.330815
1.341327
1.351090
1.360062
1.368205
1.375491
1.381900
1.387419
1.392043
1.395773
1.398620
1.400600
1.401734
1.402050
1.401580
1.400360
1.398428
1.395825
1.392593
1.388773
1.384406
1.379529
1.374177
1.368382
1.362168
1.355556
1.348556
1.341174
1.333408
1.325245
1.316666
1.307642
1.298138
1.288111
1.277512
1.266288
1.254385
1.241748
1.228325
1.214074
