0.910540
0.913585
0.917420
0.921951
0.927088
0.932742
0.938828
0.945263
0.951966
0.958860
0.965872
0.972930
0.979969
0.986926
0.993742
1.000365
1.006746
1.012843
1.018616
1.024036
1.029075
1.033713
1.037936
1.041735
1.045109
1.048062
1.050602
1.052744
1.054511
1.055926
1.057022
1.057833
1.058398
1.058762
1.058970
1.059071
1.059117
1.059161
1.059259
1.059464
1.059832
1.060418
1.061274
1.062454
1.064005
1.065975
1.068406
1.071338
1.074805
1.078836
1.083457
1.088686
1.094534
1.101007
1.108106
1.115821
1.124139
1.133037
1.142486
1.152450
1.162886
1.173744
1.184967
1.196493
1.208253
1.220173
1.232174
1.244173
1.256084
1.267816
1.279279
1.290379
1.301022
1.311117
1.320571
1.329295
1.337204
1.344217
1.350257
1.355255
1.359148
1.361884
1.363416
1.363710
1.362741
1.360496
1.356973
1.352184
1.346150
1.338907
1.330501
1.320991
1.310447
1.298947
1.286580
1.273441
1.259630
1.245249
1.230401
1.215184
