0.998544
1.003232
1.006468
1.008598
1.009931
1.010739
1.011262
1.011707
1.012250
1.013038
1.014194
1.015814
1.017972
1.020721
1.024093
1.028105
1.032756
1.038032
1.043905
1.050338
1.057282
1.064682
1.072475
1.080593
1.088965
1.097515
1.106168
1.114847
1.123476
1.131981
1.140289
1.148332
1.156045
1.163369
1.170249
1.176637
1.182491
1.187776
1.192464
1.196534
1.199973
1.202776
1.204945
1.206489
1.207425
1.207779
1.207581
1.206869
1.205688
1.204087
1.202122
1.199852
1.197341
1.194656
1.191868
1.189046
1.186265
1.183596
1.181111
1.178882
1.176975
1.175455
1.174382
1.173812
1.173793
1.174367
1.175567
1.177419
1.179939
1.183132
1.186993
1.191506
1.196642
1.202360
1.208607
1.215317
1.222410
1.229795
1.237367
1.245010
1.252597
1.259987
1.267034
1.273579
1.279459
1.284504
1.288541
1.291397
1.292898
1.292876
1.291172
1.287634
1.282130
1.274543
1.264785
1.252794
1.238546
1.222055
1.203388
1.182663
