0.939281
0.952944
0.966104
0.978504
0.989928
1.000206
1.009203
1.016827
1.023016
1.027746
1.031020
1.032870
1.033352
1.032546
1.030550
1.027479
1.023462
1.018640
1.013163
1.007186
1.000871
0.994379
0.987871
0.981508
0.975446
0.969833
0.964811
0.960516
0.957069
0.954583
0.953159
0.952884
0.953831
0.956061
0.959619
0.964537
0.970830
0.978501
0.987539
0.997917
1.009597
1.022526
1.036640
1.051865
1.068114
1.085291
1.103294
1.122011
1.141323
1.161109
1.181240
1.201588
1.222020
1.242403
1.262607
1.282501
1.301959
1.320856
1.339076
1.356506
1.373040
1.388580
1.403038
1.416333
1.428395
1.439161
1.448583
1.456621
1.463245
1.468439
1.472193
1.474513
1.475411
1.474910
1.473044
1.469853
1.465386
1.459700
1.452856
1.444923
1.435971
1.426075
1.415311
1.403754
1.391482
1.378569
1.365084
1.351095
1.336663
1.321843
1.306684
1.291225
1.275499
1.259527
1.243324
1.226896
1.210240
1.193345
1.176196
1.158772
