0.970771
0.964455
0.958586
0.953303
0.948718
0.944915
0.941953
0.939870
0.938679
0.938377
0.938942
0.940338
0.942514
0.945410
0.948956
0.953073
0.957679
0.962686
0.968003
0.973540
0.979207
0.984915
0.990579
0.996118
1.001456
1.006523
1.011256
1.015599
1.019504
1.022932
1.025853
1.028244
1.030092
1.031395
1.032155
1.032387
1.032113
1.031361
1.030169
1.028580
1.026645
1.024418
1.021961
1.019337
1.016614
1.013863
1.011154
1.008561
1.006155
1.004008
1.002188
1.000761
0.999790
0.999334
0.999444
1.000167
1.001543
1.003605
1.006377
1.009876
1.014109
1.019073
1.024759
1.031145
1.038200
1.045884
1.054148
1.062932
1.072168
1.081780
1.091681
1.101780
1.111978
1.122169
1.132243
1.142085
1.151579
1.160604
1.169041
1.176772
1.183679
1.189648
1.194571
1.198346
1.200878
1.202082
1.201884
1.200222
1.197048
1.192327
1.186041
1.178191
1.168793
1.157884
1.145520
1.131774
1.116743
1.100541
1.083302
1.065177
