0.805854
0.832394
0.860639
0.890016
0.920005
0.950136
0.979991
1.009197
1.037425
1.064390
1.089849
1.113595
1.135459
1.155309
1.173043
1.188593
1.201918
1.213006
1.221872
1.228553
1.233109
1.235619
1.236182
1.234914
1.231945
1.227417
1.221485
1.214313
1.206071
1.196939
1.187096
1.176727
1.166016
1.155149
1.144306
1.133666
1.123401
1.113676
1.104651
1.096472
1.089279
1.083197
1.078340
1.074809
1.072689
1.072052
1.072952
1.075428
1.079505
1.085187
1.092463
1.101307
1.111674
1.123504
1.136720
1.151230
1.166928
1.183693
1.201390
1.219876
1.238992
1.258573
1.278445
1.298428
1.318334
1.337976
1.357163
1.375704
1.393410
1.410099
1.425591
1.439718
1.452319
1.463246
1.472365
1.479560
1.484728
1.487790
1.488685
1.487374
1.483843
1.478102
1.470186
1.460155
1.448095
1.434118
1.418360
1.400981
1.382162
1.362108
1.341037
1.319183
1.296790
1.274109
1.251390
1.228875
1.206795
1.185360
1.164746
1.145091
