1.076926
1.071754
1.064219
1.054885
1.044261
1.032798
1.020895
1.008902
0.997119
0.985804
0.975172
0.965400
0.956626
0.948956
0.942466
0.937200
0.933180
0.930401
0.928839
0.928452
0.929180
0.930950
0.933676
0.937263
0.941611
0.946608
0.952145
0.958106
0.964375
0.970840
0.977389
0.983913
0.990311
0.996484
1.002345
1.007810
1.012808
1.017275
1.021158
1.024413
1.027009
1.028923
1.030147
1.030681
1.030537
1.029736
1.028313
1.026310
1.023779
1.020782
1.017387
1.013673
1.009721
1.005621
1.001466
0.997353
0.993381
0.989652
0.986266
0.983322
0.980918
0.979148
0.978099
0.977854
0.978487
0.980066
0.982646
0.986272
0.990978
0.996782
1.003691
1.011694
1.020768
1.030870
1.041942
1.053908
1.066676
1.080136
1.094160
1.108604
1.123309
1.138099
1.152787
1.167171
1.181040
1.194174
1.206347
1.217331
1.226896
1.234820
1.240884
1.244885
1.246638
1.245978
1.242772
1.236923
1.228377
1.217130
1.203238
1.186829
