0.992854
0.991213
0.989102
0.986693
0.984144
0.981598
0.979186
0.977027
0.975226
0.973877
0.973063
0.972855
0.973313
0.974489
0.976424
0.979147
0.982681
0.987039
0.992225
0.998236
1.005061
1.012681
1.021071
1.030199
1.040027
1.050511
1.061604
1.073252
1.085397
1.097978
1.110931
1.124188
1.137679
1.151332
1.165076
1.178835
1.192536
1.206104
1.219466
1.232549
1.245282
1.257596
1.269423
1.280698
1.291361
1.301354
1.310622
1.319116
1.326789
1.333600
1.339513
1.344496
1.348523
1.351574
1.353632
1.354688
1.354736
1.353777
1.351817
1.348867
1.344943
1.340067
1.334263
1.327563
1.319999
1.311610
1.302437
1.292524
1.281917
1.270666
1.258821
1.246433
1.233554
1.220236
1.206530
1.192487
1.178156
1.163582
1.148811
1.133882
1.118833
1.103697
1.088502
1.073273
1.058027
1.042779
1.027536
1.012301
0.997070
0.981837
0.966588
0.951306
0.935971
0.920558
0.905042
0.889397
0.873598
0.857621
0.841447
0.825065
