0.962170
0.959244
0.956630
0.954507
0.953020
0.952284
0.952381
0.953365
0.955263
0.958080
0.961798
0.966381
0.971776
0.977916
0.984723
0.992109
0.999979
1.008233
1.016770
1.025485
1.034277
1.043046
1.051696
1.060138
1.068287
1.076068
1.083415
1.090270
1.096585
1.102323
1.107457
1.111971
1.115859
1.119127
1.121790
1.123872
1.125408
1.126440
1.127017
1.127198
1.127045
1.126626
1.126014
1.125282
1.124508
1.123769
1.123142
1.122702
1.122522
1.122672
1.123214
1.124208
1.125705
1.127750
1.130379
1.133620
1.137490
1.141998
1.147141
1.152906
1.159271
1.166202
1.173655
1.181576
1.189902
1.198560
1.207471
1.216546
1.225691
1.234807
1.243790
1.252535
1.260935
1.268881
1.276271
1.283001
1.288975
1.294104
1.298308
1.301514
1.303665
1.304715
1.304631
1.303400
1.301023
1.297519
1.292926
1.287299
1.280713
1.273261
1.265049
1.256204
1.246860
1.237166
1.227274
1.217343
1.207524
1.197964
1.188791
1.180112
