1.313280
1.321133
1.328001
1.334107
1.339654
1.344822
1.349770
1.354639
1.359550
1.364606
1.369893
1.375481
1.381424
1.387762
1.394522
1.401718
1.409352
1.417416
1.425893
1.434757
1.443973
1.453501
1.463293
1.473299
1.483463
1.493723
1.504020
1.514288
1.524463
1.534479
1.544271
1.553775
1.562929
1.571670
1.579941
1.587686
1.594854
1.601396
1.607268
1.612430
1.616848
1.620490
1.623331
1.625352
1.626538
1.626878
1.626368
1.625009
1.622807
1.619772
1.615920
1.611270
1.605848
1.599682
1.592805
1.585252
1.577062
1.568278
1.558943
1.549104
1.538809
1.528106
1.517045
1.505675
1.494046
1.482207
1.470204
1.458085
1.445891
1.433665
1.421444
1.409263
1.397153
1.385140
1.373247
1.361490
1.349883
1.338432
1.327139
1.316002
1.305010
1.294150
1.283401
1.272740
1.262135
1.251553
1.240955
1.230300
1.219543
1.208636
1.197531
1.186180
1.174535
1.162551
1.150185
1.137400
1.124166
1.110460
1.096272
1.081603
