1.027410
1.026487
1.024889
1.022766
1.020257
1.017485
1.014563
1.011590
1.008656
1.005839
1.003210
1.000828
0.998745
0.997004
0.995642
0.994687
0.994160
0.994075
0.994442
0.995262
0.996532
0.998245
1.000386
1.002938
1.005879
1.009183
1.012820
1.016759
1.020965
1.025400
1.030027
1.034805
1.039694
1.044653
1.049641
1.054616
1.059541
1.064377
1.069087
1.073638
1.077998
1.082138
1.086034
1.089664
1.093010
1.096058
1.098799
1.101229
1.103347
1.105158
1.106671
1.107899
1.108862
1.109581
1.110085
1.110403
1.110572
1.110628
1.110613
1.110571
1.110546
1.110585
1.110736
1.111045
1.111560
1.112325
1.113383
1.114774
1.116533
1.118692
1.121276
1.124304
1.127788
1.131730
1.136127
1.140963
1.146213
1.151841
1.157800
1.164033
1.170468
1.177023
1.183605
1.190108
1.196416
1.202403
1.207933
1.212864
1.217045
1.220324
1.222546
1.223555
1.223204
1.221351
1.217865
1.212636
1.205574
1.196618
1.185744
1.172969
