1.006945
1.012180
1.016746
1.020788
1.024435
1.027796
1.030966
1.034023
1.037033
1.040049
1.043111
1.046250
1.049487
1.052835
1.056299
1.059878
1.063566
1.067352
1.071221
1.075157
1.079139
1.083147
1.087159
1.091153
1.095109
1.099004
1.102820
1.106539
1.110146
1.113626
1.116969
1.120166
1.123211
1.126100
1.128834
1.131415
1.133848
1.136139
1.138300
1.140342
1.142280
1.144129
1.145907
1.147632
1.149324
1.151004
1.152691
1.154405
1.156167
1.157996
1.159910
1.161924
1.164054
1.166313
1.168709
1.171250
1.173941
1.176783
1.179772
1.182902
1.186163
1.189541
1.193018
1.196570
1.200171
1.203790
1.207392
1.210937
1.214384
1.217684
1.220789
1.223644
1.226195
1.228383
1.230148
1.231429
1.232162
1.232285
1.231737
1.230455
1.228379
1.225453
1.221622
1.216836
1.211049
1.204222
1.196320
1.187319
1.177199
1.165953
1.153581
1.140094
1.125515
1.109881
1.093238
1.075649
1.057190
1.037952
1.018040
0.997576
