0.915346
0.926310
0.937229
0.947931
0.958271
0.968128
0.977404
0.986022
0.993926
1.001077
1.007456
1.013055
1.017882
1.021957
1.025311
1.027983
1.030023
1.031484
1.032429
1.032921
1.033030
1.032826
1.032381
1.031768
1.031057
1.030320
1.029624
1.029035
1.028616
1.028424
1.028512
1.028931
1.029724
1.030928
1.032576
1.034696
1.037308
1.040425
1.044058
1.048208
1.052872
1.058042
1.063701
1.069832
1.076408
1.083400
1.090774
1.098492
1.106512
1.114791
1.123279
1.131929
1.140688
1.149505
1.158326
1.167097
1.175766
1.184281
1.192591
1.200647
1.208402
1.215813
1.222839
1.229443
1.235591
1.241256
1.246413
1.251044
1.255135
1.258676
1.261666
1.264107
1.266007
1.267379
1.268243
1.268622
1.268547
1.268051
1.267172
1.265953
1.264437
1.262674
1.260712
1.258602
1.256395
1.254140
1.251885
1.249675
1.247549
1.245541
1.243679
1.241979
1.240449
1.239084
1.237863
1.236751
1.235693
1.234614
1.233415
1.231973
