1.047163
1.045872
1.043055
1.039093
1.034327
1.029061
1.023566
1.018076
1.012794
1.007894
1.003522
0.999797
0.996815
0.994649
0.993351
0.992954
0.993476
0.994918
0.997267
1.000497
1.004575
1.009455
1.015084
1.021405
1.028352
1.035858
1.043852
1.052261
1.061011
1.070029
1.079241
1.088578
1.097970
1.107352
1.116662
1.125841
1.134836
1.143598
1.152083
1.160251
1.168071
1.175513
1.182555
1.189179
1.195375
1.201134
1.206455
1.211342
1.215800
1.219842
1.223482
1.226738
1.229632
1.232188
1.234430
1.236385
1.238083
1.239550
1.240815
1.241906
1.242849
1.243670
1.244390
1.245030
1.245607
1.246134
1.246622
1.247075
1.247493
1.247874
1.248207
1.248477
1.248665
1.248744
1.248683
1.248446
1.247989
1.247267
1.246225
1.244809
1.242956
1.240604
1.237685
1.234130
1.229870
1.224834
1.218953
1.212160
1.204392
1.195590
1.185702
1.174685
1.162504
1.149138
1.134578
1.118835
1.101933
1.083923
1.064876
1.044891
