0.909298
0.912899
0.917746
0.923615
0.930298
0.937604
0.945362
0.953416
0.961625
0.969867
0.978033
0.986029
0.993774
1.001201
1.008256
1.014895
1.021086
1.026809
1.032050
1.036806
1.041083
1.044892
1.048252
1.051188
1.053730
1.055912
1.057771
1.059350
1.060690
1.061839
1.062841
1.063744
1.064594
1.065438
1.066321
1.067286
1.068374
1.069625
1.071074
1.072755
1.074697
1.076926
1.079463
1.082325
1.085526
1.089075
1.092976
1.097228
1.101827
1.106764
1.112024
1.117591
1.123442
1.129552
1.135892
1.142430
1.149130
1.155954
1.162863
1.169815
1.176766
1.183673
1.190491
1.197176
1.203683
1.209971
1.215998
1.221724
1.227114
1.232133
1.236752
1.240944
1.244688
1.247967
1.250769
1.253086
1.254919
1.256272
1.257155
1.257584
1.257582
1.257177
1.256401
1.255292
1.253892
1.252248
1.250407
1.248419
1.246338
1.244211
1.242089
1.240015
1.238028
1.236158
1.234425
1.232835
1.231378
1.230024
1.228721
1.227388
