0.953864
0.961083
0.968381
0.975755
0.983199
0.990708
0.998279
1.005906
1.013582
1.021300
1.029052
1.036827
1.044616
1.052406
1.060184
1.067938
1.075654
1.083318
1.090915
1.098431
1.105853
1.113167
1.120359
1.127419
1.134335
1.141096
1.147694
1.154121
1.160370
1.166436
1.172314
1.178002
1.183498
1.188801
1.193912
1.198832
1.203564
1.208108
1.212470
1.216652
1.220657
1.224490
1.228152
1.231646
1.234974
1.238138
1.241135
1.243966
1.246625
1.249110
1.251413
1.253526
1.255438
1.257136
1.258607
1.259832
1.260794
1.261470
1.261838
1.261873
1.261548
1.260835
1.259704
1.258124
1.256064
1.253492
1.250375
1.246681
1.242380
1.237441
1.231836
1.225538
1.218523
1.210772
1.202266
1.192993
1.182945
1.172117
1.160512
1.148139
1.135011
1.121150
1.106583
1.091347
1.075482
1.059039
1.042074
1.024649
1.006834
0.988704
0.970339
0.951822
0.933240
0.914681
0.896230
0.877974
0.859991
0.842353
0.825121
0.808342
