1.020216
1.027075
1.032518
1.036749
1.039957
1.042314
1.043979
1.045099
1.045806
1.046221
1.046450
1.046593
1.046734
1.046950
1.047307
1.047863
1.048664
1.049751
1.051155
1.052900
1.055004
1.057475
1.060319
1.063535
1.067114
1.071046
1.075314
1.079900
1.084779
1.089925
1.095310
1.100903
1.106671
1.112581
1.118598
1.124688
1.130817
1.136949
1.143052
1.149094
1.155043
1.160871
1.166551
1.172059
1.177372
1.182472
1.187342
1.191968
1.196342
1.200454
1.204303
1.207887
1.211209
1.214273
1.217090
1.219668
1.222023
1.224169
1.226124
1.227907
1.229539
1.231040
1.232432
1.233736
1.234973
1.236163
1.237324
1.238471
1.239617
1.240774
1.241946
1.243137
1.244342
1.245555
1.246761
1.247940
1.249066
1.250105
1.251019
1.251759
1.252271
1.252495
1.252363
1.251799
1.250724
1.249052
1.246694
1.243555
1.239542
1.234559
1.228512
1.221309
1.212867
1.203109
1.191970
1.179403
1.165375
1.149882
1.132943
1.114614
