0.933986
0.942279
0.950325
0.958042
0.965366
0.972244
0.978641
0.984530
0.989899
0.994743
0.999068
1.002888
1.006223
1.009101
1.011553
1.013617
1.015333
1.016742
1.017891
1.018826
1.019593
1.020240
1.020812
1.021356
1.021915
1.022531
1.023244
1.024090
1.025103
1.026314
1.027751
1.029435
1.031388
1.033624
1.036157
1.038994
1.042139
1.045593
1.049353
1.053410
1.057756
1.062375
1.067252
1.072367
1.077697
1.083217
1.088902
1.094722
1.100649
1.106650
1.112694
1.118749
1.124783
1.130763
1.136659
1.142440
1.148075
1.153539
1.158804
1.163847
1.168647
1.173184
1.177444
1.181413
1.185082
1.188446
1.191501
1.194248
1.196694
1.198845
1.200714
1.202317
1.203672
1.204802
1.205732
1.206489
1.207104
1.207608
1.208036
1.208421
1.208799
1.209203
1.209669
1.210227
1.210906
1.211733
1.212728
1.213908
1.215281
1.216847
1.218600
1.220520
1.222577
1.224727
1.226911
1.229054
1.231061
1.232818
1.234190
1.235016
