0.987762
0.981786
0.975278
0.968545
0.961851
0.955420
0.949438
0.944055
0.939388
0.935523
0.932519
0.930407
0.929198
0.928881
0.929428
0.930793
0.932921
0.935743
0.939181
0.943152
0.947567
0.952335
0.957363
0.962557
0.967829
0.973088
0.978253
0.983246
0.987993
0.992430
0.996501
1.000155
1.003353
1.006063
1.008262
1.009938
1.011085
1.011707
1.011819
1.011440
1.010600
1.009334
1.007684
1.005700
1.003434
1.000945
0.998293
0.995543
0.992759
0.990010
0.987361
0.984877
0.982623
0.980660
0.979044
0.977828
0.977060
0.976781
0.977026
0.977822
0.979188
0.981135
0.983665
0.986772
0.990437
0.994635
0.999330
1.004477
1.010020
1.015895
1.022029
1.028341
1.034742
1.041137
1.047422
1.053490
1.059230
1.064527
1.069264
1.073323
1.076589
1.078947
1.080287
1.080503
1.079498
1.077182
1.073476
1.068314
1.061642
1.053422
1.043635
1.032277
1.019367
1.004943
0.989067
0.971825
0.953325
0.933703
0.913119
0.891758
