0.988910
0.983573
0.977849
0.971980
0.966173
0.960602
0.955414
0.950726
0.946631
0.943196
0.940469
0.938478
0.937230
0.936722
0.936931
0.937828
0.939368
0.941501
0.944169
0.947307
0.950850
0.954725
0.958862
0.963187
0.967630
0.972120
0.976592
0.980982
0.985230
0.989282
0.993090
0.996610
0.999806
1.002647
1.005110
1.007177
1.008837
1.010088
1.010932
1.011378
1.011442
1.011145
1.010512
1.009576
1.008373
1.006941
1.005325
1.003569
1.001723
0.999835
0.997956
0.996136
0.994426
0.992875
0.991529
0.990433
0.989628
0.989152
0.989038
0.989314
0.990002
0.991120
0.992678
0.994678
0.997118
0.999985
1.003261
1.006920
1.010926
1.015238
1.019805
1.024569
1.029466
1.034422
1.039359
1.044192
1.048831
1.053180
1.057141
1.060611
1.063486
1.065660
1.067029
1.067489
1.066938
1.065282
1.062428
1.058293
1.052804
1.045896
1.037519
1.027638
1.016231
1.003299
0.988861
0.972959
0.955660
0.937057
0.917274
0.896465
