0.990246
0.983667
0.976672
0.969555
0.962567
0.955920
0.949790
0.944315
0.939604
0.935736
0.932760
0.930705
0.929573
0.929351
0.930006
0.931491
0.933747
0.936703
0.940282
0.944399
0.948966
0.953890
0.959080
0.964442
0.969888
0.975330
0.980685
0.985876
0.990832
0.995487
0.999787
1.003680
1.007128
1.010099
1.012569
1.014524
1.015960
1.016878
1.017292
1.017220
1.016690
1.015735
1.014396
1.012719
1.010756
1.008561
1.006194
1.003717
1.001192
0.998685
0.996259
0.993978
0.991905
0.990097
0.988612
0.987501
0.986810
0.986579
0.986845
0.987633
0.988963
0.990848
0.993289
0.996282
0.999811
1.003852
1.008371
1.013325
1.018662
1.024322
1.030233
1.036318
1.042492
1.048662
1.054728
1.060588
1.066131
1.071247
1.075821
1.079739
1.082885
1.085147
1.086415
1.086586
1.085561
1.083249
1.079572
1.074460
1.067857
1.059723
1.050033
1.038780
1.025978
1.011661
0.995886
0.978731
0.960301
0.940727
0.920163
0.898792
