0.989341
0.983028
0.976254
0.969319
0.962479
0.955951
0.949915
0.944514
0.939860
0.936034
0.933091
0.931059
0.929944
0.929735
0.930399
0.931892
0.934154
0.937117
0.940703
0.944827
0.949401
0.954334
0.959532
0.964903
0.970357
0.975806
0.981167
0.986362
0.991319
0.995973
1.000268
1.004152
1.007586
1.010538
1.012984
1.014909
1.016309
1.017187
1.017553
1.017428
1.016839
1.015819
1.014410
1.012658
1.010614
1.008336
1.005881
1.003314
1.000696
0.998095
0.995574
0.993198
0.991029
0.989129
0.987552
0.986352
0.985576
0.985265
0.985454
0.986172
0.987438
0.989264
0.991654
0.994602
0.998094
1.002105
1.006601
1.011541
1.016870
1.022529
1.028447
1.034545
1.040737
1.046931
1.053026
1.058919
1.064499
1.069654
1.074270
1.078230
1.081419
1.083723
1.085034
1.085244
1.084256
1.081979
1.078332
1.073246
1.066665
1.058548
1.048870
1.037625
1.024826
1.010507
0.994725
0.977561
0.959119
0.939529
0.918950
0.897562
