0.993545
0.987351
0.980602
0.973612
0.966649
0.959941
0.953677
0.948011
0.943063
0.938923
0.935652
0.933285
0.931836
0.931296
0.931640
0.932825
0.934796
0.937487
0.940823
0.944721
0.949094
0.953850
0.958897
0.964143
0.969497
0.974870
0.980178
0.985340
0.990285
0.994944
0.999259
1.003177
1.006655
1.009658
1.012161
1.014147
1.015607
1.016542
1.016960
1.016880
1.016326
1.015330
1.013931
1.012173
1.010107
1.007787
1.005272
1.002623
0.999904
0.997180
0.994515
0.991975
0.989623
0.987519
0.985722
0.984285
0.983257
0.982681
0.982595
0.983029
0.984006
0.985540
0.987637
0.990296
0.993503
0.997239
1.001472
1.006162
1.011260
1.016706
1.022434
1.028368
1.034422
1.040507
1.046523
1.052368
1.057931
1.063102
1.067765
1.071804
1.075101
1.077542
1.079014
1.079410
1.078627
1.076572
1.073158
1.068313
1.061975
1.054098
1.044652
1.033625
1.021024
1.006879
0.991240
0.974184
0.955811
0.936249
0.915652
0.894203
