1.029824
1.030082
1.029198
1.027445
1.025070
1.022299
1.019333
1.016352
1.013515
1.010959
1.008805
1.007151
1.006082
1.005662
1.005944
1.006961
1.008737
1.011281
1.014589
1.018648
1.023433
1.028912
1.035043
1.041777
1.049060
1.056829
1.065021
1.073564
1.082386
1.091411
1.100562
1.109762
1.118931
1.127992
1.136867
1.145481
1.153759
1.161630
1.169026
1.175883
1.182139
1.187737
1.192626
1.196757
1.200088
1.202582
1.204207
1.204935
1.204748
1.203628
1.201566
1.198558
1.194606
1.189715
1.183898
1.177172
1.169558
1.161083
1.151777
1.141675
1.130815
1.119239
1.106991
1.094118
1.080670
1.066697
1.052252
1.037387
1.022155
1.006610
0.990804
0.974789
0.958613
0.942326
0.925973
0.909596
0.893236
0.876928
0.860704
0.844594
0.828619
0.812800
0.797151
0.781681
0.766397
0.751296
0.736377
0.721628
0.707039
0.692591
0.678266
0.664042
0.649894
0.635799
0.621730
0.607665
0.593584
0.579470
0.565312
0.551106
