0.957680
0.969185
0.979970
0.989913
0.998921
1.006927
1.013890
1.019792
1.024633
1.028437
1.031241
1.033098
1.034077
1.034254
1.033716
1.032559
1.030880
1.028785
1.026377
1.023765
1.021052
1.018341
1.015732
1.013318
1.011188
1.009423
1.008098
1.007278
1.007019
1.007369
1.008365
1.010035
1.012396
1.015455
1.019209
1.023647
1.028744
1.034470
1.040783
1.047636
1.054970
1.062723
1.070823
1.079196
1.087760
1.096430
1.105119
1.113736
1.122190
1.130388
1.138239
1.145652
1.152540
1.158816
1.164400
1.169214
1.173188
1.176255
1.178357
1.179442
1.179466
1.178394
1.176197
1.172858
1.168367
1.162722
1.155933
1.148015
1.138995
1.128907
1.117794
1.105705
1.092697
1.078834
1.064185
1.048823
1.032827
1.016279
0.999261
0.981859
0.964156
0.946238
0.928184
0.910074
0.891982
0.873976
0.856119
0.838465
0.821062
0.803946
0.787146
0.770680
0.754556
0.738770
0.723311
0.708154
0.693267
0.678609
0.664135
0.649790
