0.987529
0.994992
1.001344
1.006590
1.010748
1.013854
1.015953
1.017105
1.017378
1.016850
1.015609
1.013745
1.011357
1.008546
1.005414
1.002066
0.998606
0.995135
0.991754
0.988558
0.985638
0.983080
0.980961
0.979354
0.978321
0.977919
0.978193
0.979180
0.980907
0.983393
0.986646
0.990663
0.995435
1.000939
1.007148
1.014022
1.021515
1.029573
1.038134
1.047131
1.056490
1.066132
1.075973
1.085928
1.095905
1.105814
1.115563
1.125058
1.134207
1.142920
1.151109
1.158687
1.165575
1.171695
1.176976
1.181352
1.184765
1.187163
1.188502
1.188745
1.187865
1.185842
1.182664
1.178331
1.172849
1.166233
1.158506
1.149702
1.139860
1.129028
1.117259
1.104614
1.091159
1.076967
1.062110
1.046668
1.030721
1.014351
0.997639
0.980667
0.963512
0.946252
0.928957
0.911696
0.894527
0.877506
0.860678
0.844080
0.827741
0.811678
0.795900
0.780406
0.765185
0.750214
0.735464
0.720897
0.706469
0.692131
0.677830
0.663515
