0.954951
0.965207
0.975142
0.984597
0.993441
1.001573
1.008915
1.015415
1.021043
1.025786
1.029653
1.032668
1.034869
1.036307
1.037044
1.037150
1.036704
1.035789
1.034493
1.032906
1.031121
1.029227
1.027316
1.025473
1.023783
1.022325
1.021172
1.020391
1.020042
1.020179
1.020846
1.022080
1.023909
1.026353
1.029421
1.033116
1.037431
1.042350
1.047850
1.053900
1.060459
1.067483
1.074917
1.082704
1.090779
1.099073
1.107512
1.116021
1.124520
1.132928
1.141163
1.149142
1.156783
1.164004
1.170728
1.176876
1.182376
1.187158
1.191157
1.194313
1.196573
1.197889
1.198219
1.197530
1.195793
1.192991
1.189111
1.184149
1.178110
1.171006
1.162856
1.153688
1.143535
1.132440
1.120451
1.107620
1.094008
1.079680
1.064702
1.049148
1.033091
1.016607
0.999774
0.982668
0.965365
0.947939
0.930460
0.912995
0.895606
0.878349
0.861274
0.844423
0.827828
0.811516
0.795501
0.779788
0.764374
0.749243
0.734371
0.719724
