0.992553
0.991307
0.989288
0.986677
0.983633
0.980299
0.976800
0.973247
0.969737
0.966351
0.963160
0.960223
0.957587
0.955291
0.953362
0.951822
0.950684
0.949953
0.949629
0.949706
0.950175
0.951018
0.952219
0.953755
0.955602
0.957732
0.960118
0.962729
0.965536
0.968509
0.971616
0.974827
0.978113
0.981447
0.984800
0.988148
0.991467
0.994735
0.997934
1.001048
1.004060
1.006961
1.009740
1.012392
1.014913
1.017301
1.019560
1.021691
1.023704
1.025605
1.027406
1.029120
1.030761
1.032345
1.033890
1.035412
1.036931
1.038465
1.040033
1.041652
1.043339
1.045110
1.046979
1.048958
1.051055
1.053278
1.055628
1.058106
1.060705
1.063417
1.066228
1.069117
1.072060
1.075028
1.077983
1.080883
1.083682
1.086324
1.088751
1.090896
1.092690
1.094057
1.094917
1.095186
1.094778
1.093603
1.091572
1.088594
1.084582
1.079452
1.073122
1.065522
1.056588
1.046269
1.034529
1.021350
1.006737
0.990717
0.973348
0.954724
