0.949925
0.955775
0.961140
0.965968
0.970224
0.973885
0.976941
0.979395
0.981258
0.982552
0.983309
0.983565
0.983367
0.982762
0.981806
0.980555
0.979068
0.977404
0.975624
0.973787
0.971950
0.970168
0.968494
0.966975
0.965656
0.964576
0.963770
0.963268
0.963092
0.963262
0.963789
0.964682
0.965941
0.967563
0.969540
0.971856
0.974495
0.977434
0.980647
0.984106
0.987778
0.991630
0.995626
0.999730
1.003904
1.008111
1.012315
1.016480
1.020572
1.024559
1.028412
1.032105
1.035613
1.038918
1.042003
1.044856
1.047471
1.049844
1.051974
1.053869
1.055536
1.056989
1.058244
1.059322
1.060244
1.061036
1.061723
1.062335
1.062899
1.063443
1.063994
1.064577
1.065213
1.065923
1.066718
1.067609
1.068597
1.069678
1.070840
1.072061
1.073312
1.074552
1.075731
1.076789
1.077656
1.078250
1.078481
1.078247
1.077441
1.075946
1.073641
1.070400
1.066099
1.060611
1.053818
1.045610
1.035890
1.024581
1.011631
0.997018
