1.002456
0.998200
0.993145
0.987555
0.981664
0.975676
0.969765
0.964080
0.958747
0.953868
0.949523
0.945776
0.942670
0.940235
0.938485
0.937420
0.937031
0.937299
0.938194
0.939680
0.941717
0.944256
0.947246
0.950635
0.954367
0.958386
0.962635
0.967058
0.971601
0.976212
0.980840
0.985440
0.989968
0.994384
0.998654
1.002746
1.006635
1.010298
1.013720
1.016888
1.019795
1.022439
1.024821
1.026948
1.028830
1.030481
1.031919
1.033165
1.034241
1.035174
1.035992
1.036723
1.037399
1.038049
1.038706
1.039398
1.040156
1.041008
1.041979
1.043093
1.044371
1.045830
1.047484
1.049342
1.051408
1.053683
1.056160
1.058830
1.061675
1.064672
1.067793
1.071004
1.074263
1.077523
1.080733
1.083833
1.086760
1.089444
1.091814
1.093790
1.095294
1.096240
1.096544
1.096121
1.094883
1.092746
1.089629
1.085452
1.080144
1.073638
1.065877
1.056815
1.046418
1.034666
1.021559
1.007112
0.991365
0.974382
0.956252
0.937097
