0.968735
0.971753
0.974193
0.976090
0.977481
0.978405
0.978901
0.979013
0.978783
0.978257
0.977480
0.976501
0.975364
0.974118
0.972808
0.971479
0.970174
0.968935
0.967801
0.966809
0.965992
0.965380
0.964999
0.964873
0.965020
0.965454
0.966186
0.967223
0.968566
0.970214
0.972160
0.974394
0.976904
0.979673
0.982681
0.985904
0.989319
0.992898
0.996613
1.000432
1.004326
1.008263
1.012212
1.016141
1.020020
1.023821
1.027517
1.031081
1.034490
1.037725
1.040768
1.043604
1.046223
1.048616
1.050779
1.052713
1.054420
1.055906
1.057183
1.058263
1.059162
1.059901
1.060499
1.060981
1.061371
1.061695
1.061979
1.062249
1.062529
1.062844
1.063213
1.063655
1.064185
1.064811
1.065539
1.066365
1.067283
1.068276
1.069320
1.070384
1.071427
1.072397
1.073237
1.073877
1.074240
1.074238
1.073778
1.072757
1.071066
1.068593
1.065222
1.060836
1.055320
1.048564
1.040465
1.030934
1.019897
1.007306
0.993135
0.977397
