0.957999
0.961025
0.963801
0.966282
0.968433
0.970231
0.971663
0.972728
0.973432
0.973790
0.973823
0.973561
0.973039
0.972295
0.971371
0.970313
0.969168
0.967983
0.966805
0.965682
0.964658
0.963776
0.963076
0.962594
0.962363
0.962411
0.962762
0.963433
0.964440
0.965790
0.967486
0.969528
0.971907
0.974614
0.977631
0.980938
0.984511
0.988323
0.992342
0.996536
1.000868
1.005302
1.009800
1.014323
1.018832
1.023289
1.027658
1.031903
1.035991
1.039891
1.043576
1.047022
1.050208
1.053118
1.055740
1.058067
1.060094
1.061825
1.063264
1.064423
1.065316
1.065963
1.066387
1.066613
1.066671
1.066592
1.066409
1.066158
1.065871
1.065585
1.065331
1.065141
1.065043
1.065059
1.065211
1.065510
1.065963
1.066570
1.067320
1.068196
1.069169
1.070200
1.071240
1.072228
1.073092
1.073750
1.074108
1.074062
1.073500
1.072300
1.070338
1.067480
1.063594
1.058550
1.052219
1.044485
1.035243
1.024407
1.011918
0.997747
