0.905727
0.913021
0.920834
0.928935
0.937127
0.945236
0.953116
0.960645
0.967724
0.974274
0.980235
0.985566
0.990242
0.994252
0.997597
1.000290
1.002356
1.003824
1.004735
1.005133
1.005068
1.004592
1.003760
1.002630
1.001259
0.999705
0.998022
0.996265
0.994486
0.992735
0.991056
0.989491
0.988078
0.986851
0.985838
0.985064
0.984548
0.984306
0.984348
0.984681
0.985305
0.986219
0.987417
0.988889
0.990622
0.992600
0.994806
0.997218
0.999814
1.002572
1.005466
1.008471
1.011562
1.014713
1.017901
1.021101
1.024291
1.027450
1.030559
1.033601
1.036561
1.039426
1.042188
1.044837
1.047371
1.049786
1.052084
1.054267
1.056341
1.058313
1.060192
1.061989
1.063715
1.065384
1.067008
1.068601
1.070173
1.071736
1.073299
1.074868
1.076448
1.078037
1.079633
1.081225
1.082799
1.084335
1.085805
1.087175
1.088404
1.089441
1.090229
1.090703
1.090787
1.090400
1.089451
1.087843
1.085469
1.082219
1.077976
1.072621
