0.976104
0.977677
0.978677
0.979172
0.979224
0.978892
0.978235
0.977308
0.976165
0.974857
0.973433
0.971940
0.970425
0.968929
0.967493
0.966155
0.964950
0.963909
0.963062
0.962435
0.962049
0.961924
0.962074
0.962513
0.963248
0.964283
0.965619
0.967255
0.969184
0.971397
0.973882
0.976625
0.979607
0.982809
0.986209
0.989783
0.993505
0.997348
1.001287
1.005292
1.009335
1.013389
1.017426
1.021419
1.025344
1.029175
1.032893
1.036475
1.039905
1.043167
1.046248
1.049139
1.051834
1.054327
1.056619
1.058711
1.060609
1.062321
1.063858
1.065231
1.066458
1.067554
1.068539
1.069432
1.070255
1.071026
1.071768
1.072499
1.073238
1.074000
1.074799
1.075644
1.076542
1.077494
1.078496
1.079539
1.080607
1.081677
1.082719
1.083696
1.084562
1.085264
1.085740
1.085921
1.085730
1.085082
1.083888
1.082051
1.079471
1.076043
1.071664
1.066230
1.059640
1.051800
1.042626
1.032047
1.020010
1.006482
0.991462
0.974980
