1.189596
1.197408
1.203185
1.207231
1.209828
1.211239
1.211706
1.211451
1.210678
1.209570
1.208295
1.207002
1.205825
1.204880
1.204269
1.204079
1.204381
1.205235
1.206688
1.208772
1.211512
1.214917
1.218990
1.223722
1.229096
1.235088
1.241664
1.248785
1.256405
1.264474
1.272935
1.281729
1.290792
1.300058
1.309458
1.318923
1.328382
1.337763
1.346995
1.356007
1.364730
1.373098
1.381043
1.388505
1.395422
1.401739
1.407403
1.412367
1.416585
1.420018
1.422633
1.424400
1.425293
1.425294
1.424389
1.422569
1.419832
1.416178
1.411614
1.406154
1.399812
1.392611
1.384576
1.375736
1.366124
1.355778
1.344736
1.333041
1.320736
1.307868
1.294483
1.280629
1.266353
1.251704
1.236727
1.221469
1.205971
1.190277
1.174423
1.158445
1.142375
1.126240
1.110064
1.093865
1.077657
1.061449
1.045246
1.029046
1.012845
0.996631
0.980393
0.964111
0.947766
0.931335
0.914794
0.898121
0.881294
0.864294
0.847107
0.829727
