1.184052
1.193570
1.200853
1.206186
1.209839
1.212064
1.213098
1.213160
1.212455
1.211173
1.209489
1.207565
1.205546
1.203566
1.201745
1.200190
1.198996
1.198245
1.198006
1.198339
1.199289
1.200894
1.203178
1.206159
1.209840
1.214220
1.219287
1.225019
1.231390
1.238363
1.245898
1.253947
1.262456
1.271366
1.280617
1.290141
1.299869
1.309730
1.319650
1.329554
1.339368
1.349014
1.358420
1.367510
1.376214
1.384460
1.392183
1.399318
1.405804
1.411587
1.416614
1.420838
1.424218
1.426718
1.428307
1.428960
1.428659
1.427390
1.425147
1.421930
1.417744
1.412600
1.406515
1.399512
1.391618
1.382866
1.373294
1.362943
1.351857
1.340085
1.327678
1.314689
1.301172
1.287182
1.272775
1.258007
1.242930
1.227598
1.212060
1.196363
1.180550
1.164659
1.148726
1.132778
1.116839
1.100926
1.085051
1.069216
1.053422
1.037659
1.021914
1.006166
0.990393
0.974564
0.958650
0.942616
0.926430
0.910061
0.893482
0.876672
