1.181940
1.195408
1.206478
1.215302
1.222036
1.226836
1.229863
1.231277
1.231237
1.229904
1.227435
1.223988
1.219716
1.214767
1.209288
1.203419
1.197292
1.191037
1.184772
1.178612
1.172659
1.167010
1.161751
1.156960
1.152704
1.149042
1.146021
1.143679
1.142046
1.141139
1.140967
1.141530
1.142819
1.144814
1.147489
1.150810
1.154735
1.159214
1.164192
1.169608
1.175397
1.181488
1.187807
1.194277
1.200819
1.207353
1.213797
1.220069
1.226090
1.231779
1.237059
1.241856
1.246099
1.249721
1.252658
1.254853
1.256253
1.256813
1.256493
1.255258
1.253082
1.249946
1.245837
1.240749
1.234684
1.227651
1.219666
1.210750
1.200934
1.190250
1.178740
1.166449
1.153427
1.139728
1.125408
1.110529
1.095151
1.079338
1.063152
1.046656
1.029911
1.012976
0.995908
0.978758
0.961576
0.944402
0.927276
0.910227
0.893279
0.876449
0.859748
0.843178
0.826734
0.810405
0.794175
0.778020
0.761915
0.745830
0.729737
0.713605
