1.118939
1.132883
1.145304
1.156280
1.165896
1.174237
1.181390
1.187446
1.192499
1.196641
1.199970
1.202582
1.204574
1.206043
1.207086
1.207795
1.208263
1.208580
1.208831
1.209097
1.209454
1.209975
1.210723
1.211759
1.213134
1.214895
1.217079
1.219718
1.222834
1.226444
1.230554
1.235167
1.240273
1.245860
1.251905
1.258381
1.265253
1.272481
1.280020
1.287817
1.295819
1.303965
1.312195
1.320442
1.328639
1.336720
1.344613
1.352252
1.359567
1.366491
1.372959
1.378910
1.384282
1.389022
1.393076
1.396399
1.398948
1.400687
1.401586
1.401620
1.400771
1.399027
1.396382
1.392837
1.388401
1.383085
1.376911
1.369902
1.362090
1.353511
1.344203
1.334212
1.323583
1.312368
1.300617
1.288384
1.275721
1.262681
1.249316
1.235675
1.221804
1.207746
1.193540
1.179218
1.164807
1.150328
1.135795
1.121214
1.106584
1.091897
1.077138
1.062283
1.047303
1.032164
1.016827
1.001251
0.985393
0.969213
0.952674
0.935746
