0.927874
0.930195
0.932171
0.934061
0.936099
0.938490
0.941408
0.945002
0.949396
0.954686
0.960946
0.968226
0.976557
0.985947
0.996389
1.007857
1.020309
1.033693
1.047941
1.062976
1.078711
1.095053
1.111901
1.129150
1.146692
1.164415
1.182208
1.199959
1.217558
1.234896
1.251869
1.268374
1.284315
1.299602
1.314149
1.327878
1.340718
1.352603
1.363477
1.373292
1.382007
1.389588
1.396010
1.401257
1.405318
1.408192
1.409885
1.410407
1.409779
1.408024
1.405174
1.401265
1.396337
1.390435
1.383607
1.375906
1.367385
1.358101
1.348111
1.337473
1.326247
1.314491
1.302262
1.289617
1.276609
1.263293
1.249717
1.235928
1.221970
1.207883
1.193703
1.179461
1.165187
1.150904
1.136632
1.122385
1.108176
1.094011
1.079895
1.065826
1.051803
1.037818
1.023864
1.009928
0.995999
0.982063
0.968106
0.954113
0.940070
0.925964
0.911783
0.897519
0.883163
0.868713
0.854167
0.839530
0.824808
0.810013
0.795161
0.780273
