0.967363
0.976902
0.985205
0.992338
0.998375
1.003395
1.007488
1.010748
1.013272
1.015162
1.016523
1.017459
1.018075
1.018476
1.018763
1.019036
1.019390
1.019916
1.020699
1.021820
1.023351
1.025358
1.027900
1.031026
1.034778
1.039190
1.044287
1.050085
1.056590
1.063802
1.071711
1.080298
1.089537
1.099394
1.109827
1.120787
1.132220
1.144065
1.156256
1.168721
1.181386
1.194172
1.206997
1.219778
1.232430
1.244869
1.257007
1.268761
1.280048
1.290786
1.300897
1.310306
1.318943
1.326740
1.333638
1.339580
1.344518
1.348408
1.351215
1.352909
1.353469
1.352881
1.351138
1.348240
1.344197
1.339025
1.332746
1.325391
1.316997
1.307606
1.297269
1.286040
1.273977
1.261145
1.247609
1.233440
1.218709
1.203490
1.187854
1.171875
1.155624
1.139169
1.122578
1.105911
1.089225
1.072573
1.056000
1.039544
1.023237
1.007100
0.991151
0.975395
0.959830
0.944447
0.929229
0.914149
0.899177
0.884276
0.869407
0.854526
