0.970785
0.967522
0.963460
0.958983
0.954434
0.950121
0.946311
0.943239
0.941101
0.940066
0.940266
0.941806
0.944763
0.949186
0.955102
0.962514
0.971403
0.981732
0.993447
1.006479
1.020744
1.036146
1.052581
1.069934
1.088083
1.106903
1.126262
1.146029
1.166067
1.186244
1.206426
1.226483
1.246286
1.265714
1.284648
1.302976
1.320592
1.337399
1.353306
1.368230
1.382098
1.394844
1.406413
1.416756
1.425836
1.433624
1.440099
1.445251
1.449077
1.451581
1.452779
1.452690
1.451343
1.448773
1.445020
1.440132
1.434161
1.427161
1.419193
1.410320
1.400608
1.390123
1.378936
1.367115
1.354730
1.341850
1.328542
1.314871
1.300903
1.286696
1.272309
1.257796
1.243205
1.228581
1.213966
1.199393
1.184893
1.170491
1.156205
1.142048
1.128031
1.114155
1.100418
1.086813
1.073330
1.059953
1.046663
1.033437
1.020252
1.007081
0.993896
0.980670
0.967375
0.953987
0.940481
0.926838
0.913042
0.899083
0.884958
0.870672
