0.812747
0.823729
0.835815
0.848833
0.862628
0.877062
0.892012
0.907368
0.923030
0.938911
0.954932
0.971021
0.987115
1.003156
1.019092
1.034877
1.050469
1.065831
1.080928
1.095730
1.110210
1.124343
1.138108
1.151487
1.164462
1.177019
1.189147
1.200835
1.212074
1.222859
1.233184
1.243045
1.252442
1.261373
1.269839
1.277840
1.285381
1.292463
1.299092
1.305269
1.311002
1.316294
1.321149
1.325573
1.329571
1.333145
1.336299
1.339036
1.341358
1.343265
1.344758
1.345836
1.346495
1.346733
1.346544
1.345922
1.344861
1.343351
1.341382
1.338945
1.336026
1.332615
1.328697
1.324259
1.319286
1.313767
1.307685
1.301030
1.293788
1.285949
1.277503
1.268443
1.258764
1.248462
1.237538
1.225996
1.213844
1.201091
1.187755
1.173855
1.159415
1.144466
1.129042
1.113184
1.096935
1.080347
1.063473
1.046372
1.029107
1.011742
0.994346
0.976988
0.959738
0.942662
0.925826
0.909289
0.893104
0.877315
0.861951
0.847028
