0.912221
0.915873
0.920760
0.926838
0.934058
0.942367
0.951708
0.962020
0.973240
0.985301
0.998136
1.011674
1.025843
1.040569
1.055778
1.071395
1.087345
1.103552
1.119942
1.136440
1.152974
1.169473
1.185865
1.202083
1.218061
1.233736
1.249045
1.263931
1.278339
1.292217
1.305515
1.318189
1.330196
1.341498
1.352061
1.361853
1.370848
1.379023
1.386357
1.392836
1.398447
1.403182
1.407037
1.410010
1.412103
1.413323
1.413678
1.413180
1.411843
1.409685
1.406726
1.402989
1.398498
1.393279
1.387361
1.380773
1.373548
1.365716
1.357312
1.348370
1.338923
1.329007
1.318656
1.307905
1.296788
1.285339
1.273591
1.261575
1.249323
1.236863
1.224224
1.211433
1.198513
1.185489
1.172381
1.159209
1.145988
1.132734
1.119460
1.106176
1.092890
1.079610
1.066338
1.053078
1.039829
1.026591
1.013360
1.000133
0.986903
0.973663
0.960407
0.947127
0.933814
0.920461
0.907059
0.893603
0.880086
0.866506
0.852860
0.839149
