1.129310
1.126497
1.122721
1.118215
1.113187
1.107829
1.102315
1.096801
1.091430
1.086329
1.081614
1.077386
1.073737
1.070746
1.068480
1.066999
1.066348
1.066567
1.067684
1.069718
1.072678
1.076565
1.081373
1.087086
1.093680
1.101124
1.109378
1.118398
1.128131
1.138518
1.149496
1.160995
1.172941
1.185256
1.197857
1.210660
1.223578
1.236521
1.249399
1.262122
1.274598
1.286739
1.298456
1.309662
1.320276
1.330218
1.339411
1.347786
1.355276
1.361822
1.367371
1.371875
1.375295
1.377599
1.378763
1.378769
1.377608
1.375282
1.371797
1.367170
1.361423
1.354590
1.346709
1.337827
1.327996
1.317276
1.305731
1.293432
1.280452
1.266868
1.252760
1.238210
1.223301
1.208113
1.192728
1.177225
1.161677
1.146156
1.130728
1.115450
1.100374
1.085544
1.070993
1.056747
1.042818
1.029211
1.015917
1.002918
0.990184
0.977675
0.965340
0.953119
0.940947
0.928750
0.916450
0.903972
0.891237
0.878174
0.864723
0.850837
