0.968452
0.969162
0.968303
0.966225
0.963248
0.959672
0.955769
0.951788
0.947952
0.944463
0.941495
0.939205
0.937723
0.937161
0.937608
0.939137
0.941801
0.945634
0.950655
0.956870
0.964268
0.972825
0.982507
0.993268
1.005052
1.017796
1.031427
1.045868
1.061035
1.076839
1.093189
1.109991
1.127147
1.144562
1.162137
1.179777
1.197384
1.214866
1.232131
1.249091
1.265662
1.281762
1.297316
1.312250
1.326500
1.340003
1.352703
1.364549
1.375498
1.385509
1.394549
1.402592
1.409615
1.415602
1.420543
1.424431
1.427268
1.429058
1.429811
1.429540
1.428265
1.426007
1.422791
1.418649
1.413610
1.407711
1.400988
1.393481
1.385229
1.376275
1.366662
1.356433
1.345632
1.334302
1.322488
1.310232
1.297577
1.284563
1.271230
1.257616
1.243759
1.229692
1.215448
1.201059
1.186552
1.171953
1.157287
1.142574
1.127834
1.113083
1.098336
1.083604
1.068897
1.054222
1.039586
1.024990
1.010437
0.995925
0.981452
0.967015
