0.954205
0.957644
0.960188
0.962050
0.963425
0.964497
0.965433
0.966390
0.967506
0.968909
0.970712
0.973013
0.975898
0.979440
0.983698
0.988720
0.994540
1.001184
1.008662
1.016977
1.026121
1.036076
1.046815
1.058303
1.070497
1.083347
1.096796
1.110782
1.125237
1.140090
1.155263
1.170679
1.186255
1.201909
1.217555
1.233108
1.248484
1.263597
1.278366
1.292709
1.306546
1.319803
1.332406
1.344287
1.355382
1.365631
1.374980
1.383379
1.390785
1.397160
1.402473
1.406698
1.409815
1.411813
1.412685
1.412430
1.411056
1.408575
1.405006
1.400372
1.394704
1.388037
1.380410
1.371870
1.362463
1.352244
1.341268
1.329592
1.317278
1.304388
1.290985
1.277132
1.262894
1.248332
1.233509
1.218483
1.203311
1.188046
1.172739
1.157434
1.142172
1.126989
1.111914
1.096971
1.082178
1.067545
1.053077
1.038773
1.024623
1.010613
0.996723
0.982927
0.969195
0.955494
0.941786
0.928033
0.914198
0.900244
0.886139
0.871856
