0.976057
0.972603
0.968252
0.963428
0.958513
0.953842
0.949711
0.946373
0.944043
0.942899
0.943083
0.944703
0.947837
0.952532
0.958810
0.966665
0.976071
0.986979
0.999323
1.013019
1.027969
1.044064
1.061183
1.079197
1.097969
1.117360
1.137224
1.157415
1.177788
1.198197
1.218501
1.238559
1.258237
1.277408
1.295949
1.313745
1.330692
1.346689
1.361651
1.375496
1.388156
1.399573
1.409696
1.418487
1.425917
1.431967
1.436628
1.439900
1.441792
1.442322
1.441516
1.439408
1.436038
1.431453
1.425707
1.418857
1.410966
1.402100
1.392329
1.381723
1.370357
1.358304
1.345639
1.332435
1.318765
1.304699
1.290307
1.275653
1.260799
1.245804
1.230720
1.215598
1.200479
1.185405
1.170406
1.155511
1.140741
1.126112
1.111636
1.097317
1.083155
1.069144
1.055277
1.041538
1.027911
1.014375
1.000907
0.987483
0.974077
0.960662
0.947213
0.933705
0.920116
0.906426
0.892618
0.878682
0.864610
0.850404
0.836069
0.821621
