0.944901
0.946783
0.948592
0.950544
0.952831
0.955617
0.959042
0.963222
0.968251
0.974200
0.981119
0.989040
0.997976
1.007922
1.018861
1.030759
1.043569
1.057235
1.071689
1.086854
1.102646
1.118976
1.135749
1.152865
1.170224
1.187721
1.205253
1.222716
1.240008
1.257029
1.273683
1.289874
1.305514
1.320519
1.334809
1.348310
1.360957
1.372688
1.383449
1.393193
1.401882
1.409481
1.415967
1.421319
1.425528
1.428588
1.430502
1.431278
1.430931
1.429483
1.426958
1.423388
1.418809
1.413262
1.406789
1.399438
1.391259
1.382304
1.372627
1.362284
1.351331
1.339824
1.327819
1.315373
1.302539
1.289370
1.275918
1.262232
1.248357
1.234337
1.220211
1.206015
1.191782
1.177540
1.163315
1.149126
1.134990
1.120918
1.106920
1.092999
1.079156
1.065387
1.051686
1.038045
1.024450
1.010887
0.997341
0.983794
0.970228
0.956624
0.942964
0.929231
0.915408
0.901482
0.887443
0.873282
0.858996
0.844586
0.830059
0.815425
