0.866987
0.882779
0.898780
0.914734
0.930421
0.945652
0.960270
0.974143
0.987166
0.999260
1.010366
1.020446
1.029480
1.037467
1.044418
1.050360
1.055331
1.059379
1.062561
1.064942
1.066593
1.067589
1.068009
1.067935
1.067450
1.066637
1.065577
1.064353
1.063043
1.061721
1.060460
1.059326
1.058381
1.057681
1.057276
1.057212
1.057524
1.058243
1.059393
1.060989
1.063042
1.065552
1.068515
1.071918
1.075741
1.079960
1.084541
1.089447
1.094633
1.100051
1.105646
1.111360
1.117130
1.122891
1.128574
1.134109
1.139423
1.144444
1.149097
1.153309
1.157008
1.160124
1.162587
1.164333
1.165299
1.165427
1.164665
1.162963
1.160281
1.156582
1.151838
1.146027
1.139135
1.131155
1.122090
1.111951
1.100756
1.088534
1.075320
1.061160
1.046107
1.030222
1.013573
0.996238
0.978298
0.959843
0.940964
0.921761
0.902333
0.882783
0.863211
0.843720
0.824407
0.805364
0.786678
0.768425
0.750669
0.733461
0.716833
0.700800
