0.868470
0.881474
0.894974
0.908723
0.922500
0.936116
0.949406
0.962233
0.974480
0.986055
0.996884
1.006912
1.016102
1.024431
1.031892
1.038490
1.044240
1.049170
1.053315
1.056719
1.059432
1.061509
1.063011
1.064002
1.064547
1.064715
1.064575
1.064195
1.063643
1.062986
1.062288
1.061610
1.061011
1.060545
1.060262
1.060207
1.060420
1.060936
1.061783
1.062985
1.064558
1.066513
1.068854
1.071579
1.074680
1.078142
1.081944
1.086060
1.090457
1.095097
1.099938
1.104931
1.110024
1.115161
1.120280
1.125320
1.130214
1.134894
1.139291
1.143335
1.146953
1.150077
1.152637
1.154565
1.155794
1.156264
1.155913
1.154688
1.152539
1.149420
1.145293
1.140127
1.133896
1.126584
1.118180
1.108686
1.098109
1.086465
1.073783
1.060098
1.045454
1.029907
1.013520
0.996365
0.978523
0.960081
0.941135
0.921786
0.902140
0.882306
0.862396
0.842522
0.822794
0.803321
0.784203
0.765533
0.747393
0.729848
0.712948
0.696718
