0.876717
0.891884
0.907117
0.922185
0.936892
0.951070
0.964581
0.977311
0.989175
1.000105
1.010059
1.019010
1.026950
1.033884
1.039835
1.044834
1.048924
1.052158
1.054596
1.056305
1.057356
1.057825
1.057791
1.057333
1.056533
1.055471
1.054228
1.052880
1.051503
1.050168
1.048944
1.047892
1.047072
1.046534
1.046326
1.046488
1.047054
1.048049
1.049495
1.051405
1.053783
1.056631
1.059938
1.063691
1.067869
1.072443
1.077380
1.082640
1.088176
1.093940
1.099875
1.105922
1.112018
1.118096
1.124086
1.129918
1.135518
1.140813
1.145727
1.150188
1.154121
1.157456
1.160123
1.162056
1.163192
1.163471
1.162840
1.161251
1.158659
1.155029
1.150331
1.144542
1.137648
1.129642
1.120526
1.110311
1.099016
1.086669
1.073307
1.058976
1.043731
1.027634
1.010758
0.993179
0.974986
0.956268
0.937123
0.917654
0.897965
0.878162
0.858353
0.838645
0.819139
0.799935
0.781122
0.762781
0.744980
0.727773
0.711195
0.695257
