0.900211
0.915920
0.931741
0.947411
0.962701
0.977417
0.991397
1.004508
1.016642
1.027719
1.037682
1.046495
1.054141
1.060622
1.065956
1.070173
1.073320
1.075451
1.076633
1.076938
1.076447
1.075246
1.073424
1.071074
1.068290
1.065166
1.061797
1.058276
1.054692
1.051134
1.047684
1.044420
1.041417
1.038741
1.036454
1.034608
1.033253
1.032426
1.032160
1.032478
1.033396
1.034923
1.037057
1.039791
1.043108
1.046985
1.051390
1.056286
1.061626
1.067360
1.073430
1.079774
1.086323
1.093006
1.099745
1.106463
1.113078
1.119505
1.125661
1.131460
1.136818
1.141650
1.145876
1.149415
1.152192
1.154134
1.155175
1.155252
1.154310
1.152299
1.149178
1.144914
1.139480
1.132860
1.125048
1.116045
1.105864
1.094528
1.082068
1.068528
1.053961
1.038428
1.022002
1.004764
0.986803
0.968217
0.949108
0.929587
0.909766
0.889764
0.869698
0.849685
0.829841
0.810277
0.791096
0.772391
0.754242
0.736714
0.719851
0.703675
