0.866703
0.883410
0.900390
0.917358
0.934068
0.950309
0.965902
0.980699
0.994579
1.007450
1.019240
1.029904
1.039414
1.047761
1.054956
1.061020
1.065990
1.069916
1.072855
1.074876
1.076051
1.076462
1.076193
1.075332
1.073969
1.072194
1.070099
1.067773
1.065303
1.062775
1.060269
1.057862
1.055627
1.053628
1.051927
1.050577
1.049625
1.049110
1.049065
1.049515
1.050476
1.051958
1.053962
1.056482
1.059504
1.063008
1.066965
1.071340
1.076091
1.081172
1.086528
1.092102
1.097829
1.103642
1.109471
1.115240
1.120875
1.126296
1.131424
1.136180
1.140485
1.144259
1.147428
1.149917
1.151655
1.152575
1.152616
1.151720
1.149836
1.146920
1.142934
1.137847
1.131639
1.124294
1.115810
1.106191
1.095450
1.083611
1.070708
1.056782
1.041888
1.026086
1.009446
0.992048
0.973978
0.955331
0.936207
0.916710
0.896951
0.877040
0.857092
0.837219
0.817530
0.798131
0.779119
0.760582
0.742596
0.725221
0.708497
0.692442
