0.884049
0.895913
0.908260
0.920871
0.933550
0.946126
0.958449
0.970389
0.981836
0.992698
1.002899
1.012379
1.021093
1.029009
1.036108
1.042383
1.047836
1.052479
1.056335
1.059433
1.061808
1.063504
1.064570
1.065057
1.065022
1.064526
1.063630
1.062399
1.060898
1.059192
1.057347
1.055426
1.053492
1.051607
1.049828
1.048209
1.046803
1.045656
1.044812
1.044307
1.044175
1.044442
1.045130
1.046253
1.047821
1.049837
1.052296
1.055187
1.058495
1.062195
1.066258
1.070649
1.075324
1.080238
1.085336
1.090561
1.095850
1.101137
1.106350
1.111418
1.116262
1.120806
1.124970
1.128674
1.131840
1.134389
1.136243
1.137330
1.137579
1.136923
1.135301
1.132658
1.128946
1.124123
1.118157
1.111024
1.102709
1.093209
1.082529
1.070689
1.057716
1.043653
1.028551
1.012474
0.995500
0.977713
0.959213
0.940105
0.920505
0.900537
0.880328
0.860013
0.839725
0.819598
0.799763
0.780342
0.761449
0.743181
0.725618
0.708814
