0.891297
0.901782
0.912315
0.922763
0.933012
0.942965
0.952542
0.961680
0.970327
0.978446
0.986010
0.993004
0.999422
1.005266
1.010546
1.015279
1.019489
1.023203
1.026455
1.029282
1.031722
1.033817
1.035613
1.037155
1.038487
1.039657
1.040711
1.041693
1.042647
1.043617
1.044641
1.045759
1.047005
1.048411
1.050006
1.051816
1.053861
1.056159
1.058724
1.061564
1.064684
1.068083
1.071757
1.075697
1.079889
1.084315
1.088951
1.093771
1.098743
1.103831
1.108997
1.114197
1.119384
1.124510
1.129522
1.134365
1.138983
1.143317
1.147309
1.150897
1.154021
1.156622
1.158640
1.160016
1.160694
1.160620
1.159744
1.158018
1.155397
1.151844
1.147325
1.141811
1.135281
1.127718
1.119116
1.109472
1.098795
1.087099
1.074407
1.060751
1.046172
1.030719
1.014449
0.997427
0.979728
0.961433
0.942628
0.923409
0.903874
0.884127
0.864272
0.844419
0.824672
0.805137
0.785913
0.767093
0.748759
0.730980
0.713810
0.697282
