0.878558
0.891762
0.905469
0.919430
0.933426
0.947267
0.960784
0.973835
0.986300
0.998080
1.009096
1.019286
1.028606
1.037028
1.044537
1.051133
1.056826
1.061637
1.065600
1.068752
1.071141
1.072822
1.073852
1.074295
1.074218
1.073691
1.072783
1.071568
1.070116
1.068499
1.066786
1.065045
1.063341
1.061736
1.060286
1.059046
1.058064
1.057383
1.057042
1.057073
1.057500
1.058346
1.059621
1.061334
1.063484
1.066065
1.069064
1.072462
1.076232
1.080343
1.084756
1.089430
1.094313
1.099354
1.104494
1.109670
1.114818
1.119867
1.124747
1.129384
1.133705
1.137633
1.141095
1.144016
1.146323
1.147946
1.148817
1.148871
1.148049
1.146296
1.143564
1.139808
1.134993
1.129092
1.122083
1.113955
1.104707
1.094344
1.082885
1.070354
1.056790
1.042240
1.026759
1.010415
0.993284
0.975452
0.957010
0.938061
0.918710
0.899070
0.879257
0.859388
0.839582
0.819953
0.800612
0.781664
0.763201
0.745302
0.728030
0.711423
