0.874996
0.887631
0.900845
0.914381
0.928008
0.941528
0.954766
0.967574
0.979825
0.991417
1.002264
1.012303
1.021485
1.029779
1.037168
1.043648
1.049228
1.053927
1.057775
1.060810
1.063078
1.064632
1.065528
1.065830
1.065605
1.064921
1.063849
1.062461
1.060831
1.059029
1.057126
1.055191
1.053291
1.051489
1.049844
1.048412
1.047244
1.046385
1.045876
1.045751
1.046039
1.046762
1.047935
1.049568
1.051663
1.054216
1.057215
1.060642
1.064474
1.068679
1.073220
1.078054
1.083132
1.088400
1.093800
1.099268
1.104736
1.110134
1.115389
1.120423
1.125160
1.129521
1.133427
1.136801
1.139564
1.141642
1.142962
1.143456
1.143058
1.141709
1.139356
1.135951
1.131454
1.125833
1.119064
1.111133
1.102036
1.091777
1.080373
1.067849
1.054244
1.039607
1.023995
1.007480
0.990142
0.972072
0.953369
0.934141
0.914504
0.894576
0.874485
0.854357
0.834319
0.814497
0.795012
0.775975
0.757487
0.739634
0.722480
0.706067
