1.093122
1.102856
1.113363
1.124612
1.136564
1.149176
1.162402
1.176190
1.190486
1.205232
1.220368
1.235829
1.251552
1.267470
1.283515
1.299618
1.315712
1.331727
1.347596
1.363253
1.378632
1.393669
1.408302
1.422473
1.436125
1.449203
1.461657
1.473441
1.484509
1.494823
1.504346
1.513045
1.520892
1.527863
1.533937
1.539098
1.543333
1.546633
1.548995
1.550417
1.550902
1.550455
1.549087
1.546810
1.543640
1.539594
1.534693
1.528961
1.522422
1.515104
1.507035
1.498245
1.488764
1.478626
1.467862
1.456506
1.444590
1.432147
1.419210
1.405811
1.391982
1.377754
1.363157
1.348218
1.332966
1.317426
1.301624
1.285581
1.269321
1.252861
1.236222
1.219419
1.202468
1.185382
1.168174
1.150854
1.133432
1.115917
1.098317
1.080638
1.062886
1.045068
1.027188
1.009253
0.991268
0.973239
0.955172
0.937075
0.918956
0.900824
0.882689
0.864562
0.846457
0.828388
0.810370
0.792420
0.774555
0.756796
0.739161
0.721671
