1.093841
1.101641
1.110191
1.119493
1.129540
1.140318
1.151802
1.163964
1.176764
1.190159
1.204099
1.218529
1.233390
1.248616
1.264142
1.279897
1.295809
1.311806
1.327813
1.343755
1.359558
1.375149
1.390455
1.405406
1.419934
1.433972
1.447458
1.460332
1.472538
1.484025
1.494744
1.504651
1.513707
1.521877
1.529131
1.535443
1.540793
1.545164
1.548544
1.550927
1.552310
1.552695
1.552087
1.550496
1.547935
1.544423
1.539978
1.534625
1.528389
1.521300
1.513388
1.504686
1.495228
1.485050
1.474190
1.462684
1.450571
1.437889
1.424676
1.410969
1.396807
1.382224
1.367258
1.351940
1.336305
1.320384
1.304204
1.287795
1.271181
1.254387
1.237433
1.220339
1.203123
1.185800
1.168384
1.150887
1.133318
1.115686
1.097999
1.080261
1.062478
1.044653
1.026791
1.008893
0.990962
0.973002
0.955016
0.937006
0.918979
0.900940
0.882895
0.864853
0.846824
0.828820
0.810853
0.792940
0.775097
0.757342
0.739696
0.722179
