0.995720
0.989359
0.983148
0.977342
0.972149
0.967742
0.964251
0.961774
0.960378
0.960097
0.960943
0.962900
0.965933
0.969990
0.975002
0.980886
0.987549
0.994892
1.002806
1.011181
1.019905
1.028863
1.037945
1.047041
1.056049
1.064870
1.073414
1.081595
1.089341
1.096585
1.103273
1.109357
1.114805
1.119590
1.123699
1.127129
1.129885
1.131984
1.133450
1.134318
1.134629
1.134433
1.133784
1.132744
1.131378
1.129756
1.127949
1.126031
1.124077
1.122160
1.120354
1.118728
1.117349
1.116281
1.115580
1.115298
1.115480
1.116162
1.117374
1.119137
1.121460
1.124346
1.127786
1.131761
1.136243
1.141194
1.146565
1.152297
1.158323
1.164568
1.170946
1.177367
1.183732
1.189938
1.195877
1.201437
1.206505
1.210968
1.214712
1.217625
1.219602
1.220539
1.220342
1.218924
1.216209
1.212132
1.206642
1.199700
1.191286
1.181397
1.170044
1.157262
1.143103
1.127639
1.110963
1.093187
1.074443
1.054881
1.034667
1.013984
