0.979959
0.975483
0.971269
0.967500
0.964324
0.961858
0.960190
0.959380
0.959464
0.960453
0.962339
0.965094
0.968675
0.973026
0.978078
0.983751
0.989961
0.996616
1.003620
1.010877
1.018290
1.025761
1.033199
1.040513
1.047619
1.054439
1.060901
1.066942
1.072507
1.077549
1.082031
1.085925
1.089213
1.091885
1.093942
1.095394
1.096257
1.096560
1.096335
1.095624
1.094474
1.092940
1.091078
1.088952
1.086627
1.084170
1.081650
1.079136
1.076698
1.074401
1.072311
1.070488
1.068989
1.067866
1.067164
1.066923
1.067173
1.067940
1.069237
1.071073
1.073444
1.076338
1.079733
1.083600
1.087896
1.092573
1.097571
1.102823
1.108254
1.113780
1.119312
1.124754
1.130007
1.134965
1.139524
1.143573
1.147006
1.149715
1.151595
1.152547
1.152475
1.151293
1.148922
1.145292
1.140347
1.134043
1.126349
1.117250
1.106750
1.094865
1.081634
1.067112
1.051371
1.034504
1.016621
0.997849
0.978329
0.958219
0.937685
0.916906
