1.097689
1.106002
1.114981
1.124630
1.134947
1.145917
1.157522
1.169734
1.182519
1.195836
1.209640
1.223878
1.238496
1.253434
1.268630
1.284017
1.299528
1.315095
1.330647
1.346115
1.361427
1.376516
1.391312
1.405749
1.419763
1.433291
1.446275
1.458657
1.470385
1.481410
1.491686
1.501173
1.509832
1.517631
1.524542
1.530541
1.535608
1.539727
1.542889
1.545086
1.546316
1.546581
1.545887
1.544243
1.541662
1.538161
1.533758
1.528476
1.522339
1.515376
1.507615
1.499087
1.489825
1.479863
1.469235
1.457977
1.446125
1.433714
1.420781
1.407361
1.393489
1.379199
1.364524
1.349496
1.334146
1.318502
1.302593
1.286443
1.270077
1.253517
1.236784
1.219894
1.202866
1.185713
1.168449
1.151085
1.133631
1.116095
1.098485
1.080807
1.063066
1.045266
1.027412
1.009509
0.991559
0.973568
0.955540
0.937481
0.919396
0.901295
0.883184
0.865076
0.846981
0.828913
0.810887
0.792919
0.775029
0.757235
0.739559
0.722021
