0.994786
0.984922
0.975382
0.966451
0.958364
0.951310
0.945436
0.940851
0.937623
0.935792
0.935365
0.936322
0.938621
0.942196
0.946965
0.952832
0.959688
0.967413
0.975880
0.984961
0.994521
1.004428
1.014548
1.024755
1.034925
1.044940
1.054692
1.064081
1.073014
1.081413
1.089209
1.096343
1.102770
1.108457
1.113381
1.117533
1.120915
1.123539
1.125429
1.126618
1.127149
1.127073
1.126450
1.125344
1.123826
1.121974
1.119865
1.117581
1.115205
1.112821
1.110509
1.108350
1.106419
1.104790
1.103528
1.102694
1.102342
1.102515
1.103252
1.104578
1.106512
1.109058
1.112214
1.115964
1.120282
1.125131
1.130463
1.136218
1.142328
1.148713
1.155287
1.161953
1.168608
1.175143
1.181441
1.187386
1.192855
1.197727
1.201881
1.205196
1.207557
1.208854
1.208984
1.207853
1.205378
1.201489
1.196128
1.189255
1.180846
1.170895
1.159415
1.146442
1.132030
1.116257
1.099222
1.081043
1.061863
1.041842
1.021158
1.000005
