0.902132
0.908096
0.915305
0.923598
0.932820
0.942824
0.953467
0.964612
0.976129
0.987895
0.999791
1.011706
1.023535
1.035182
1.046555
1.057573
1.068160
1.078248
1.087780
1.096704
1.104979
1.112570
1.119452
1.125607
1.131026
1.135710
1.139663
1.142901
1.145444
1.147321
1.148567
1.149220
1.149326
1.148936
1.148102
1.146883
1.145337
1.143526
1.141512
1.139360
1.137131
1.134888
1.132689
1.130593
1.128654
1.126920
1.125439
1.124249
1.123386
1.122877
1.122744
1.123002
1.123656
1.124706
1.126143
1.127950
1.130102
1.132566
1.135301
1.138259
1.141384
1.144612
1.147876
1.151100
1.154205
1.157107
1.159718
1.161948
1.163706
1.164899
1.165437
1.165231
1.164193
1.162243
1.159303
1.155306
1.150188
1.143900
1.136398
1.127654
1.117651
1.106386
1.093869
1.080128
1.065204
1.049155
1.032054
1.013993
0.995074
0.975418
0.955156
0.934432
0.913399
0.892216
0.871048
0.850057
0.829402
0.809234
0.789686
0.770871
