0.930504
0.940461
0.949337
0.957204
0.964135
0.970204
0.975481
0.980037
0.983938
0.987251
0.990036
0.992353
0.994259
0.995806
0.997045
0.998021
0.998779
0.999359
0.999799
1.000135
1.000399
1.000622
1.000831
1.001052
1.001309
1.001625
1.002019
1.002511
1.003118
1.003856
1.004741
1.005785
1.007002
1.008403
1.009998
1.011796
1.013807
1.016037
1.018492
1.021177
1.024097
1.027252
1.030646
1.034276
1.038142
1.042240
1.046564
1.051109
1.055866
1.060824
1.065970
1.071291
1.076770
1.082389
1.088126
1.093960
1.099866
1.105817
1.111785
1.117739
1.123647
1.129476
1.135190
1.140752
1.146126
1.151273
1.156153
1.160728
1.164958
1.168803
1.172225
1.175188
1.177653
1.179586
1.180955
1.181729
1.181881
1.181385
1.180222
1.178372
1.175824
1.172569
1.168601
1.163921
1.158536
1.152454
1.145692
1.138270
1.130213
1.121550
1.112315
1.102544
1.092277
1.081556
1.070424
1.058922
1.047092
1.034970
1.022590
1.009974
