1.000099
1.002884
1.004141
1.004118
1.003039
1.001114
0.998531
0.995461
0.992061
0.988468
0.984806
0.981183
0.977696
0.974426
0.971443
0.968807
0.966565
0.964757
0.963411
0.962548
0.962181
0.962318
0.962958
0.964095
0.965719
0.967815
0.970363
0.973343
0.976728
0.980491
0.984604
0.989036
0.993755
0.998730
1.003928
1.009317
1.014866
1.020542
1.026317
1.032161
1.038045
1.043944
1.049832
1.055686
1.061484
1.067207
1.072837
1.078356
1.083752
1.089010
1.094120
1.099072
1.103858
1.108472
1.112908
1.117162
1.121231
1.125113
1.128805
1.132308
1.135619
1.138739
1.141667
1.144402
1.146943
1.149289
1.151436
1.153382
1.155123
1.156653
1.157966
1.159054
1.159908
1.160517
1.160868
1.160948
1.160741
1.160230
1.159396
1.158220
1.156680
1.154754
1.152418
1.149648
1.146420
1.142708
1.138488
1.133736
1.128429
1.122544
1.116062
1.108966
1.101242
1.092880
1.083875
1.074225
1.063939
1.053028
1.041514
1.029429
