0.983405
0.989021
0.992897
0.995270
0.996360
0.996370
0.995489
0.993889
0.991729
0.989151
0.986287
0.983252
0.980151
0.977078
0.974113
0.971329
0.968785
0.966536
0.964623
0.963084
0.961945
0.961228
0.960949
0.961116
0.961735
0.962805
0.964321
0.966275
0.968656
0.971450
0.974640
0.978206
0.982129
0.986385
0.990953
0.995807
1.000924
1.006276
1.011840
1.017589
1.023497
1.029540
1.035691
1.041925
1.048219
1.054549
1.060889
1.067219
1.073515
1.079755
1.085918
1.091983
1.097930
1.103739
1.109390
1.114865
1.120144
1.125210
1.130044
1.134629
1.138947
1.142981
1.146713
1.150128
1.153207
1.155936
1.158297
1.160274
1.161852
1.163015
1.163748
1.164037
1.163867
1.163226
1.162101
1.160479
1.158350
1.155704
1.152532
1.148828
1.144586
1.139802
1.134473
1.128600
1.122185
1.115231
1.107746
1.099739
1.091221
1.082207
1.072715
1.062764
1.052379
1.041584
1.030408
1.018884
1.007044
0.994925
0.982564
0.970003
