1.003498
0.998822
0.992983
0.986395
0.979417
0.972361
0.965490
0.959024
0.953141
0.947981
0.943648
0.940214
0.937722
0.936187
0.935603
0.935943
0.937160
0.939196
0.941978
0.945424
0.949448
0.953954
0.958848
0.964032
0.969411
0.974892
0.980387
0.985812
0.991093
0.996160
1.000954
1.005423
1.009529
1.013239
1.016533
1.019401
1.021842
1.023868
1.025495
1.026754
1.027681
1.028320
1.028724
1.028948
1.029058
1.029118
1.029200
1.029376
1.029719
1.030301
1.031196
1.032471
1.034194
1.036426
1.039222
1.042633
1.046700
1.051456
1.056928
1.063130
1.070067
1.077734
1.086113
1.095177
1.104885
1.115189
1.126024
1.137318
1.148987
1.160938
1.173068
1.185264
1.197409
1.209376
1.221034
1.232250
1.242885
1.252802
1.261863
1.269934
1.276883
1.282585
1.286925
1.289795
1.291099
1.290756
1.288700
1.284881
1.279269
1.271853
1.262644
1.251677
1.239009
1.224721
1.208919
1.191734
1.173320
1.153855
1.133536
1.112582
