0.918638
0.927836
0.936463
0.944504
0.951950
0.958798
0.965052
0.970718
0.975807
0.980333
0.984315
0.987773
0.990730
0.993212
0.995246
0.996861
0.998088
0.998961
0.999513
0.999778
0.999793
0.999594
0.999219
0.998705
0.998092
0.997417
0.996718
0.996035
0.995404
0.994862
0.994447
0.994193
0.994134
0.994303
0.994730
0.995445
0.996474
0.997841
0.999569
1.001675
1.004177
1.007086
1.010412
1.014160
1.018334
1.022930
1.027943
1.033364
1.039179
1.045369
1.051913
1.058785
1.065955
1.073388
1.081048
1.088892
1.096876
1.104952
1.113069
1.121174
1.129212
1.137125
1.144853
1.152338
1.159519
1.166336
1.172729
1.178639
1.184009
1.188786
1.192916
1.196353
1.199051
1.200971
1.202079
1.202346
1.201752
1.200279
1.197921
1.194676
1.190554
1.185570
1.179748
1.173121
1.165731
1.157626
1.148864
1.139509
1.129632
1.119310
1.108624
1.097657
1.086496
1.075226
1.063930
1.052686
1.041564
1.030621
1.019903
1.009434
