0.948423
0.955968
0.962533
0.968192
0.973021
0.977092
0.980475
0.983236
0.985441
0.987152
0.988426
0.989321
0.989889
0.990180
0.990244
0.990123
0.989861
0.989497
0.989070
0.988613
0.988159
0.987740
0.987383
0.987116
0.986962
0.986945
0.987085
0.987402
0.987914
0.988635
0.989582
0.990765
0.992196
0.993886
0.995841
0.998068
1.000571
1.003355
1.006420
1.009765
1.013390
1.017289
1.021458
1.025890
1.030574
1.035501
1.040657
1.046027
1.051595
1.057343
1.063249
1.069293
1.075449
1.081692
1.087995
1.094329
1.100664
1.106967
1.113207
1.119348
1.125356
1.131195
1.136829
1.142222
1.147337
1.152137
1.156586
1.160649
1.164291
1.167480
1.170183
1.172371
1.174015
1.175091
1.175575
1.175449
1.174695
1.173302
1.171259
1.168562
1.165211
1.161208
1.156561
1.151283
1.145390
1.138904
1.131850
1.124259
1.116162
1.107598
1.098606
1.089228
1.079508
1.069490
1.059218
1.048735
1.038081
1.027290
1.016392
1.005408
