0.856881
0.876889
0.896798
0.916238
0.934898
0.952517
0.968881
0.983822
0.997216
1.008975
1.019047
1.027414
1.034084
1.039094
1.042504
1.044394
1.044859
1.044014
1.041983
1.038900
1.034908
1.030155
1.024793
1.018973
1.012847
1.006567
1.000277
0.994119
0.988228
0.982729
0.977741
0.973372
0.969721
0.966873
0.964904
0.963877
0.963841
0.964837
0.966887
0.970006
0.974193
0.979437
0.985713
0.992987
1.001212
1.010331
1.020279
1.030981
1.042352
1.054302
1.066735
1.079547
1.092633
1.105881
1.119179
1.132413
1.145467
1.158229
1.170586
1.182429
1.193652
1.204155
1.213842
1.222626
1.230426
1.237169
1.242792
1.247241
1.250473
1.252455
1.253167
1.252598
1.250752
1.247641
1.243293
1.237745
1.231048
1.223262
1.214459
1.204722
1.194142
1.182819
1.170860
1.158381
1.145499
1.132338
1.119020
1.105671
1.092412
1.079361
1.066630
1.054320
1.042524
1.031317
1.020760
1.010890
1.001724
0.993249
0.985424
0.978172
