0.881438
0.876141
0.872441
0.870282
0.869599
0.870316
0.872350
0.875608
0.879990
0.885392
0.891703
0.898813
0.906606
0.914968
0.923786
0.932948
0.942345
0.951872
0.961430
0.970925
0.980270
0.989386
0.998202
1.006654
1.014689
1.022262
1.029337
1.035889
1.041900
1.047363
1.052279
1.056659
1.060521
1.063892
1.066804
1.069297
1.071417
1.073214
1.074744
1.076065
1.077237
1.078323
1.079386
1.080489
1.081693
1.083058
1.084641
1.086493
1.088665
1.091197
1.094127
1.097484
1.101292
1.105563
1.110304
1.115513
1.121178
1.127277
1.133783
1.140654
1.147844
1.155295
1.162944
1.170717
1.178534
1.186310
1.193952
1.201364
1.208446
1.215095
1.221207
1.226678
1.231406
1.235290
1.238235
1.240150
1.240953
1.240569
1.238934
1.235995
1.231713
1.226061
1.219028
1.210621
1.200861
1.189789
1.177463
1.163959
1.149371
1.133810
1.117402
1.100290
1.082628
1.064582
1.046322
1.028025
1.009866
0.992012
0.974619
0.957825
