0.888083
0.887128
0.887282
0.888494
0.890707
0.893862
0.897896
0.902741
0.908328
0.914582
0.921429
0.928791
0.936589
0.944745
0.953179
0.961813
0.970572
0.979382
0.988171
0.996872
1.005422
1.013761
1.021836
1.029599
1.037007
1.044023
1.050617
1.056766
1.062451
1.067661
1.072392
1.076643
1.080422
1.083742
1.086619
1.089077
1.091142
1.092844
1.094217
1.095299
1.096127
1.096742
1.097185
1.097497
1.097720
1.097892
1.098052
1.098237
1.098477
1.098804
1.099241
1.099810
1.100528
1.101403
1.102441
1.103642
1.104997
1.106493
1.108111
1.109825
1.111603
1.113406
1.115192
1.116911
1.118509
1.119929
1.121109
1.121984
1.122487
1.122551
1.122106
1.121085
1.119420
1.117048
1.113908
1.109943
1.105104
1.099349
1.092640
1.084953
1.076270
1.066587
1.055909
1.044255
1.031655
1.018154
1.003809
0.988692
0.972884
0.956482
0.939592
0.922331
0.904823
0.887197
0.869589
0.852130
0.834951
0.818172
0.801900
0.786223
