1.054844
1.053175
1.051200
1.049135
1.047167
1.045468
1.044185
1.043448
1.043367
1.044033
1.045522
1.047891
1.051184
1.055430
1.060641
1.066821
1.073960
1.082036
1.091018
1.100867
1.111532
1.122958
1.135083
1.147838
1.161149
1.174938
1.189125
1.203626
1.218355
1.233225
1.248149
1.263040
1.277811
1.292377
1.306655
1.320564
1.334025
1.346964
1.359310
1.370996
1.381959
1.392141
1.401491
1.409959
1.417504
1.424090
1.429684
1.434263
1.437807
1.440301
1.441737
1.442115
1.441436
1.439709
1.436948
1.433172
1.428404
1.422673
1.416011
1.408454
1.400042
1.390818
1.380827
1.370119
1.358744
1.346752
1.334198
1.321134
1.307615
1.293695
1.279425
1.264859
1.250046
1.235035
1.219872
1.204599
1.189258
1.173883
1.158509
1.143163
1.127870
1.112650
1.097517
1.082482
1.067551
1.052724
1.037997
1.023364
1.008810
0.994321
0.979877
0.965454
0.951031
0.936579
0.922074
0.907490
0.892804
0.877993
0.863042
0.847942
