0.999650
0.999377
0.998358
0.996709
0.994540
0.991952
0.989045
0.985909
0.982632
0.979296
0.975978
0.972750
0.969681
0.966833
0.964262
0.962023
0.960161
0.958719
0.957732
0.957231
0.957241
0.957781
0.958865
0.960498
0.962685
0.965419
0.968693
0.972492
0.976796
0.981580
0.986816
0.992469
0.998504
1.004880
1.011552
1.018476
1.025601
1.032880
1.040260
1.047690
1.055119
1.062495
1.069767
1.076888
1.083811
1.090490
1.096884
1.102956
1.108671
1.113998
1.118911
1.123389
1.127415
1.130977
1.134070
1.136691
1.138845
1.140541
1.141791
1.142616
1.143037
1.143082
1.142782
1.142171
1.141286
1.140165
1.138849
1.137379
1.135796
1.134140
1.132451
1.130764
1.129112
1.127525
1.126027
1.124634
1.123359
1.122206
1.121169
1.120235
1.119382
1.118577
1.117776
1.116928
1.115968
1.114823
1.113410
1.111635
1.109399
1.106594
1.103109
1.098829
1.093637
1.087420
1.080069
1.071488
1.061590
1.050312
1.037613
1.023484
