1.024795
1.011113
0.997450
0.984198
0.971694
0.960221
0.950010
0.941243
0.934060
0.928558
0.924795
0.922795
0.922551
0.924025
0.927158
0.931866
0.938048
0.945586
0.954352
0.964206
0.975000
0.986584
0.998804
1.011506
1.024538
1.037753
1.051006
1.064164
1.077097
1.089688
1.101828
1.113422
1.124382
1.134636
1.144123
1.152795
1.160616
1.167561
1.173618
1.178788
1.183081
1.186517
1.189126
1.190948
1.192030
1.192424
1.192190
1.191392
1.190097
1.188375
1.186297
1.183935
1.181359
1.178638
1.175838
1.173020
1.170240
1.167552
1.164997
1.162615
1.160434
1.158475
1.156752
1.155267
1.154015
1.152981
1.152140
1.151461
1.150901
1.150411
1.149935
1.149408
1.148760
1.147917
1.146801
1.145330
1.143421
1.140991
1.137959
1.134245
1.129775
1.124480
1.118298
1.111175
1.103068
1.093946
1.083789
1.072593
1.060368
1.047138
1.032945
1.017847
1.001919
0.985250
0.967946
0.950126
0.931921
0.913472
0.894926
0.876435
