1.054989
1.041825
1.027091
1.011262
0.994774
0.978024
0.961370
0.945136
0.929612
0.915055
0.901691
0.889716
0.879298
0.870577
0.863668
0.858662
0.855625
0.854601
0.855614
0.858668
0.863746
0.870816
0.879829
0.890720
0.903410
0.917808
0.933811
0.951304
0.970164
0.990261
1.011455
1.033601
1.056552
1.080154
1.104252
1.128689
1.153310
1.177957
1.202476
1.226717
1.250532
1.273779
1.296319
1.318023
1.338768
1.358437
1.376925
1.394134
1.409976
1.424374
1.437261
1.448583
1.458294
1.466361
1.472764
1.477493
1.480548
1.481944
1.481703
1.479861
1.476461
1.471560
1.465221
1.457515
1.448522
1.438331
1.427033
1.414726
1.401514
1.387499
1.372791
1.357495
1.341721
1.325572
1.309152
1.292560
1.275888
1.259225
1.242650
1.226234
1.210038
1.194113
1.178499
1.163225
1.148305
1.133744
1.119530
1.105642
1.092044
1.078691
1.065524
1.052476
1.039473
1.026433
1.013273
0.999908
0.986256
0.972241
0.957800
0.942886
