1.132843
1.128366
1.122480
1.115584
1.108038
1.100168
1.092263
1.084582
1.077349
1.070759
1.064981
1.060152
1.056386
1.053772
1.052377
1.052246
1.053403
1.055856
1.059594
1.064590
1.070805
1.078186
1.086668
1.096177
1.106629
1.117933
1.129992
1.142702
1.155958
1.169649
1.183663
1.197887
1.212210
1.226517
1.240700
1.254651
1.268264
1.281440
1.294082
1.306098
1.317405
1.327921
1.337576
1.346302
1.354041
1.360741
1.366359
1.370858
1.374211
1.376395
1.377399
1.377216
1.375849
1.373308
1.369608
1.364772
1.358831
1.351820
1.343780
1.334757
1.324803
1.313973
1.302326
1.289924
1.276832
1.263117
1.248846
1.234088
1.218911
1.203384
1.187573
1.171544
1.155359
1.139077
1.122755
1.106444
1.090191
1.074038
1.058023
1.042175
1.026520
1.011076
0.995854
0.980859
0.966089
0.951538
0.937189
0.923024
0.909017
0.895136
0.881347
0.867611
0.853889
0.840139
0.826319
0.812390
0.798316
0.784067
0.769621
0.754963
