0.895284
0.899864
0.904441
0.908881
0.913074
0.916932
0.920392
0.923409
0.925960
0.928036
0.929647
0.930817
0.931584
0.931996
0.932110
0.931995
0.931722
0.931371
0.931023
0.930762
0.930675
0.930846
0.931357
0.932290
0.933721
0.935721
0.938358
0.941691
0.945772
0.950647
0.956354
0.962920
0.970364
0.978699
0.987925
0.998034
1.009011
1.020829
1.033454
1.046843
1.060946
1.075704
1.091053
1.106920
1.123227
1.139892
1.156827
1.173941
1.191139
1.208325
1.225401
1.242268
1.258827
1.274981
1.290633
1.305691
1.320063
1.333663
1.346411
1.358229
1.369046
1.378800
1.387433
1.394896
1.401146
1.406151
1.409884
1.412330
1.413480
1.413336
1.411905
1.409207
1.405266
1.400118
1.393804
1.386372
1.377878
1.368383
1.357954
1.346662
1.334583
1.321794
1.308376
1.294410
1.279976
1.265156
1.250027
1.234666
1.219144
1.203527
1.187876
1.172245
1.156680
1.141220
1.125892
1.110716
1.095702
1.080848
1.066144
1.051568
