1.055289
1.045316
1.034281
1.022631
1.010761
0.999010
0.987670
0.976990
0.967173
0.958382
0.950746
0.944358
0.939280
0.935546
0.933166
0.932125
0.932389
0.933908
0.936615
0.940431
0.945267
0.951025
0.957602
0.964890
0.972778
0.981155
0.989910
0.998934
1.008122
1.017372
1.026588
1.035681
1.044567
1.053172
1.061429
1.069277
1.076669
1.083561
1.089921
1.095726
1.100961
1.105618
1.109700
1.113214
1.116177
1.118612
1.120548
1.122018
1.123062
1.123723
1.124046
1.124080
1.123876
1.123484
1.122957
1.122343
1.121693
1.121052
1.120466
1.119973
1.119610
1.119407
1.119391
1.119580
1.119987
1.120620
1.121476
1.122549
1.123823
1.125275
1.126875
1.128586
1.130363
1.132156
1.133907
1.135554
1.137028
1.138256
1.139163
1.139669
1.139694
1.139156
1.137974
1.136069
1.133363
1.129785
1.125266
1.119748
1.113178
1.105515
1.096729
1.086801
1.075730
1.063526
1.050221
1.035862
1.020516
1.004273
0.987242
0.969557
