0.964929
0.963897
0.961435
0.957978
0.953916
0.949601
0.945340
0.941404
0.938023
0.935391
0.933669
0.932982
0.933424
0.935063
0.937936
0.942057
0.947417
0.953986
0.961717
0.970544
0.980388
0.991160
1.002757
1.015069
1.027982
1.041374
1.055121
1.069098
1.083181
1.097245
1.111170
1.124838
1.138137
1.150960
1.163207
1.174785
1.185610
1.195605
1.204702
1.212843
1.219977
1.226065
1.231075
1.234986
1.237784
1.239464
1.240032
1.239498
1.237882
1.235211
1.231516
1.226836
1.221215
1.214701
1.207346
1.199204
1.190332
1.180791
1.170640
1.159939
1.148749
1.137128
1.125134
1.112823
1.100247
1.087455
1.074495
1.061408
1.048232
1.035000
1.021742
1.008481
0.995238
0.982025
0.968854
0.955730
0.942653
0.929622
0.916628
0.903663
0.890714
0.877768
0.864806
0.851813
0.838771
0.825663
0.812472
0.799184
0.785788
0.772272
0.758633
0.744868
0.730980
0.716977
0.702871
0.688681
0.674429
0.660145
0.645860
0.631611
