1.012254
1.010415
1.006174
1.000089
0.992667
0.984369
0.975607
0.966751
0.958122
0.950003
0.942633
0.936214
0.930913
0.926861
0.924156
0.922868
0.923036
0.924677
0.927782
0.932322
0.938247
0.945493
0.953978
0.963609
0.974281
0.985880
0.998286
1.011372
1.025008
1.039060
1.053396
1.067881
1.082385
1.096780
1.110939
1.124745
1.138084
1.150847
1.162937
1.174260
1.184732
1.194280
1.202837
1.210345
1.216758
1.222037
1.226152
1.229085
1.230823
1.231365
1.230715
1.228888
1.225905
1.221794
1.216589
1.210331
1.203065
1.194843
1.185717
1.175746
1.164991
1.153513
1.141377
1.128647
1.115388
1.101663
1.087537
1.073069
1.058319
1.043343
1.028193
1.012920
0.997568
0.982179
0.966788
0.951428
0.936125
0.920900
0.905772
0.890750
0.875844
0.861054
0.846379
0.831814
0.817349
0.802970
0.788664
0.774412
0.760197
0.745998
0.731796
0.717572
0.703311
0.688996
0.674618
0.660168
0.645645
0.631052
0.616401
0.601710
