1.008597
1.005913
1.000834
0.993946
0.985783
0.976824
0.967501
0.958194
0.949239
0.940923
0.933492
0.927149
0.922060
0.918353
0.916122
0.915429
0.916308
0.918764
0.922777
0.928308
0.935295
0.943661
0.953311
0.964139
0.976029
0.988853
1.002480
1.016770
1.031583
1.046776
1.062206
1.077731
1.093215
1.108520
1.123519
1.138088
1.152111
1.165478
1.178089
1.189853
1.200688
1.210522
1.219292
1.226945
1.233439
1.238742
1.242831
1.245694
1.247326
1.247732
1.246928
1.244935
1.241782
1.237505
1.232147
1.225757
1.218388
1.210096
1.200944
1.190994
1.180312
1.168965
1.157022
1.144549
1.131613
1.118280
1.104613
1.090672
1.076515
1.062196
1.047765
1.033268
1.018744
1.004230
0.989755
0.975347
0.961023
0.946799
0.932684
0.918683
0.904795
0.891014
0.877333
0.863737
0.850212
0.836739
0.823297
0.809865
0.796420
0.782942
0.769408
0.755799
0.742100
0.728296
0.714380
0.700347
0.686200
0.671947
0.657604
0.643195
