0.965612
0.970800
0.974946
0.978216
0.980766
0.982740
0.984271
0.985479
0.986475
0.987358
0.988216
0.989127
0.990161
0.991373
0.992814
0.994522
0.996528
0.998853
1.001512
1.004510
1.007846
1.011511
1.015492
1.019767
1.024310
1.029091
1.034073
1.039217
1.044480
1.049815
1.055173
1.060503
1.065752
1.070867
1.075793
1.080476
1.084862
1.088896
1.092526
1.095701
1.098372
1.100492
1.102018
1.102908
1.103123
1.102630
1.101399
1.099402
1.096617
1.093026
1.088615
1.083377
1.077305
1.070401
1.062670
1.054121
1.044768
1.034630
1.023731
1.012097
0.999759
0.986753
0.973116
0.958890
0.944119
0.928851
0.913133
0.897017
0.880556
0.863800
0.846805
0.829624
0.812309
0.794912
0.777485
0.760076
0.742732
0.725496
0.708409
0.691508
0.674827
0.658395
0.642235
0.626369
0.610809
0.595567
0.580646
0.566047
0.551763
0.537784
0.524097
0.510681
0.497515
0.484574
0.471831
0.459259
0.446831
0.434520
0.422304
0.410165
