0.969034
0.975486
0.980256
0.983533
0.985496
0.986317
0.986159
0.985173
0.983504
0.981285
0.978640
0.975686
0.972527
0.969261
0.965975
0.962748
0.959649
0.956741
0.954078
0.951703
0.949657
0.947969
0.946665
0.945760
0.945268
0.945193
0.945537
0.946296
0.947461
0.949020
0.950957
0.953254
0.955888
0.958837
0.962076
0.965577
0.969314
0.973258
0.977382
0.981658
0.986057
0.990555
0.995126
0.999745
1.004390
1.009042
1.013681
1.018291
1.022858
1.027370
1.031819
1.036196
1.040497
1.044720
1.048863
1.052930
1.056923
1.060848
1.064710
1.068519
1.072282
1.076009
1.079709
1.083392
1.087066
1.090739
1.094418
1.098107
1.101810
1.105526
1.109253
1.112984
1.116710
1.120416
1.124084
1.127690
1.131208
1.134602
1.137835
1.140863
1.143635
1.146098
1.148191
1.149850
1.151005
1.151585
1.151512
1.150708
1.149093
1.146589
1.143115
1.138596
1.132961
1.126145
1.118094
1.108762
1.098120
1.086157
1.072881
1.058327
