0.902039
0.902954
0.904277
0.906009
0.908144
0.910666
0.913553
0.916775
0.920297
0.924078
0.928073
0.932232
0.936505
0.940839
0.945181
0.949479
0.953680
0.957735
0.961600
0.965232
0.968593
0.971651
0.974380
0.976759
0.978774
0.980419
0.981693
0.982602
0.983160
0.983388
0.983312
0.982965
0.982386
0.981619
0.980714
0.979723
0.978703
0.977715
0.976819
0.976079
0.975557
0.975317
0.975421
0.975928
0.976895
0.978373
0.980412
0.983053
0.986334
0.990283
0.994922
1.000264
1.006316
1.013073
1.020521
1.028637
1.037389
1.046732
1.056616
1.066976
1.077742
1.088833
1.100158
1.111622
1.123119
1.134539
1.145765
1.156678
1.167154
1.177067
1.186292
1.194703
1.202178
1.208598
1.213850
1.217828
1.220435
1.221583
1.221198
1.219216
1.215593
1.210297
1.203315
1.194651
1.184332
1.172401
1.158924
1.143985
1.127691
1.110166
1.091555
1.072018
1.051731
1.030880
1.009664
0.988283
0.966939
0.945829
0.925138
0.905032
