0.994292
1.002997
1.009711
1.014675
1.018117
1.020253
1.021285
1.021401
1.020779
1.019581
1.017958
1.016047
1.013975
1.011852
1.009781
1.007849
1.006133
1.004699
1.003600
1.002881
1.002575
1.002706
1.003286
1.004322
1.005810
1.007738
1.010087
1.012832
1.015941
1.019375
1.023092
1.027043
1.031178
1.035441
1.039775
1.044119
1.048412
1.052591
1.056594
1.060357
1.063818
1.066916
1.069592
1.071789
1.073452
1.074530
1.074974
1.074742
1.073793
1.072092
1.069608
1.066316
1.062195
1.057231
1.051415
1.044741
1.037212
1.028835
1.019622
1.009591
0.998766
0.987174
0.974847
0.961825
0.948147
0.933859
0.919010
0.903651
0.887836
0.871622
0.855066
0.838226
0.821162
0.803933
0.786596
0.769208
0.751825
0.734498
0.717278
0.700209
0.683333
0.666689
0.650307
0.634215
0.618435
0.602981
0.587862
0.573083
0.558640
0.544524
0.530720
0.517210
0.503969
0.490968
0.478177
0.465562
0.453091
0.440730
0.428451
0.416230
