0.932675
0.936737
0.940527
0.944078
0.947422
0.950583
0.953582
0.956434
0.959152
0.961741
0.964208
0.966554
0.968779
0.970879
0.972851
0.974691
0.976393
0.977954
0.979368
0.980632
0.981743
0.982702
0.983509
0.984167
0.984681
0.985060
0.985311
0.985449
0.985486
0.985441
0.985332
0.985180
0.985009
0.984841
0.984704
0.984625
0.984630
0.984748
0.985007
0.985436
0.986059
0.986905
0.987997
0.989356
0.991005
0.992959
0.995232
0.997837
1.000779
1.004061
1.007682
1.011636
1.015912
1.020494
1.025361
1.030486
1.035839
1.041384
1.047077
1.052875
1.058724
1.064570
1.070353
1.076010
1.081475
1.086678
1.091547
1.096010
1.099993
1.103422
1.106222
1.108322
1.109651
1.110142
1.109732
1.108362
1.105979
1.102537
1.097996
1.092325
1.085503
1.077517
1.068364
1.058054
1.046607
1.034054
1.020441
1.005822
0.990265
0.973851
0.956668
0.938819
0.920412
0.901566
0.882405
0.863056
0.843650
0.824315
0.805174
0.786344
