0.897660
0.906116
0.914404
0.922448
0.930184
0.937560
0.944533
0.951072
0.957150
0.962754
0.967872
0.972502
0.976647
0.980314
0.983516
0.986270
0.988596
0.990518
0.992062
0.993259
0.994139
0.994736
0.995084
0.995221
0.995183
0.995007
0.994732
0.994396
0.994035
0.993687
0.993388
0.993172
0.993072
0.993120
0.993345
0.993774
0.994429
0.995334
0.996506
0.997960
0.999706
1.001753
1.004103
1.006756
1.009708
1.012949
1.016465
1.020239
1.024248
1.028466
1.032862
1.037399
1.042040
1.046740
1.051452
1.056127
1.060709
1.065144
1.069370
1.073328
1.076955
1.080187
1.082959
1.085207
1.086866
1.087875
1.088170
1.087694
1.086392
1.084210
1.081101
1.077024
1.071940
1.065821
1.058643
1.050391
1.041058
1.030644
1.019163
1.006633
0.993086
0.978563
0.963114
0.946801
0.929695
0.911878
0.893440
0.874481
0.855106
0.835430
0.815571
0.795652
0.775796
0.756128
0.736767
0.717828
0.699416
0.681622
0.664522
0.648167
