1.000567
1.005609
1.008945
1.010750
1.011192
1.010438
1.008650
1.005984
1.002593
0.998625
0.994219
0.989510
0.984628
0.979691
0.974814
0.970101
0.965649
0.961545
0.957869
0.954688
0.952064
0.950044
0.948670
0.947972
0.947969
0.948672
0.950081
0.952189
0.954978
0.958422
0.962484
0.967124
0.972291
0.977928
0.983972
0.990354
0.997000
1.003832
1.010769
1.017727
1.024618
1.031356
1.037853
1.044020
1.049771
1.055021
1.059689
1.063694
1.066964
1.069427
1.071019
1.071681
1.071360
1.070012
1.067598
1.064088
1.059460
1.053699
1.046800
1.038767
1.029609
1.019348
1.008011
0.995635
0.982264
0.967948
0.952747
0.936725
0.919952
0.902504
0.884462
0.865907
0.846927
0.827609
0.808042
0.788314
0.768512
0.748722
0.729024
0.709497
0.690212
0.671235
0.652624
0.634431
0.616696
0.599452
0.582721
0.566515
0.550835
0.535672
0.521005
0.506806
0.493036
0.479646
0.466583
0.453788
0.441198
0.428752
0.416388
0.404052
