1.006329
1.016726
1.025060
1.031436
1.035966
1.038774
1.039990
1.039753
1.038206
1.035497
1.031776
1.027198
1.021914
1.016078
1.009841
1.003350
0.996748
0.990175
0.983762
0.977636
0.971913
0.966704
0.962107
0.958212
0.955101
0.952842
0.951493
0.951102
0.951705
0.953326
0.955979
0.959667
0.964380
0.970100
0.976796
0.984431
0.992955
1.002310
1.012432
1.023247
1.034675
1.046630
1.059021
1.071753
1.084725
1.097836
1.110982
1.124057
1.136956
1.149575
1.161810
1.173561
1.184729
1.195222
1.204949
1.213828
1.221779
1.228733
1.234624
1.239397
1.243002
1.245400
1.246559
1.246457
1.245079
1.242421
1.238487
1.233291
1.226854
1.219206
1.210386
1.200440
1.189421
1.177388
1.164406
1.150547
1.135885
1.120499
1.104469
1.087879
1.070813
1.053353
1.035581
1.017578
0.999421
0.981181
0.962926
0.944717
0.926609
0.908647
0.890872
0.873312
0.855988
0.838912
0.822085
0.805500
0.789141
0.772985
0.757000
0.741151
