0.942923
0.946030
0.948333
0.950010
0.951218
0.952094
0.952757
0.953307
0.953826
0.954382
0.955027
0.955798
0.956723
0.957817
0.959084
0.960523
0.962122
0.963866
0.965735
0.967704
0.969746
0.971834
0.973939
0.976033
0.978089
0.980081
0.981987
0.983788
0.985465
0.987008
0.988406
0.989656
0.990756
0.991711
0.992527
0.993217
0.993796
0.994283
0.994699
0.995069
0.995419
0.995778
0.996175
0.996641
0.997205
0.997897
0.998745
0.999778
1.001018
1.002488
1.004206
1.006186
1.008439
1.010970
1.013779
1.016859
1.020201
1.023786
1.027591
1.031586
1.035736
1.039997
1.044322
1.048658
1.052944
1.057117
1.061109
1.064845
1.068252
1.071250
1.073761
1.075702
1.076995
1.077560
1.077320
1.076202
1.074137
1.071062
1.066919
1.061661
1.055248
1.047651
1.038850
1.028841
1.017628
1.005232
0.991687
0.977041
0.961358
0.944713
0.927199
0.908921
0.889995
0.870549
0.850723
0.830659
0.810507
0.790417
0.770536
0.751004
