1.056251
1.060666
1.062074
1.060857
1.057383
1.051999
1.045037
1.036810
1.027616
1.017737
1.007434
0.996955
0.986529
0.976367
0.966665
0.957598
0.949325
0.941988
0.935711
0.930598
0.926739
0.924204
0.923047
0.923305
0.924998
0.928130
0.932692
0.938656
0.945982
0.954617
0.964495
0.975536
0.987653
1.000746
1.014706
1.029418
1.044759
1.060600
1.076809
1.093248
1.109778
1.126261
1.142556
1.158524
1.174030
1.188940
1.203126
1.216466
1.228843
1.240148
1.250282
1.259152
1.266678
1.272789
1.277423
1.280533
1.282082
1.282045
1.280409
1.277174
1.272352
1.265967
1.258055
1.248661
1.237845
1.225674
1.212225
1.197585
1.181847
1.165111
1.147484
1.129076
1.110000
1.090372
1.070306
1.049919
1.029321
1.008621
0.987923
0.967322
0.946907
0.926756
0.906938
0.887508
0.868512
0.849979
0.831926
0.814355
0.797254
0.780595
0.764340
0.748434
0.732813
0.717403
0.702122
0.686884
0.671602
0.656191
0.640575
0.624691
