1.007070
1.001849
0.995595
0.988674
0.981408
0.974075
0.966914
0.960124
0.953868
0.948278
0.943453
0.939465
0.936360
0.934159
0.932865
0.932461
0.932914
0.934176
0.936189
0.938885
0.942187
0.946013
0.950276
0.954889
0.959762
0.964806
0.969933
0.975060
0.980107
0.984998
0.989666
0.994048
0.998089
1.001742
1.004968
1.007735
1.010023
1.011817
1.013112
1.013911
1.014226
1.014077
1.013488
1.012495
1.011136
1.009458
1.007511
1.005349
1.003033
1.000623
0.998182
0.995775
0.993468
0.991323
0.989405
0.987773
0.986485
0.985594
0.985148
0.985191
0.985758
0.986880
0.988578
0.990867
0.993751
0.997226
1.001280
1.005890
1.011022
1.016635
1.022676
1.029082
1.035782
1.042696
1.049734
1.056799
1.063785
1.070583
1.077074
1.083138
1.088649
1.093481
1.097507
1.100599
1.102634
1.103491
1.103058
1.101229
1.097908
1.093012
1.086472
1.078238
1.068275
1.056574
1.043147
1.028033
1.011301
0.993052
0.973419
0.952573
