0.979167
0.981328
0.982165
0.981917
0.980802
0.979016
0.976737
0.974121
0.971309
0.968422
0.965567
0.962833
0.960297
0.958021
0.956055
0.954435
0.953190
0.952336
0.951881
0.951825
0.952160
0.952873
0.953944
0.955349
0.957060
0.959046
0.961272
0.963704
0.966303
0.969033
0.971856
0.974736
0.977637
0.980524
0.983365
0.986131
0.988794
0.991330
0.993719
0.995941
0.997984
0.999837
1.001493
1.002950
1.004208
1.005271
1.006148
1.006850
1.007391
1.007790
1.008067
1.008244
1.008346
1.008401
1.008435
1.008477
1.008558
1.008706
1.008950
1.009319
1.009839
1.010534
1.011427
1.012536
1.013879
1.015466
1.017305
1.019399
1.021745
1.024334
1.027153
1.030181
1.033390
1.036746
1.040208
1.043729
1.047253
1.050719
1.054057
1.057192
1.060045
1.062526
1.064546
1.066008
1.066814
1.066861
1.066048
1.064273
1.061436
1.057441
1.052198
1.045624
1.037648
1.028210
1.017268
1.004798
0.990798
0.975292
0.958337
0.940021
