0.993601
0.994367
0.993537
0.991438
0.988363
0.984575
0.980310
0.975774
0.971147
0.966584
0.962219
0.958161
0.954499
0.951303
0.948626
0.946505
0.944961
0.944001
0.943622
0.943809
0.944538
0.945777
0.947486
0.949621
0.952133
0.954967
0.958070
0.961385
0.964854
0.968421
0.972029
0.975626
0.979160
0.982583
0.985851
0.988923
0.991765
0.994345
0.996639
0.998627
1.000294
1.001632
1.002637
1.003313
1.003668
1.003715
1.003473
1.002965
1.002220
1.001269
1.000148
0.998898
0.997558
0.996174
0.994790
0.993455
0.992213
0.991113
0.990199
0.989517
0.989106
0.989008
0.989255
0.989880
0.990908
0.992359
0.994247
0.996578
0.999354
1.002566
1.006197
1.010223
1.014611
1.019318
1.024293
1.029474
1.034791
1.040166
1.045512
1.050731
1.055723
1.060375
1.064572
1.068194
1.071114
1.073205
1.074340
1.074391
1.073234
1.070749
1.066826
1.061362
1.054270
1.045479
1.034936
1.022614
1.008514
0.992666
0.975141
0.956050
