0.978859
0.980898
0.981695
0.981472
0.980433
0.978761
0.976621
0.974160
0.971512
0.968789
0.966093
0.963510
0.961111
0.958957
0.957095
0.955562
0.954385
0.953581
0.953158
0.953118
0.953453
0.954153
0.955199
0.956568
0.958235
0.960168
0.962336
0.964704
0.967236
0.969896
0.972646
0.975451
0.978275
0.981083
0.983843
0.986524
0.989098
0.991541
0.993829
0.995945
0.997872
0.999599
1.001117
1.002423
1.003517
1.004400
1.005081
1.005570
1.005881
1.006031
1.006041
1.005934
1.005735
1.005472
1.005175
1.004873
1.004600
1.004386
1.004264
1.004264
1.004419
1.004755
1.005300
1.006078
1.007110
1.008411
1.009996
1.011870
1.014038
1.016495
1.019231
1.022231
1.025472
1.028922
1.032543
1.036291
1.040110
1.043941
1.047714
1.051352
1.054773
1.057886
1.060595
1.062798
1.064389
1.065259
1.065295
1.064387
1.062422
1.059291
1.054892
1.049128
1.041913
1.033174
1.022854
1.010915
0.997343
0.982154
0.965393
0.947144
