0.998676
0.995493
0.991639
0.987340
0.982795
0.978175
0.973629
0.969283
0.965241
0.961588
0.958390
0.955696
0.953541
0.951944
0.950912
0.950443
0.950522
0.951125
0.952224
0.953781
0.955753
0.958096
0.960760
0.963692
0.966841
0.970152
0.973573
0.977052
0.980537
0.983982
0.987340
0.990571
0.993635
0.996499
0.999133
1.001512
1.003617
1.005431
1.006946
1.008155
1.009060
1.009665
1.009980
1.010019
1.009802
1.009350
1.008692
1.007857
1.006878
1.005792
1.004636
1.003449
1.002274
1.001150
1.000121
0.999226
0.998506
0.998000
0.997744
0.997772
0.998113
0.998796
0.999840
1.001265
1.003082
1.005296
1.007909
1.010912
1.014294
1.018032
1.022098
1.026456
1.031064
1.035869
1.040812
1.045827
1.050840
1.055770
1.060529
1.065026
1.069159
1.072827
1.075923
1.078335
1.079954
1.080668
1.080366
1.078942
1.076292
1.072321
1.066941
1.060076
1.051664
1.041657
1.030029
1.016775
1.001914
0.985498
0.967608
0.948364
