0.989971
0.991660
0.991863
0.990854
0.988879
0.986163
0.982909
0.979297
0.975487
0.971618
0.967814
0.964178
0.960797
0.957745
0.955078
0.952840
0.951062
0.949765
0.948957
0.948638
0.948798
0.949420
0.950481
0.951951
0.953795
0.955975
0.958448
0.961170
0.964095
0.967174
0.970361
0.973607
0.976868
0.980098
0.983254
0.986298
0.989191
0.991901
0.994397
0.996656
0.998656
1.000379
1.001816
1.002959
1.003806
1.004361
1.004630
1.004628
1.004370
1.003878
1.003179
1.002300
1.001276
1.000140
0.998933
0.997693
0.996463
0.995286
0.994204
0.993262
0.992500
0.991959
0.991679
0.991694
0.992036
0.992734
0.993809
0.995280
0.997157
0.999445
1.002140
1.005231
1.008699
1.012516
1.016644
1.021036
1.025636
1.030378
1.035187
1.039977
1.044654
1.049116
1.053252
1.056944
1.060068
1.062496
1.064095
1.064730
1.064268
1.062577
1.059530
1.055007
1.048900
1.041115
1.031575
1.020226
1.007042
0.992028
0.975227
0.956725
