0.982394
0.982631
0.981882
0.980364
0.978268
0.975766
0.973010
0.970134
0.967254
0.964467
0.961858
0.959495
0.957433
0.955714
0.954368
0.953417
0.952869
0.952726
0.952983
0.953624
0.954631
0.955980
0.957640
0.959579
0.961763
0.964152
0.966708
0.969391
0.972161
0.974978
0.977804
0.980602
0.983337
0.985975
0.988488
0.990847
0.993029
0.995015
0.996788
0.998335
0.999649
1.000726
1.001564
1.002169
1.002548
1.002713
1.002679
1.002467
1.002097
1.001597
1.000993
1.000316
0.999598
0.998874
0.998179
0.997547
0.997015
0.996619
0.996393
0.996370
0.996581
0.997056
0.997819
0.998894
1.000298
1.002044
1.004141
1.006592
1.009393
1.012534
1.015999
1.019763
1.023795
1.028057
1.032501
1.037073
1.041711
1.046344
1.050895
1.055278
1.059402
1.063170
1.066479
1.069219
1.071280
1.072549
1.072909
1.072247
1.070451
1.067411
1.063027
1.057204
1.049863
1.040935
1.030370
1.018141
1.004243
0.988701
0.971574
0.952960
