0.936905
0.934824
0.932641
0.930537
0.928664
0.927145
0.926076
0.925527
0.925546
0.926159
0.927374
0.929180
0.931552
0.934452
0.937831
0.941630
0.945784
0.950223
0.954871
0.959653
0.964494
0.969317
0.974050
0.978624
0.982976
0.987046
0.990784
0.994144
0.997089
0.999591
1.001630
1.003193
1.004276
1.004886
1.005036
1.004746
1.004046
1.002971
1.001564
0.999872
0.997948
0.995848
0.993634
0.991367
0.989112
0.986933
0.984895
0.983059
0.981488
0.980237
0.979360
0.978906
0.978915
0.979423
0.980460
0.982045
0.984190
0.986898
0.990163
0.993970
0.998292
1.003094
1.008332
1.013952
1.019890
1.026074
1.032423
1.038851
1.045262
1.051557
1.057630
1.063374
1.068676
1.073424
1.077508
1.080816
1.083242
1.084684
1.085045
1.084239
1.082187
1.078821
1.074089
1.067948
1.060374
1.051358
1.040909
1.029055
1.015842
1.001334
0.985616
0.968793
0.950984
0.932329
0.912981
0.893107
0.872882
0.852491
0.832119
0.811949
