1.005421
1.004255
1.002343
0.999804
0.996749
0.993283
0.989506
0.985510
0.981386
0.977217
0.973081
0.969051
0.965196
0.961579
0.958255
0.955275
0.952684
0.950519
0.948812
0.947587
0.946861
0.946646
0.946944
0.947752
0.949061
0.950854
0.953107
0.955792
0.958875
0.962317
0.966072
0.970093
0.974328
0.978724
0.983223
0.987767
0.992299
0.996760
1.001092
1.005241
1.009153
1.012777
1.016069
1.018986
1.021493
1.023560
1.025163
1.026286
1.026919
1.027062
1.026720
1.025909
1.024651
1.022978
1.020930
1.018554
1.015904
1.013043
1.010038
1.006965
1.003902
1.000932
0.998141
0.995618
0.993452
0.991730
0.990538
0.989960
0.990072
0.990945
0.992643
0.995217
0.998709
1.003148
1.008546
1.014902
1.022195
1.030386
1.039417
1.049209
1.059661
1.070650
1.082031
1.093638
1.105284
1.116761
1.127843
1.138286
1.147835
1.156223
1.163175
1.168417
1.171678
1.172697
1.171232
1.167066
1.160023
1.149970
1.136835
1.120623
