0.913447
0.925587
0.937681
0.949418
0.960536
0.970825
0.980121
0.988302
0.995286
1.001026
1.005510
1.008752
1.010793
1.011695
1.011539
1.010421
1.008449
1.005741
1.002419
0.998611
0.994445
0.990046
0.985539
0.981040
0.976662
0.972506
0.968666
0.965224
0.962251
0.959805
0.957932
0.956667
0.956030
0.956030
0.956662
0.957910
0.959750
0.962142
0.965040
0.968391
0.972130
0.976190
0.980498
0.984975
0.989543
0.994121
0.998628
1.002987
1.007121
1.010959
1.014434
1.017488
1.020068
1.022130
1.023640
1.024574
1.024919
1.024671
1.023841
1.022448
1.020524
1.018113
1.015268
1.012056
1.008549
1.004831
1.000992
0.997132
0.993350
0.989755
0.986454
0.983556
0.981166
0.979387
0.978317
0.978042
0.978643
0.980183
0.982715
0.986273
0.990871
0.996505
1.003147
1.010744
1.019219
1.028469
1.038364
1.048745
1.059429
1.070206
1.080842
1.091080
1.100644
1.109243
1.116576
1.122335
1.126215
1.127920
1.127176
1.123736
