0.996896
0.999131
1.000372
1.000698
1.000192
0.998937
0.997022
0.994534
0.991565
0.988205
0.984546
0.980678
0.976689
0.972666
0.968691
0.964843
0.961196
0.957816
0.954767
0.952101
0.949866
0.948100
0.946834
0.946090
0.945881
0.946211
0.947078
0.948468
0.950361
0.952729
0.955537
0.958743
0.962299
0.966151
0.970243
0.974513
0.978896
0.983328
0.987741
0.992070
0.996248
1.000212
1.003903
1.007265
1.010245
1.012800
1.014890
1.016484
1.017559
1.018099
1.018101
1.017567
1.016511
1.014956
1.012937
1.010497
1.007687
1.004571
1.001220
0.997711
0.994131
0.990573
0.987133
0.983913
0.981017
0.978551
0.976619
0.975324
0.974765
0.975035
0.976221
0.978397
0.981630
0.985971
0.991454
0.998101
1.005909
1.014860
1.024909
1.035991
1.048016
1.060866
1.074402
1.088454
1.102830
1.117311
1.131658
1.145605
1.158872
1.171162
1.182164
1.191563
1.199043
1.204295
1.207022
1.206953
1.203851
1.197525
1.187845
1.174754
