0.933888
0.943363
0.952633
0.961458
0.969642
0.977031
0.983508
0.988993
0.993437
0.996824
0.999160
1.000480
1.000837
1.000301
0.998959
0.996907
0.994252
0.991105
0.987582
0.983801
0.979876
0.975921
0.972043
0.968343
0.964914
0.961839
0.959193
0.957036
0.955420
0.954383
0.953951
0.954137
0.954943
0.956358
0.958361
0.960919
0.963990
0.967522
0.971456
0.975725
0.980258
0.984979
0.989807
0.994662
0.999463
1.004128
1.008580
1.012745
1.016554
1.019942
1.022854
1.025243
1.027071
1.028309
1.028941
1.028961
1.028375
1.027201
1.025470
1.023224
1.020517
1.017414
1.013992
1.010337
1.006543
1.002712
0.998953
0.995378
0.992103
0.989246
0.986921
0.985243
0.984317
0.984245
0.985116
0.987007
0.989982
0.994086
0.999346
1.005766
1.013329
1.021990
1.031680
1.042300
1.053723
1.065792
1.078322
1.091098
1.103880
1.116399
1.128366
1.139473
1.149396
1.157804
1.164363
1.168744
1.170636
1.169752
1.165848
1.158728
