0.974144
0.977550
0.980348
0.982538
0.984129
0.985139
0.985598
0.985539
0.985007
0.984050
0.982724
0.981086
0.979197
0.977122
0.974923
0.972666
0.970411
0.968220
0.966149
0.964252
0.962577
0.961166
0.960058
0.959284
0.958866
0.958825
0.959169
0.959903
0.961023
0.962520
0.964378
0.966573
0.969077
0.971858
0.974877
0.978092
0.981458
0.984927
0.988450
0.991976
0.995455
0.998836
1.002070
1.005112
1.007917
1.010447
1.012667
1.014547
1.016062
1.017197
1.017939
1.018286
1.018241
1.017818
1.017036
1.015922
1.014512
1.012850
1.010986
1.008978
1.006888
1.004787
1.002747
1.000847
0.999167
0.997789
0.996795
0.996267
0.996285
0.996923
0.998252
1.000334
1.003224
1.006967
1.011595
1.017127
1.023568
1.030905
1.039109
1.048132
1.057905
1.068340
1.079326
1.090733
1.102407
1.114176
1.125845
1.137202
1.148019
1.158052
1.167045
1.174738
1.180865
1.185163
1.187378
1.187272
1.184633
1.179280
1.171079
1.159950
