0.991728
0.993102
0.993770
0.993786
0.993208
0.992094
0.990508
0.988513
0.986177
0.983567
0.980752
0.977801
0.974781
0.971758
0.968797
0.965960
0.963303
0.960880
0.958739
0.956924
0.955471
0.954411
0.953769
0.953561
0.953799
0.954486
0.955618
0.957184
0.959170
0.961550
0.964296
0.967374
0.970744
0.974362
0.978182
0.982153
0.986222
0.990335
0.994437
0.998475
1.002394
1.006143
1.009672
1.012936
1.015894
1.018507
1.020746
1.022584
1.024004
1.024995
1.025553
1.025682
1.025394
1.024710
1.023660
1.022280
1.020614
1.018716
1.016645
1.014467
1.012254
1.010083
1.008035
1.006194
1.004647
1.003480
1.002780
1.002630
1.003110
1.004296
1.006255
1.009049
1.012725
1.017324
1.022867
1.029366
1.036813
1.045184
1.054434
1.064499
1.075293
1.086711
1.098621
1.110874
1.123295
1.135691
1.147847
1.159530
1.170493
1.180475
1.189203
1.196404
1.201801
1.205126
1.206124
1.204559
1.200231
1.192976
1.182687
1.169320
