0.956229
0.957284
0.958339
0.959358
0.960311
0.961176
0.961939
0.962590
0.963127
0.963554
0.963879
0.964114
0.964275
0.964382
0.964456
0.964519
0.964595
0.964708
0.964882
0.965138
0.965498
0.965981
0.966603
0.967378
0.968318
0.969431
0.970719
0.972185
0.973826
0.975635
0.977604
0.979719
0.981965
0.984322
0.986770
0.989286
0.991844
0.994417
0.996978
0.999498
1.001950
1.004306
1.006538
1.008621
1.010531
1.012247
1.013749
1.015023
1.016056
1.016839
1.017369
1.017645
1.017673
1.017463
1.017029
1.016389
1.015570
1.014598
1.013509
1.012339
1.011130
1.009928
1.008780
1.007738
1.006853
1.006179
1.005771
1.005682
1.005963
1.006666
1.007836
1.009517
1.011744
1.014549
1.017956
1.021979
1.026623
1.031883
1.037744
1.044177
1.051139
1.058576
1.066418
1.074582
1.082969
1.091467
1.099948
1.108271
1.116283
1.123820
1.130705
1.136756
1.141785
1.145600
1.148013
1.148837
1.147899
1.145037
1.140115
1.133021
