0.982624
0.982771
0.982575
0.982055
0.981236
0.980143
0.978808
0.977263
0.975547
0.973697
0.971756
0.969767
0.967773
0.965818
0.963944
0.962195
0.960608
0.959222
0.958071
0.957184
0.956589
0.956305
0.956351
0.956737
0.957469
0.958547
0.959968
0.961720
0.963789
0.966152
0.968785
0.971657
0.974736
0.977983
0.981358
0.984818
0.988319
0.991815
0.995259
0.998606
1.001811
1.004830
1.007623
1.010151
1.012380
1.014281
1.015829
1.017003
1.017790
1.018184
1.018183
1.017794
1.017031
1.015915
1.014473
1.012742
1.010763
1.008586
1.006266
1.003864
1.001447
0.999084
0.996850
0.994823
0.993080
0.991701
0.990763
0.990343
0.990514
0.991343
0.992893
0.995218
0.998361
1.002357
1.007228
1.012982
1.019612
1.027094
1.035388
1.044435
1.054156
1.064454
1.075209
1.086284
1.097518
1.108735
1.119738
1.130313
1.140233
1.149258
1.157139
1.163621
1.168451
1.171380
1.172169
1.170602
1.166485
1.159664
1.150032
1.137540
