1.022354
1.020935
1.017500
1.012376
1.005874
0.998287
0.989891
0.980948
0.971701
0.962377
0.953187
0.944327
0.935975
0.928292
0.921425
0.915503
0.910641
0.906935
0.904468
0.903308
0.903504
0.905094
0.908100
0.912529
0.918377
0.925624
0.934238
0.944177
0.955386
0.967799
0.981341
0.995928
1.011468
1.027859
1.044995
1.062765
1.081049
1.099728
1.118676
1.137768
1.156876
1.175871
1.194628
1.213020
1.230924
1.248221
1.264796
1.280537
1.295339
1.309105
1.321742
1.333168
1.343305
1.352087
1.359457
1.365365
1.369773
1.372652
1.373984
1.373760
1.371980
1.368657
1.363812
1.357474
1.349685
1.340493
1.329953
1.318132
1.305099
1.290932
1.275716
1.259536
1.242484
1.224655
1.206144
1.187047
1.167461
1.147480
1.127196
1.106699
1.086072
1.065395
1.044738
1.024167
1.003738
0.983499
0.963489
0.943735
0.924255
0.905058
0.886141
0.867492
0.849090
0.830905
0.812901
0.795036
0.777264
0.759537
0.741811
0.724046
