1.008793
1.009124
1.008356
1.006780
1.004660
1.002230
0.999698
0.997246
0.995034
0.993195
0.991845
0.991074
0.990958
0.991551
0.992892
0.995004
0.997894
1.001560
1.005982
1.011134
1.016978
1.023467
1.030548
1.038161
1.046240
1.054716
1.063516
1.072564
1.081784
1.091099
1.100432
1.109708
1.118854
1.127800
1.136478
1.144825
1.152785
1.160303
1.167332
1.173832
1.179768
1.185112
1.189843
1.193948
1.197419
1.200258
1.202472
1.204077
1.205095
1.205553
1.205488
1.204941
1.203959
1.202593
1.200900
1.198941
1.196780
1.194483
1.192121
1.189761
1.187475
1.185333
1.183402
1.181749
1.180437
1.179524
1.179065
1.179106
1.179688
1.180846
1.182602
1.184973
1.187963
1.191567
1.195767
1.200533
1.205825
1.211587
1.217753
1.224243
1.230964
1.237810
1.244666
1.251402
1.257880
1.263953
1.269466
1.274259
1.278166
1.281024
1.282666
1.282936
1.281681
1.278763
1.274059
1.267471
1.258925
1.248381
1.235841
1.221350
