0.928688
0.925916
0.924542
0.924477
0.925628
0.927899
0.931195
0.935418
0.940470
0.946254
0.952674
0.959636
0.967047
0.974818
0.982863
0.991102
0.999455
1.007853
1.016226
1.024513
1.032660
1.040615
1.048336
1.055785
1.062932
1.069751
1.076225
1.082342
1.088095
1.093484
1.098515
1.103199
1.107550
1.111589
1.115341
1.118834
1.122098
1.125168
1.128080
1.130873
1.133585
1.136258
1.138931
1.141644
1.144436
1.147344
1.150404
1.153649
1.157109
1.160811
1.164778
1.169028
1.173575
1.178430
1.183595
1.189071
1.194849
1.200919
1.207262
1.213854
1.220666
1.227663
1.234804
1.242044
1.249333
1.256615
1.263831
1.270917
1.277809
1.284436
1.290728
1.296612
1.302015
1.306864
1.311087
1.314612
1.317372
1.319302
1.320339
1.320430
1.319522
1.317574
1.314547
1.310415
1.305158
1.298766
1.291239
1.282588
1.272834
1.262010
1.250159
1.237336
1.223605
1.209043
1.193733
1.177770
1.161255
1.144295
1.127000
1.109484
