0.942023
0.957464
0.973501
0.989999
1.006829
1.023877
1.041038
1.058217
1.075330
1.092300
1.109060
1.125551
1.141722
1.157527
1.172930
1.187896
1.202400
1.216418
1.229932
1.242927
1.255392
1.267317
1.278695
1.289521
1.299791
1.309501
1.318649
1.327233
1.335250
1.342699
1.349576
1.355878
1.361602
1.366742
1.371294
1.375250
1.378605
1.381350
1.383477
1.384977
1.385840
1.386056
1.385615
1.384507
1.382722
1.380249
1.377080
1.373205
1.368618
1.363310
1.357277
1.350515
1.343022
1.334797
1.325841
1.316159
1.305757
1.294643
1.282829
1.270327
1.257155
1.243331
1.228878
1.213819
1.198181
1.181995
1.165291
1.148105
1.130471
1.112429
1.094019
1.075280
1.056257
1.036991
1.017527
0.997907
0.978177
0.958378
0.938553
0.918742
0.898985
0.879317
0.859774
0.840386
0.821182
0.802187
0.783421
0.764902
0.746643
0.728652
0.710935
0.693491
0.676317
0.659406
0.642747
0.626327
0.610130
0.594141
0.578341
0.562714
