1.008497
1.010235
1.010802
1.010465
1.009466
1.008025
1.006338
1.004580
1.002904
1.001446
1.000319
0.999622
0.999435
0.999821
1.000830
1.002496
1.004840
1.007872
1.011589
1.015978
1.021015
1.026670
1.032903
1.039668
1.046913
1.054581
1.062611
1.070938
1.079495
1.088215
1.097027
1.105862
1.114653
1.123331
1.131833
1.140096
1.148061
1.155675
1.162888
1.169654
1.175934
1.181695
1.186910
1.191557
1.195622
1.199098
1.201983
1.204285
1.206015
1.207195
1.207849
1.208010
1.207716
1.207013
1.205948
1.204575
1.202952
1.201141
1.199205
1.197211
1.195225
1.193317
1.191552
1.189998
1.188718
1.187773
1.187219
1.187109
1.187489
1.188395
1.189860
1.191906
1.194544
1.197777
1.201596
1.205979
1.210893
1.216293
1.222118
1.228296
1.234741
1.241355
1.248025
1.254628
1.261028
1.267080
1.272629
1.277514
1.281568
1.284622
1.286505
1.287052
1.286103
1.283509
1.279138
1.272876
1.264640
1.254374
1.242068
1.227756
