1.312826
1.331349
1.348699
1.364945
1.380150
1.394373
1.407668
1.420082
1.431661
1.442445
1.452469
1.461765
1.470361
1.478280
1.485545
1.492173
1.498179
1.503575
1.508371
1.512574
1.516190
1.519223
1.521676
1.523549
1.524842
1.525554
1.525684
1.525230
1.524190
1.522560
1.520338
1.517522
1.514110
1.510101
1.505493
1.500286
1.494481
1.488079
1.481083
1.473495
1.465321
1.456565
1.447235
1.437338
1.426883
1.415881
1.404343
1.392281
1.379710
1.366643
1.353097
1.339088
1.324634
1.309755
1.294468
1.278795
1.262757
1.246374
1.229669
1.212665
1.195383
1.177847
1.160079
1.142104
1.123944
1.105622
1.087160
1.068582
1.049908
1.031162
1.012363
0.993532
0.974688
0.955852
0.937040
0.918270
0.899559
0.880921
0.862372
0.843926
0.825594
0.807388
0.789319
0.771398
0.753632
0.736029
0.718598
0.701344
0.684273
0.667390
0.650700
0.634207
0.617916
0.601829
0.585951
0.570285
0.554835
0.539606
0.524603
0.509831
