0.963687
0.954268
0.944774
0.935517
0.926771
0.918773
0.911721
0.905781
0.901082
0.897724
0.895777
0.895284
0.896263
0.898706
0.902587
0.907861
0.914467
0.922328
0.931356
0.941452
0.952512
0.964422
0.977065
0.990323
1.004075
1.018201
1.032582
1.047105
1.061657
1.076133
1.090433
1.104464
1.118139
1.131380
1.144118
1.156289
1.167841
1.178729
1.188914
1.198369
1.207073
1.215013
1.222181
1.228577
1.234209
1.239087
1.243228
1.246651
1.249381
1.251443
1.252865
1.253677
1.253908
1.253588
1.252745
1.251407
1.249597
1.247340
1.244653
1.241553
1.238052
1.234159
1.229875
1.225202
1.220134
1.214662
1.208773
1.202450
1.195671
1.188414
1.180651
1.172356
1.163498
1.154048
1.143975
1.133252
1.121852
1.109752
1.096931
1.083376
1.069078
1.054035
1.038253
1.021745
1.004537
0.986660
0.968158
0.949085
0.929507
0.909497
0.889140
0.868532
0.847774
0.826975
0.806250
0.785714
0.765483
0.745668
0.726374
0.707691
