0.971759
0.958083
0.944660
0.931880
0.920081
0.909553
0.900540
0.893242
0.887814
0.884374
0.883001
0.883739
0.886598
0.891561
0.898579
0.907584
0.918479
0.931154
0.945476
0.961302
0.978473
0.996823
1.016175
1.036351
1.057165
1.078431
1.099965
1.121583
1.143105
1.164356
1.185167
1.205378
1.224836
1.243398
1.260932
1.277317
1.292442
1.306211
1.318538
1.329351
1.338590
1.346207
1.352169
1.356452
1.359048
1.359957
1.359192
1.356778
1.352746
1.347140
1.340012
1.331421
1.321433
1.310122
1.297564
1.283844
1.269047
1.253262
1.236581
1.219094
1.200895
1.182074
1.162722
1.142927
1.122774
1.102343
1.081713
1.060957
1.040141
1.019328
0.998575
0.977931
0.957440
0.937141
0.917063
0.897233
0.877669
0.858384
0.839384
0.820673
0.802247
0.784098
0.766217
0.748589
0.731198
0.714025
0.697053
0.680262
0.663633
0.647150
0.630799
0.614566
0.598446
0.582433
0.566530
0.550742
0.535083
0.519571
0.504230
0.489089
