1.319044
1.338598
1.356760
1.373599
1.389179
1.403560
1.416796
1.428941
1.440041
1.450141
1.459284
1.467507
1.474846
1.481336
1.487006
1.491886
1.496002
1.499379
1.502038
1.504002
1.505289
1.505917
1.505903
1.505260
1.504002
1.502143
1.499693
1.496662
1.493060
1.488896
1.484178
1.478912
1.473106
1.466766
1.459898
1.452507
1.444600
1.436182
1.427257
1.417833
1.407915
1.397508
1.386620
1.375257
1.363427
1.351137
1.338396
1.325213
1.311598
1.297563
1.283118
1.268276
1.253051
1.237456
1.221507
1.205220
1.188612
1.171700
1.154503
1.137042
1.119335
1.101405
1.083272
1.064959
1.046489
1.027886
1.009172
0.990371
0.971507
0.952605
0.933687
0.914777
0.895899
0.877074
0.858325
0.839672
0.821137
0.802736
0.784490
0.766413
0.748521
0.730827
0.713344
0.696081
0.679047
0.662249
0.645690
0.629375
0.613304
0.597477
0.581893
0.566547
0.551435
0.536552
0.521892
0.507450
0.493217
0.479191
0.465366
0.451741
