0.888518
0.886712
0.886200
0.887055
0.889329
0.893051
0.898230
0.904854
0.912896
0.922307
0.933026
0.944973
0.958057
0.972176
0.987216
1.003053
1.019560
1.036599
1.054032
1.071717
1.089509
1.107267
1.124847
1.142110
1.158921
1.175150
1.190671
1.205368
1.219129
1.231853
1.243448
1.253829
1.262923
1.270667
1.277008
1.281903
1.285320
1.287238
1.287646
1.286544
1.283939
1.279850
1.274306
1.267341
1.258999
1.249333
1.238399
1.226263
1.212993
1.198663
1.183351
1.167138
1.150106
1.132341
1.113926
1.094948
1.075491
1.055638
1.035469
1.015062
0.994492
0.973830
0.953142
0.932490
0.911929
0.891512
0.871283
0.851281
0.831540
0.812087
0.792945
0.774129
0.755648
0.737510
0.719712
0.702252
0.685121
0.668306
0.651794
0.635567
0.619607
0.603894
0.588409
0.573132
0.558047
0.543137
0.528388
0.513792
0.499342
0.485036
0.470878
0.456875
0.443041
0.429393
0.415954
0.402752
0.389816
0.377180
0.364878
0.352944
