1.338507
1.351284
1.362248
1.371554
1.379348
1.385774
1.390966
1.395054
1.398160
1.400398
1.401878
1.402702
1.402965
1.402756
1.402154
1.401236
1.400069
1.398714
1.397223
1.395646
1.394022
1.392385
1.390764
1.389179
1.387647
1.386177
1.384773
1.383434
1.382155
1.380924
1.379726
1.378542
1.377349
1.376121
1.374828
1.373440
1.371921
1.370236
1.368348
1.366220
1.363811
1.361084
1.358000
1.354520
1.350608
1.346229
1.341348
1.335933
1.329955
1.323387
1.316206
1.308390
1.299922
1.290788
1.280978
1.270487
1.259312
1.247455
1.234922
1.221723
1.207873
1.193389
1.178294
1.162614
1.146376
1.129615
1.112367
1.094668
1.076561
1.058089
1.039296
1.020229
1.000935
0.981463
0.961859
0.942171
0.922447
0.902731
0.883067
0.863496
0.844058
0.824788
0.805717
0.786874
0.768283
0.749964
0.731932
0.714196
0.696762
0.679631
0.662797
0.646253
0.629985
0.613978
0.598211
0.582663
0.567311
0.552133
0.537107
0.522216
