1.017838
1.022218
1.026719
1.031412
1.036358
1.041609
1.047208
1.053188
1.059575
1.066385
1.073630
1.081311
1.089426
1.097963
1.106910
1.116245
1.125944
1.135980
1.146320
1.156929
1.167772
1.178809
1.189999
1.201302
1.212675
1.224076
1.235462
1.246791
1.258023
1.269116
1.280031
1.290730
1.301177
1.311338
1.321179
1.330669
1.339781
1.348486
1.356761
1.364583
1.371932
1.378790
1.385140
1.390969
1.396264
1.401015
1.405213
1.408852
1.411926
1.414431
1.416366
1.417727
1.418515
1.418731
1.418375
1.417450
1.415958
1.413903
1.411287
1.408115
1.404391
1.400118
1.395301
1.389944
1.384052
1.377628
1.370678
1.363206
1.355217
1.346715
1.337706
1.328194
1.318187
1.307690
1.296710
1.285256
1.273335
1.260958
1.248136
1.234880
1.221205
1.207126
1.192660
1.177825
1.162643
1.147135
1.131326
1.115242
1.098912
1.082366
1.065634
1.048750
1.031747
1.014660
0.997524
0.980373
0.963239
0.946156
0.929151
0.912248
