0.923129
0.924234
0.925580
0.927228
0.929228
0.931617
0.934423
0.937660
0.941335
0.945443
0.949975
0.954909
0.960223
0.965884
0.971857
0.978104
0.984583
0.991251
0.998064
1.004977
1.011946
1.018928
1.025883
1.032773
1.039562
1.046218
1.052714
1.059024
1.065130
1.071016
1.076671
1.082089
1.087270
1.092215
1.096934
1.101436
1.105738
1.109859
1.113822
1.117651
1.121374
1.125020
1.128622
1.132211
1.135819
1.139480
1.143225
1.147084
1.151088
1.155263
1.159633
1.164219
1.169040
1.174108
1.179433
1.185019
1.190865
1.196966
1.203310
1.209879
1.216652
1.223599
1.230687
1.237876
1.245120
1.252369
1.259569
1.266659
1.273577
1.280255
1.286625
1.292613
1.298146
1.303151
1.307554
1.311280
1.314259
1.316423
1.317705
1.318046
1.317391
1.315692
1.312907
1.309004
1.303960
1.297760
1.290401
1.281892
1.272251
1.261510
1.249713
1.236915
1.223183
1.208596
1.193242
1.177221
1.160639
1.143610
1.126253
1.108686
