0.961930
0.966377
0.970020
0.972960
0.975294
0.977122
0.978541
0.979646
0.980530
0.981282
0.981985
0.982721
0.983563
0.984580
0.985833
0.987379
0.989265
0.991531
0.994210
0.997327
1.000899
1.004935
1.009436
1.014395
1.019799
1.025628
1.031852
1.038438
1.045346
1.052532
1.059944
1.067529
1.075229
1.082983
1.090730
1.098406
1.105945
1.113284
1.120360
1.127111
1.133477
1.139403
1.144835
1.149727
1.154034
1.157721
1.160755
1.163112
1.164775
1.165732
1.165982
1.165529
1.164386
1.162574
1.160121
1.157063
1.153444
1.149314
1.144730
1.139755
1.134459
1.128914
1.123197
1.117390
1.111574
1.105834
1.100253
1.094914
1.089897
1.085279
1.081133
1.077523
1.074509
1.072139
1.070455
1.069483
1.069241
1.069731
1.070941
1.072843
1.075394
1.078533
1.082184
1.086251
1.090622
1.095169
1.099746
1.104192
1.108335
1.111987
1.114954
1.117032
1.118016
1.117701
1.115886
1.112381
1.107013
1.099631
1.090117
1.078391
