0.906670
0.910930
0.915456
0.920234
0.925249
0.930489
0.935943
0.941597
0.947442
0.953462
0.959646
0.965980
0.972449
0.979036
0.985726
0.992502
0.999346
1.006239
1.013163
1.020098
1.027024
1.033923
1.040775
1.047561
1.054262
1.060859
1.067335
1.073673
1.079856
1.085869
1.091699
1.097331
1.102753
1.107954
1.112924
1.117655
1.122138
1.126368
1.130339
1.134045
1.137485
1.140657
1.143557
1.146187
1.148546
1.150636
1.152459
1.154016
1.155312
1.156348
1.157130
1.157662
1.157947
1.157992
1.157800
1.157379
1.156733
1.155868
1.154790
1.153507
1.152024
1.150348
1.148488
1.146451
1.144246
1.141881
1.139367
1.136715
1.133934
1.131039
1.128042
1.124959
1.121804
1.118595
1.115351
1.112090
1.108833
1.105603
1.102422
1.099314
1.096304
1.093416
1.090677
1.088110
1.085740
1.083589
1.081677
1.080021
1.078635
1.077525
1.076694
1.076135
1.075832
1.075756
1.075867
1.076107
1.076401
1.076650
1.076735
1.076504
