0.953751
0.963261
0.971149
0.977544
0.982569
0.986348
0.989000
0.990641
0.991383
0.991336
0.990605
0.989292
0.987491
0.985297
0.982797
0.980074
0.977207
0.974270
0.971332
0.968457
0.965706
0.963132
0.960788
0.958717
0.956962
0.955558
0.954538
0.953929
0.953755
0.954033
0.954780
0.956005
0.957716
0.959914
0.962601
0.965770
0.969415
0.973523
0.978082
0.983072
0.988473
0.994263
1.000416
1.006903
1.013693
1.020755
1.028052
1.035549
1.043207
1.050986
1.058846
1.066744
1.074638
1.082482
1.090234
1.097847
1.105277
1.112479
1.119408
1.126019
1.132269
1.138114
1.143513
1.148424
1.152807
1.156626
1.159843
1.162424
1.164338
1.165554
1.166045
1.165787
1.164758
1.162939
1.160315
1.156875
1.152609
1.147512
1.141583
1.134826
1.127246
1.118853
1.109663
1.099694
1.088968
1.077512
1.065356
1.052535
1.039086
1.025052
1.010477
0.995409
0.979899
0.964002
0.947771
0.931266
0.914544
0.897665
0.880689
0.863673
