0.958290
0.961266
0.963634
0.965465
0.966829
0.967789
0.968402
0.968724
0.968802
0.968683
0.968409
0.968018
0.967545
0.967022
0.966479
0.965943
0.965438
0.964987
0.964611
0.964330
0.964159
0.964117
0.964216
0.964471
0.964894
0.965496
0.966287
0.967277
0.968473
0.969883
0.971514
0.973370
0.975456
0.977776
0.980331
0.983122
0.986150
0.989414
0.992910
0.996635
1.000584
1.004749
1.009122
1.013693
1.018451
1.023382
1.028470
1.033700
1.039051
1.044503
1.050034
1.055620
1.061233
1.066847
1.072431
1.077954
1.083383
1.088684
1.093821
1.098756
1.103453
1.107871
1.111972
1.115715
1.119059
1.121965
1.124392
1.126300
1.127651
1.128407
1.128531
1.127988
1.126747
1.124776
1.122048
1.118539
1.114227
1.109096
1.103130
1.096322
1.088666
1.080163
1.070818
1.060642
1.049651
1.037866
1.025315
1.012030
0.998052
0.983423
0.968194
0.952419
0.936159
0.919477
0.902442
0.885124
0.867599
0.849941
0.832226
0.814530
