0.939245
0.949798
0.958869
0.966542
0.972904
0.978046
0.982058
0.985031
0.987057
0.988225
0.988626
0.988347
0.987477
0.986099
0.984296
0.982149
0.979735
0.977128
0.974400
0.971618
0.968847
0.966148
0.963579
0.961192
0.959036
0.957158
0.955599
0.954396
0.953582
0.953186
0.953234
0.953745
0.954736
0.956219
0.958204
0.960693
0.963687
0.967183
0.971172
0.975643
0.980581
0.985967
0.991778
0.997990
1.004572
1.011493
1.018718
1.026209
1.033926
1.041826
1.049864
1.057994
1.066167
1.074332
1.082438
1.090434
1.098265
1.105878
1.113219
1.120236
1.126873
1.133080
1.138803
1.143994
1.148604
1.152585
1.155894
1.158489
1.160332
1.161387
1.161621
1.161008
1.159522
1.157145
1.153862
1.149662
1.144540
1.138497
1.131538
1.123675
1.114925
1.105309
1.094857
1.083602
1.071582
1.058843
1.045434
1.031409
1.016826
1.001749
0.986243
0.970376
0.954219
0.937843
0.921319
0.904716
0.888104
0.871545
0.855099
0.838817
