0.989369
0.988608
0.986679
0.983847
0.980349
0.976399
0.972186
0.967879
0.963621
0.959541
0.955743
0.952318
0.949338
0.946861
0.944929
0.943574
0.942814
0.942659
0.943107
0.944149
0.945771
0.947948
0.950653
0.953855
0.957517
0.961602
0.966070
0.970878
0.975984
0.981346
0.986923
0.992672
0.998555
1.004532
1.010567
1.016626
1.022677
1.028690
1.034638
1.040497
1.046244
1.051859
1.057327
1.062633
1.067763
1.072709
1.077460
1.082012
1.086358
1.090495
1.094420
1.098130
1.101624
1.104901
1.107959
1.110797
1.113412
1.115802
1.117963
1.119890
1.121577
1.123017
1.124200
1.125116
1.125753
1.126096
1.126131
1.125838
1.125199
1.124195
1.122801
1.120996
1.118756
1.116054
1.112866
1.109167
1.104930
1.100131
1.094746
1.088753
1.082130
1.074859
1.066925
1.058315
1.049019
1.039034
1.028358
1.016998
1.004962
0.992268
0.978937
0.964997
0.950485
0.935442
0.919918
0.903967
0.887652
0.871042
0.854211
0.837239
