0.925380
0.936105
0.945948
0.954876
0.962870
0.969923
0.976036
0.981224
0.985509
0.988923
0.991503
0.993295
0.994349
0.994720
0.994468
0.993657
0.992351
0.990619
0.988530
0.986154
0.983561
0.980820
0.978001
0.975170
0.972392
0.969731
0.967247
0.964996
0.963031
0.961404
0.960157
0.959334
0.958969
0.959095
0.959738
0.960919
0.962655
0.964956
0.967828
0.971271
0.975280
0.979844
0.984949
0.990573
0.996690
1.003272
1.010281
1.017680
1.025425
1.033468
1.041760
1.050244
1.058866
1.067565
1.076279
1.084946
1.093500
1.101875
1.110004
1.117823
1.125264
1.132261
1.138752
1.144673
1.149964
1.154569
1.158431
1.161501
1.163732
1.165080
1.165508
1.164983
1.163479
1.160973
1.157450
1.152902
1.147325
1.140725
1.133113
1.124506
1.114930
1.104418
1.093007
1.080744
1.067680
1.053874
1.039388
1.024292
1.008658
0.992564
0.976088
0.959313
0.942320
0.925192
0.908010
0.890849
0.873783
0.856877
0.840188
0.823763
