0.917797
0.926803
0.935485
0.943730
0.951441
0.958541
0.964971
0.970687
0.975661
0.979879
0.983341
0.986056
0.988048
0.989348
0.989997
0.990042
0.989537
0.988543
0.987123
0.985346
0.983282
0.981001
0.978578
0.976083
0.973589
0.971166
0.968880
0.966798
0.964979
0.963480
0.962356
0.961652
0.961412
0.961672
0.962464
0.963811
0.965733
0.968241
0.971343
0.975037
0.979316
0.984168
0.989573
0.995506
1.001937
1.008830
1.016142
1.023829
1.031838
1.040117
1.048606
1.057244
1.065966
1.074707
1.083398
1.091969
1.100350
1.108471
1.116261
1.123652
1.130574
1.136961
1.142751
1.147882
1.152295
1.155938
1.158761
1.160717
1.161768
1.161879
1.161020
1.159168
1.156306
1.152423
1.147515
1.141585
1.134641
1.126699
1.117781
1.107916
1.097138
1.085489
1.073016
1.059769
1.045808
1.031192
1.015987
1.000262
0.984089
0.967540
0.950690
0.933612
0.916380
0.899065
0.881736
0.864456
0.847285
0.830274
0.813467
0.796899
