0.951812
0.958395
0.963713
0.967909
0.971115
0.973457
0.975050
0.976001
0.976410
0.976368
0.975956
0.975250
0.974319
0.973225
0.972023
0.970763
0.969489
0.968241
0.967054
0.965958
0.964982
0.964148
0.963479
0.962992
0.962703
0.962626
0.962773
0.963156
0.963782
0.964660
0.965796
0.967197
0.968867
0.970811
0.973030
0.975528
0.978306
0.981364
0.984702
0.988318
0.992210
0.996373
1.000801
1.005490
1.010429
1.015608
1.021016
1.026639
1.032461
1.038463
1.044625
1.050925
1.057337
1.063834
1.070385
1.076959
1.083521
1.090034
1.096457
1.102751
1.108872
1.114774
1.120411
1.125734
1.130695
1.135244
1.139331
1.142904
1.145916
1.148315
1.150055
1.151090
1.151375
1.150869
1.149534
1.147336
1.144245
1.140235
1.135286
1.129384
1.122522
1.114696
1.105914
1.096187
1.085536
1.073990
1.061584
1.048363
1.034378
1.019689
1.004362
0.988472
0.972098
0.955324
0.938240
0.920938
0.903511
0.886052
0.868652
0.851395
