0.946928
0.954838
0.961790
0.967795
0.972872
0.977048
0.980358
0.982844
0.984554
0.985541
0.985862
0.985579
0.984758
0.983466
0.981772
0.979748
0.977464
0.974992
0.972403
0.969766
0.967148
0.964616
0.962232
0.960055
0.958142
0.956545
0.955312
0.954486
0.954105
0.954203
0.954808
0.955943
0.957625
0.959867
0.962675
0.966050
0.969988
0.974478
0.979506
0.985051
0.991087
0.997586
1.004513
1.011829
1.019491
1.027454
1.035668
1.044080
1.052636
1.061278
1.069947
1.078584
1.087125
1.095510
1.103677
1.111562
1.119106
1.126247
1.132928
1.139092
1.144683
1.149650
1.153945
1.157522
1.160338
1.162357
1.163545
1.163872
1.163315
1.161854
1.159476
1.156170
1.151933
1.146767
1.140679
1.133682
1.125793
1.117035
1.107437
1.097031
1.085854
1.073950
1.061363
1.048144
1.034346
1.020023
1.005236
0.990042
0.974504
0.958682
0.942640
0.926436
0.910130
0.893778
0.877435
0.861149
0.844964
0.828920
0.813047
0.797370
