0.969991
0.985210
1.000605
1.015946
1.031031
1.045689
1.059778
1.073183
1.085812
1.097601
1.108502
1.118493
1.127565
1.135728
1.143008
1.149441
1.155076
1.159971
1.164192
1.167811
1.170906
1.173558
1.175850
1.177865
1.179686
1.181397
1.183076
1.184800
1.186639
1.188662
1.190928
1.193493
1.196404
1.199703
1.203422
1.207586
1.212214
1.217315
1.222891
1.228936
1.235435
1.242367
1.249705
1.257412
1.265447
1.273762
1.282303
1.291014
1.299830
1.308687
1.317514
1.326240
1.334791
1.343093
1.351070
1.358647
1.365751
1.372309
1.378251
1.383510
1.388022
1.391728
1.394572
1.396504
1.397480
1.397462
1.396418
1.394322
1.391155
1.386906
1.381571
1.375152
1.367661
1.359113
1.349534
1.338954
1.327412
1.314950
1.301620
1.287474
1.272574
1.256982
1.240766
1.223996
1.206742
1.189078
1.171076
1.152809
1.134347
1.115758
1.097106
1.078452
1.059850
1.041347
1.022985
1.004795
0.986801
0.969018
0.951447
0.934081
