0.957044
0.971818
0.987918
1.004886
1.022317
1.039853
1.057183
1.074037
1.090188
1.105448
1.119663
1.132715
1.144515
1.155006
1.164154
1.171950
1.178409
1.183563
1.187462
1.190170
1.191766
1.192339
1.191985
1.190811
1.188927
1.186445
1.183484
1.180158
1.176584
1.172876
1.169144
1.165493
1.162024
1.158830
1.156000
1.153612
1.151736
1.150435
1.149760
1.149754
1.150450
1.151872
1.154031
1.156931
1.160564
1.164915
1.169957
1.175656
1.181967
1.188841
1.196217
1.204031
1.212209
1.220675
1.229347
1.238137
1.246956
1.255712
1.264311
1.272660
1.280664
1.288229
1.295265
1.301683
1.307397
1.312326
1.316396
1.319536
1.321683
1.322780
1.322779
1.321641
1.319332
1.315833
1.311129
1.305219
1.298108
1.289815
1.280366
1.269799
1.258159
1.245502
1.231893
1.217405
1.202117
1.186115
1.169494
1.152348
1.134778
1.116886
1.098773
1.080541
1.062285
1.044098
1.026064
1.008257
0.990739
0.973557
0.956738
0.940292
