0.916511
0.922910
0.929954
0.937552
0.945617
0.954063
0.962805
0.971761
0.980851
0.989996
0.999120
1.008150
1.017018
1.025657
1.034006
1.042011
1.049620
1.056789
1.063481
1.069665
1.075316
1.080418
1.084963
1.088948
1.092380
1.095274
1.097650
1.099538
1.100973
1.101998
1.102662
1.103018
1.103127
1.103053
1.102862
1.102626
1.102417
1.102310
1.102381
1.102702
1.103348
1.104391
1.105897
1.107932
1.110555
1.113820
1.117774
1.122458
1.127905
1.134138
1.141173
1.149015
1.157660
1.167092
1.177287
1.188209
1.199811
1.212036
1.224816
1.238074
1.251723
1.265665
1.279798
1.294008
1.308176
1.322177
1.335883
1.349160
1.361875
1.373890
1.385073
1.395291
1.404416
1.412325
1.418904
1.424047
1.427659
1.429655
1.429969
1.428546
1.425349
1.420360
1.413580
1.405029
1.394750
1.382805
1.369279
1.354278
1.337927
1.320373
1.301779
1.282324
1.262202
1.241616
1.220774
1.199887
1.179159
1.158787
1.138945
1.119784
