1.084661
1.093357
1.101915
1.110189
1.118057
1.125421
1.132207
1.138360
1.143846
1.148651
1.152775
1.156236
1.159064
1.161300
1.162999
1.164220
1.165032
1.165507
1.165723
1.165760
1.165696
1.165611
1.165584
1.165687
1.165993
1.166566
1.167466
1.168747
1.170454
1.172626
1.175292
1.178474
1.182185
1.186429
1.191201
1.196489
1.202269
1.208513
1.215182
1.222231
1.229608
1.237256
1.245109
1.253099
1.261154
1.269196
1.277146
1.284923
1.292446
1.299632
1.306399
1.312669
1.318363
1.323406
1.327729
1.331265
1.333954
1.335741
1.336577
1.336421
1.335239
1.333004
1.329699
1.325314
1.319846
1.313302
1.305697
1.297054
1.287403
1.276784
1.265241
1.252826
1.239597
1.225618
1.210956
1.195682
1.179870
1.163597
1.146938
1.129971
1.112770
1.095408
1.077955
1.060476
1.043029
1.025667
1.008437
0.991374
0.974509
0.957860
0.941435
0.925236
0.909251
0.893460
0.877835
0.862338
0.846927
0.831552
0.816162
0.800706
