0.917532
0.929592
0.943012
0.957454
0.972610
0.988202
1.003981
1.019726
1.035241
1.050354
1.064919
1.078809
1.091921
1.104170
1.115491
1.125836
1.135171
1.143482
1.150764
1.157027
1.162293
1.166594
1.169972
1.172476
1.174164
1.175099
1.175350
1.174990
1.174096
1.172747
1.171022
1.169003
1.166771
1.164405
1.161984
1.159583
1.157274
1.155127
1.153205
1.151569
1.150271
1.149361
1.148880
1.148863
1.149340
1.150332
1.151854
1.153911
1.156505
1.159627
1.163263
1.167389
1.171977
1.176990
1.182387
1.188118
1.194128
1.200358
1.206743
1.213214
1.219698
1.226119
1.232399
1.238458
1.244215
1.249588
1.254497
1.258863
1.262608
1.265658
1.267944
1.269398
1.269962
1.269580
1.268206
1.265800
1.262332
1.257777
1.252125
1.245372
1.237525
1.228603
1.218633
1.207656
1.195721
1.182890
1.169231
1.154825
1.139761
1.124133
1.108044
1.091600
1.074911
1.058087
1.041238
1.024467
1.007872
0.991540
0.975544
0.959935
