0.999448
0.994901
0.991211
0.988446
0.986648
0.985841
0.986025
0.987184
0.989287
0.992285
0.996119
1.000719
1.006004
1.011889
1.018283
1.025091
1.032218
1.039568
1.047047
1.054564
1.062034
1.069374
1.076511
1.083379
1.089918
1.096080
1.101823
1.107117
1.111942
1.116287
1.120151
1.123542
1.126479
1.128989
1.131107
1.132877
1.134349
1.135579
1.136629
1.137565
1.138458
1.139378
1.140400
1.141596
1.143040
1.144803
1.146951
1.149548
1.152654
1.156320
1.160592
1.165507
1.171094
1.177374
1.184354
1.192035
1.200406
1.209442
1.219111
1.229367
1.240154
1.251404
1.263040
1.274973
1.287106
1.299334
1.311542
1.323610
1.335412
1.346819
1.357697
1.367912
1.377331
1.385821
1.393256
1.399511
1.404472
1.408034
1.410101
1.410590
1.409435
1.406584
1.402002
1.395675
1.387608
1.377827
1.366380
1.353337
1.338791
1.322855
1.305664
1.287373
1.268154
1.248193
1.227689
1.206849
1.185884
1.164999
1.144394
1.124250
