0.893737
0.906899
0.922028
0.938634
0.956276
0.974557
0.993121
1.011656
1.029887
1.047577
1.064524
1.080559
1.095543
1.109368
1.121952
1.133240
1.143198
1.151814
1.159098
1.165075
1.169789
1.173295
1.175664
1.176975
1.177319
1.176794
1.175502
1.173554
1.171060
1.168134
1.164893
1.161449
1.157915
1.154400
1.151011
1.147848
1.145007
1.142575
1.140635
1.139259
1.138513
1.138451
1.139121
1.140559
1.142791
1.145832
1.149690
1.154359
1.159825
1.166062
1.173035
1.180701
1.189005
1.197885
1.207270
1.217082
1.227237
1.237641
1.248199
1.258809
1.269367
1.279763
1.289890
1.299635
1.308891
1.317547
1.325499
1.332643
1.338881
1.344122
1.348279
1.351277
1.353045
1.353524
1.352668
1.350438
1.346811
1.341775
1.335331
1.327495
1.318296
1.307779
1.296002
1.283035
1.268966
1.253891
1.237922
1.221179
1.203793
1.185902
1.167649
1.149183
1.130649
1.112195
1.093958
1.076068
1.058640
1.041768
1.025525
1.009949
