0.929230
0.932599
0.937701
0.944254
0.951997
0.960685
0.970099
0.980032
0.990301
1.000736
1.011186
1.021518
1.031612
1.041365
1.050690
1.059513
1.067774
1.075428
1.082441
1.088792
1.094471
1.099482
1.103835
1.107553
1.110665
1.113213
1.115240
1.116801
1.117955
1.118764
1.119297
1.119624
1.119820
1.119959
1.120117
1.120370
1.120791
1.121453
1.122426
1.123776
1.125565
1.127850
1.130682
1.134106
1.138161
1.142876
1.148274
1.154370
1.161170
1.168669
1.176855
1.185708
1.195194
1.205275
1.215901
1.227013
1.238544
1.250418
1.262554
1.274860
1.287241
1.299592
1.311808
1.323777
1.335383
1.346510
1.357042
1.366859
1.375848
1.383894
1.390889
1.396729
1.401316
1.404562
1.406387
1.406722
1.405508
1.402702
1.398272
1.392204
1.384498
1.375170
1.364255
1.351803
1.337885
1.322587
1.306012
1.288281
1.269529
1.249905
1.229573
1.208702
1.187473
1.166067
1.144667
1.123452
1.102591
1.082237
1.062521
1.043547
