0.996630
0.988989
0.981593
0.974617
0.968213
0.962510
0.957618
0.953626
0.950604
0.948607
0.947671
0.947819
0.949060
0.951389
0.954792
0.959241
0.964700
0.971124
0.978459
0.986645
0.995615
1.005299
1.015619
1.026496
1.037845
1.049582
1.061620
1.073869
1.086242
1.098651
1.111007
1.123225
1.135221
1.146912
1.158220
1.169068
1.179385
1.189101
1.198153
1.206481
1.214031
1.220752
1.226599
1.231535
1.235524
1.238540
1.240558
1.241563
1.241543
1.240493
1.238412
1.235306
1.231186
1.226067
1.219969
1.212919
1.204946
1.196084
1.186371
1.175848
1.164561
1.152557
1.139885
1.126599
1.112751
1.098396
1.083591
1.068391
1.052852
1.037030
1.020979
1.004751
0.988399
0.971969
0.955509
0.939061
0.922664
0.906353
0.890160
0.874112
0.858230
0.842532
0.827029
0.811731
0.796638
0.781748
0.767053
0.752543
0.738199
0.724003
0.709931
0.695957
0.682053
0.668192
0.654344
0.640483
0.626584
0.612628
0.598601
0.584496
