1.095536
1.093413
1.089419
1.083937
1.077322
1.069897
1.061957
1.053771
1.045579
1.037595
1.030011
1.022993
1.016683
1.011204
1.006657
1.003122
1.000663
0.999322
0.999130
1.000096
1.002219
1.005483
1.009859
1.015305
1.021773
1.029200
1.037518
1.046651
1.056514
1.067021
1.078076
1.089584
1.101444
1.113555
1.125813
1.138115
1.150359
1.162444
1.174270
1.185740
1.196761
1.207244
1.217105
1.226263
1.234644
1.242179
1.248808
1.254475
1.259131
1.262735
1.265253
1.266660
1.266935
1.266068
1.264055
1.260899
1.256610
1.251208
1.244716
1.237165
1.228592
1.219041
1.208560
1.197201
1.185022
1.172084
1.158451
1.144190
1.129369
1.114058
1.098327
1.082246
1.065885
1.049310
1.032587
1.015778
0.998942
0.982132
0.965399
0.948785
0.932329
0.916062
0.900009
0.884187
0.868607
0.853271
0.838175
0.823307
0.808649
0.794176
0.779856
0.765654
0.751530
0.737442
0.723345
0.709196
0.694953
0.680580
0.666048
0.651336
