0.996375
1.001602
1.006267
1.010292
1.013622
1.016221
1.018073
1.019179
1.019559
1.019249
1.018296
1.016763
1.014722
1.012255
1.009450
1.006401
1.003206
0.999967
0.996784
0.993757
0.990985
0.988562
0.986576
0.985113
0.984247
0.984046
0.984571
0.985871
0.987986
0.990944
0.994765
0.999456
1.005014
1.011424
1.018661
1.026690
1.035465
1.044931
1.055023
1.065669
1.076789
1.088296
1.100097
1.112094
1.124186
1.136268
1.148232
1.159972
1.171379
1.182347
1.192772
1.202552
1.211591
1.219797
1.227085
1.233374
1.238595
1.242683
1.245585
1.247256
1.247662
1.246777
1.244588
1.241091
1.236293
1.230213
1.222877
1.214324
1.204602
1.193768
1.181885
1.169027
1.155272
1.140707
1.125420
1.109504
1.093056
1.076173
1.058949
1.041482
1.023861
1.006176
0.988508
0.970932
0.953514
0.936313
0.919376
0.902737
0.886422
0.870440
0.854791
0.839461
0.824421
0.809634
0.795050
0.780611
0.766249
0.751896
0.737479
0.722927
