1.025962
1.034132
1.040639
1.045572
1.049030
1.051118
1.051950
1.051647
1.050332
1.048136
1.045190
1.041630
1.037590
1.033206
1.028610
1.023932
1.019300
1.014834
1.010651
1.006858
1.003558
1.000842
0.998794
0.997487
0.996985
0.997341
0.998595
1.000779
1.003913
1.008002
1.013046
1.019029
1.025926
1.033702
1.042312
1.051702
1.061807
1.072557
1.083871
1.095666
1.107849
1.120324
1.132991
1.145747
1.158485
1.171100
1.183484
1.195531
1.207137
1.218199
1.228621
1.238307
1.247170
1.255127
1.262102
1.268026
1.272841
1.276492
1.278939
1.280147
1.280093
1.278762
1.276152
1.272266
1.267122
1.260745
1.253168
1.244436
1.234600
1.223720
1.211862
1.199099
1.185511
1.171178
1.156189
1.140632
1.124596
1.108173
1.091450
1.074516
1.057452
1.040338
1.023247
1.006243
0.989385
0.972720
0.956288
0.940116
0.924222
0.908610
0.893275
0.878199
0.863354
0.848701
0.834192
0.819771
0.805379
0.790951
0.776422
0.761734
