0.995022
0.985571
0.975815
0.966152
0.956920
0.948401
0.940824
0.934367
0.929165
0.925309
0.922851
0.921810
0.922172
0.923895
0.926913
0.931141
0.936475
0.942796
0.949976
0.957877
0.966357
0.975270
0.984472
0.993818
1.003168
1.012389
1.021355
1.029949
1.038065
1.045606
1.052491
1.058650
1.064026
1.068578
1.072278
1.075111
1.077077
1.078190
1.078477
1.077977
1.076741
1.074831
1.072319
1.069285
1.065817
1.062013
1.057970
1.053795
1.049594
1.045475
1.041548
1.037918
1.034691
1.031965
1.029836
1.028391
1.027712
1.027868
1.028921
1.030922
1.033909
1.037908
1.042934
1.048986
1.056050
1.064099
1.073090
1.082970
1.093668
1.105102
1.117178
1.129788
1.142817
1.156135
1.169607
1.183090
1.196434
1.209485
1.222088
1.234085
1.245321
1.255643
1.264903
1.272963
1.279691
1.284968
1.288691
1.290769
1.291132
1.289728
1.286528
1.281526
1.274738
1.266209
1.256010
1.244237
1.231015
1.216497
1.200860
1.184308
