1.075979
1.077064
1.075849
1.072669
1.067836
1.061647
1.054381
1.046298
1.037644
1.028645
1.019512
1.010440
1.001607
0.993174
0.985288
0.978079
0.971663
0.966139
0.961591
0.958089
0.955688
0.954430
0.954341
0.955436
0.957715
0.961168
0.965771
0.971490
0.978281
0.986088
0.994849
1.004490
1.014932
1.026089
1.037867
1.050169
1.062893
1.075933
1.089181
1.102528
1.115862
1.129075
1.142056
1.154699
1.166897
1.178551
1.189562
1.199839
1.209296
1.217851
1.225431
1.231972
1.237413
1.241707
1.244811
1.246693
1.247330
1.246707
1.244822
1.241677
1.237286
1.231673
1.224868
1.216910
1.207848
1.197737
1.186636
1.174616
1.161747
1.148109
1.133782
1.118851
1.103401
1.087520
1.071294
1.054809
1.038149
1.021392
1.004615
0.987887
0.971273
0.954829
0.938603
0.922635
0.906954
0.891579
0.876521
0.861776
0.847334
0.833170
0.819252
0.805538
0.791977
0.778511
0.765078
0.751611
0.738046
0.724318
0.710369
0.696154
