1.013104
1.005782
0.998308
0.990960
0.983976
0.977552
0.971847
0.966988
0.963066
0.960146
0.958265
0.957435
0.957646
0.958871
0.961065
0.964169
0.968113
0.972816
0.978191
0.984145
0.990581
0.997402
1.004509
1.011806
1.019199
1.026598
1.033920
1.041087
1.048027
1.054678
1.060984
1.066900
1.072388
1.077422
1.081983
1.086060
1.089655
1.092776
1.095439
1.097669
1.099499
1.100967
1.102119
1.103004
1.103677
1.104196
1.104622
1.105019
1.105448
1.105975
1.106662
1.107569
1.108754
1.110272
1.112173
1.114500
1.117293
1.120582
1.124393
1.128741
1.133634
1.139073
1.145045
1.151534
1.158509
1.165934
1.173761
1.181933
1.190385
1.199045
1.207831
1.216655
1.225422
1.234032
1.242380
1.250358
1.257855
1.264760
1.270960
1.276347
1.280812
1.284253
1.286574
1.287684
1.287504
1.285964
1.283006
1.278585
1.272671
1.265251
1.256328
1.245924
1.234077
1.220849
1.206317
1.190583
1.173764
1.155999
1.137445
1.118274
