1.013393
1.017313
1.020425
1.022691
1.024094
1.024633
1.024325
1.023202
1.021311
1.018712
1.015478
1.011692
1.007445
1.002837
0.997971
0.992958
0.987907
0.982929
0.978135
0.973633
0.969526
0.965914
0.962887
0.960531
0.958922
0.958125
0.958197
0.959184
0.961119
0.964024
0.967910
0.972776
0.978607
0.985379
0.993054
1.001585
1.010913
1.020969
1.031676
1.042946
1.054687
1.066798
1.079171
1.091697
1.104261
1.116746
1.129034
1.141006
1.152546
1.163538
1.173871
1.183437
1.192135
1.199869
1.206552
1.212104
1.216454
1.219541
1.221315
1.221737
1.220778
1.218422
1.214663
1.209509
1.202978
1.195100
1.185917
1.175481
1.163853
1.151107
1.137321
1.122584
1.106990
1.090640
1.073636
1.056087
1.038100
1.019783
1.001243
0.982584
0.963903
0.945295
0.926842
0.908623
0.890700
0.873129
0.855950
0.839190
0.822862
0.806966
0.791484
0.776386
0.761628
0.747152
0.732891
0.718766
0.704695
0.690592
0.676370
0.661952
