0.956920
0.963022
0.968545
0.973428
0.977627
0.981115
0.983883
0.985939
0.987303
0.988007
0.988096
0.987623
0.986651
0.985246
0.983482
0.981435
0.979183
0.976806
0.974383
0.971991
0.969703
0.967592
0.965722
0.964156
0.962948
0.962147
0.961793
0.961922
0.962559
0.963724
0.965427
0.967672
0.970456
0.973765
0.977584
0.981885
0.986639
0.991809
0.997353
1.003226
1.009378
1.015757
1.022309
1.028977
1.035705
1.042435
1.049113
1.055684
1.062097
1.068301
1.074253
1.079910
1.085237
1.090201
1.094778
1.098948
1.102697
1.106019
1.108912
1.111384
1.113445
1.115115
1.116419
1.117385
1.118050
1.118453
1.118637
1.118649
1.118538
1.118353
1.118145
1.117963
1.117856
1.117868
1.118040
1.118408
1.119000
1.119838
1.120933
1.122289
1.123897
1.125737
1.127775
1.129965
1.132247
1.134546
1.136775
1.138831
1.140599
1.141952
1.142750
1.142845
1.142084
1.140306
1.137351
1.133062
1.127290
1.119899
1.110770
1.099814
