0.988062
0.983050
0.977810
0.972537
0.967396
0.962527
0.958043
0.954035
0.950573
0.947708
0.945472
0.943882
0.942940
0.942637
0.942952
0.943853
0.945303
0.947257
0.949663
0.952468
0.955615
0.959045
0.962698
0.966515
0.970439
0.974413
0.978385
0.982305
0.986128
0.989812
0.993321
0.996624
0.999695
1.002516
1.005072
1.007354
1.009361
1.011095
1.012567
1.013789
1.014783
1.015572
1.016185
1.016654
1.017018
1.017314
1.017585
1.017876
1.018233
1.018702
1.019330
1.020164
1.021250
1.022633
1.024353
1.026452
1.028965
1.031924
1.035356
1.039285
1.043728
1.048695
1.054192
1.060216
1.066758
1.073801
1.081321
1.089286
1.097657
1.106384
1.115413
1.124680
1.134114
1.143636
1.153162
1.162599
1.171850
1.180812
1.189378
1.197436
1.204873
1.211573
1.217419
1.222297
1.226092
1.228694
1.229998
1.229904
1.228323
1.225174
1.220387
1.213910
1.205704
1.195749
1.184047
1.170621
1.155522
1.138828
1.120647
1.101122
