1.018492
1.015736
1.012066
1.007668
1.002711
0.997350
0.991723
0.985959
0.980171
0.974462
0.968926
0.963643
0.958686
0.954119
0.949996
0.946362
0.943256
0.940708
0.938739
0.937365
0.936593
0.936427
0.936861
0.937884
0.939480
0.941628
0.944301
0.947470
0.951099
0.955151
0.959583
0.964354
0.969417
0.974724
0.980228
0.985881
0.991633
0.997438
1.003248
1.009018
1.014706
1.020271
1.025676
1.030888
1.035877
1.040618
1.045091
1.049279
1.053171
1.056763
1.060054
1.063049
1.065760
1.068202
1.070396
1.072369
1.074151
1.075777
1.077285
1.078718
1.080121
1.081541
1.083025
1.084622
1.086381
1.088349
1.090571
1.093090
1.095943
1.099165
1.102781
1.106812
1.111270
1.116157
1.121466
1.127179
1.133265
1.139683
1.146377
1.153277
1.160302
1.167355
1.174325
1.181088
1.187509
1.193438
1.198717
1.203178
1.206646
1.208941
1.209884
1.209294
1.207000
1.202839
1.196666
1.188357
1.177819
1.164993
1.149867
1.132483
