1.000809
0.999826
0.997985
0.995467
0.992434
0.989031
0.985388
0.981620
0.977827
0.974099
0.970513
0.967133
0.964016
0.961206
0.958740
0.956647
0.954948
0.953656
0.952779
0.952318
0.952270
0.952625
0.953372
0.954493
0.955969
0.957777
0.959893
0.962291
0.964941
0.967817
0.970887
0.974124
0.977498
0.980981
0.984545
0.988164
0.991814
0.995473
0.999121
1.002739
1.006313
1.009830
1.013282
1.016661
1.019964
1.023193
1.026349
1.029439
1.032473
1.035462
1.038422
1.041371
1.044329
1.047317
1.050360
1.053484
1.056714
1.060078
1.063604
1.067318
1.071246
1.075413
1.079843
1.084556
1.089569
1.094896
1.100546
1.106525
1.112831
1.119458
1.126392
1.133613
1.141093
1.148795
1.156675
1.164681
1.172749
1.180810
1.188782
1.196578
1.204099
1.211240
1.217887
1.223919
1.229210
1.233629
1.237039
1.239305
1.240290
1.239859
1.237882
1.234239
1.228818
1.221523
1.212278
1.201030
1.187753
1.172456
1.155189
1.136049
