0.967605
0.962787
0.958042
0.953539
0.949418
0.945791
0.942745
0.940342
0.938623
0.937609
0.937302
0.937690
0.938746
0.940431
0.942697
0.945485
0.948733
0.952372
0.956331
0.960536
0.964914
0.969391
0.973898
0.978368
0.982736
0.986946
0.990945
0.994688
0.998135
1.001255
1.004025
1.006428
1.008457
1.010110
1.011396
1.012328
1.012930
1.013229
1.013261
1.013067
1.012693
1.012190
1.011611
1.011015
1.010462
1.010012
1.009729
1.009673
1.009907
1.010488
1.011474
1.012918
1.014868
1.017368
1.020456
1.024165
1.028518
1.033534
1.039220
1.045579
1.052601
1.060271
1.068562
1.077438
1.086855
1.096759
1.107087
1.117768
1.128722
1.139862
1.151093
1.162315
1.173420
1.184298
1.194834
1.204910
1.214408
1.223207
1.231190
1.238240
1.244246
1.249100
1.252702
1.254960
1.255792
1.255126
1.252903
1.249078
1.243622
1.236520
1.227777
1.217414
1.205475
1.192019
1.177129
1.160907
1.143476
1.124976
1.105570
1.085436
