0.982262
0.975659
0.969076
0.962719
0.956759
0.951335
0.946558
0.942511
0.939253
0.936819
0.935225
0.934468
0.934527
0.935368
0.936945
0.939201
0.942071
0.945483
0.949360
0.953621
0.958184
0.962966
0.967886
0.972863
0.977821
0.982687
0.987394
0.991879
0.996088
0.999973
1.003492
1.006612
1.009309
1.011566
1.013374
1.014733
1.015650
1.016141
1.016229
1.015943
1.015321
1.014404
1.013241
1.011884
1.010392
1.008825
1.007245
1.005719
1.004313
1.003094
1.002127
1.001478
1.001209
1.001380
1.002046
1.003260
1.005066
1.007504
1.010609
1.014405
1.018911
1.024136
1.030082
1.036740
1.044094
1.052115
1.060767
1.070004
1.079769
1.089997
1.100614
1.111536
1.122671
1.133919
1.145174
1.156321
1.167244
1.177818
1.187917
1.197412
1.206173
1.214072
1.220979
1.226772
1.231330
1.234540
1.236299
1.236511
1.235094
1.231978
1.227111
1.220456
1.211996
1.201736
1.189702
1.175946
1.160547
1.143609
1.125268
1.105690
