0.973125
0.969625
0.965972
0.962336
0.958861
0.955667
0.952851
0.950487
0.948632
0.947321
0.946577
0.946406
0.946800
0.947742
0.949202
0.951145
0.953525
0.956295
0.959399
0.962782
0.966385
0.970149
0.974016
0.977928
0.981830
0.985672
0.989403
0.992982
0.996368
0.999528
1.002434
1.005065
1.007404
1.009442
1.011176
1.012608
1.013749
1.014612
1.015219
1.015596
1.015773
1.015787
1.015677
1.015487
1.015263
1.015054
1.014910
1.014884
1.015028
1.015394
1.016033
1.016997
1.018332
1.020083
1.022293
1.024999
1.028233
1.032024
1.036393
1.041355
1.046920
1.053089
1.059857
1.067211
1.075128
1.083579
1.092527
1.101927
1.111723
1.121855
1.132252
1.142839
1.153530
1.164236
1.174860
1.185300
1.195450
1.205201
1.214440
1.223051
1.230921
1.237933
1.243976
1.248939
1.252715
1.255206
1.256319
1.255968
1.254080
1.250594
1.245461
1.238648
1.230138
1.219932
1.208053
1.194544
1.179471
1.162925
1.145022
1.125906
