0.840264
0.847971
0.857685
0.869077
0.881850
0.895728
0.910462
0.925824
0.941612
0.957639
0.973744
0.989780
1.005621
1.021155
1.036288
1.050938
1.065040
1.078538
1.091390
1.103564
1.115038
1.125799
1.135841
1.145168
1.153787
1.161714
1.168966
1.175569
1.181547
1.186932
1.191754
1.196048
1.199846
1.203185
1.206097
1.208618
1.210780
1.212614
1.214151
1.215416
1.216437
1.217234
1.217827
1.218232
1.218462
1.218527
1.218433
1.218181
1.217771
1.217198
1.216455
1.215529
1.214406
1.213069
1.211497
1.209667
1.207553
1.205129
1.202364
1.199229
1.195691
1.191718
1.187277
1.182336
1.176863
1.170827
1.164198
1.156948
1.149053
1.140489
1.131237
1.121281
1.110610
1.099216
1.087096
1.074253
1.060693
1.046432
1.031487
1.015884
0.999653
0.982833
0.965465
0.947599
0.929289
0.910596
0.891583
0.872319
0.852879
0.833336
0.813768
0.794254
0.774871
0.755696
0.736802
0.718256
0.700119
0.682441
0.665263
0.648610
