0.910469
0.920883
0.933039
0.946825
0.962119
0.978790
0.996705
1.015722
1.035695
1.056476
1.077912
1.099850
1.122134
1.144612
1.167130
1.189540
1.211696
1.233458
1.254691
1.275267
1.295065
1.313975
1.331893
1.348727
1.364395
1.378824
1.391953
1.403734
1.414128
1.423109
1.430661
1.436781
1.441475
1.444763
1.446671
1.447238
1.446511
1.444546
1.441406
1.437163
1.431893
1.425680
1.418611
1.410777
1.402271
1.393190
1.383631
1.373688
1.363459
1.353035
1.342509
1.331965
1.321488
1.311152
1.301028
1.291180
1.281665
1.272529
1.263813
1.255548
1.247753
1.240442
1.233618
1.227272
1.221388
1.215941
1.210895
1.206207
1.201826
1.197691
1.193738
1.189894
1.186082
1.182220
1.178224
1.174006
1.169481
1.164559
1.159157
1.153191
1.146582
1.139259
1.131155
1.122214
1.112386
1.101635
1.089936
1.077274
1.063652
1.049083
1.033597
1.017238
1.000066
0.982154
0.963589
0.944473
0.924917
0.905043
0.884979
0.864859
