0.866047
0.881114
0.898059
0.916505
0.936105
0.956548
0.977551
0.998861
1.020253
1.041527
1.062507
1.083043
1.103004
1.122279
1.140776
1.158421
1.175154
1.190932
1.205721
1.219503
1.232268
1.244015
1.254752
1.264495
1.273265
1.281087
1.287992
1.294013
1.299186
1.303549
1.307139
1.309996
1.312159
1.313665
1.314550
1.314851
1.314600
1.313828
1.312564
1.310832
1.308657
1.306057
1.303050
1.299649
1.295866
1.291708
1.287181
1.282287
1.277027
1.271397
1.265393
1.259010
1.252238
1.245070
1.237493
1.229499
1.221074
1.212207
1.202886
1.193101
1.182842
1.172098
1.160862
1.149128
1.136892
1.124151
1.110905
1.097156
1.082912
1.068178
1.052968
1.037295
1.021176
1.004633
0.987689
0.970371
0.952708
0.934734
0.916484
0.897997
0.879311
0.860470
0.841517
0.822499
0.803459
0.784446
0.765506
0.746684
0.728026
0.709575
0.691372
0.673454
0.655856
0.638608
0.621737
0.605261
0.589193
0.573541
0.558302
0.543467
