0.876019
0.892065
0.910487
0.930917
0.953013
0.976455
1.000941
1.026191
1.051945
1.077960
1.104012
1.129892
1.155411
1.180395
1.204687
1.228145
1.250642
1.272067
1.292325
1.311331
1.329019
1.345334
1.360235
1.373692
1.385689
1.396222
1.405296
1.412928
1.419144
1.423981
1.427483
1.429701
1.430695
1.430530
1.429276
1.427010
1.423810
1.419758
1.414939
1.409438
1.403341
1.396734
1.389701
1.382325
1.374685
1.366856
1.358912
1.350919
1.342939
1.335028
1.327234
1.319600
1.312160
1.304943
1.297967
1.291243
1.284776
1.278560
1.272583
1.266824
1.261256
1.255842
1.250541
1.245305
1.240080
1.234807
1.229422
1.223861
1.218053
1.211929
1.205417
1.198446
1.190949
1.182860
1.174115
1.164658
1.154439
1.143413
1.131546
1.118812
1.105195
1.090691
1.075309
1.059068
1.042001
1.024156
1.005593
0.986384
0.966617
0.946387
0.925805
0.904987
0.884061
0.863156
0.842406
0.821943
0.801894
0.782378
0.763499
0.745339
