0.773206
0.785910
0.801770
0.820443
0.841602
0.864940
0.890163
0.916994
0.945169
0.974440
1.004570
1.035335
1.066526
1.097944
1.129401
1.160724
1.191749
1.222323
1.252306
1.281568
1.309991
1.337465
1.363893
1.389188
1.413274
1.436083
1.457558
1.477652
1.496326
1.513552
1.529308
1.543584
1.556374
1.567682
1.577518
1.585901
1.592853
1.598405
1.602590
1.605449
1.607025
1.607366
1.606523
1.604548
1.601497
1.597429
1.592400
1.586469
1.579696
1.572138
1.563853
1.554897
1.545325
1.535187
1.524534
1.513413
1.501866
1.489934
1.477654
1.465057
1.452174
1.439028
1.425641
1.412030
1.398208
1.384184
1.369964
1.355551
1.340944
1.326140
1.311133
1.295915
1.280478
1.264811
1.248904
1.232744
1.216323
1.199629
1.182656
1.165398
1.147851
1.130015
1.111893
1.093494
1.074828
1.055913
1.036770
1.017425
0.997910
0.978261
0.958519
0.938730
0.918943
0.899209
0.879581
0.860115
0.840862
0.821872
0.803191
0.784854
