0.888528
0.899739
0.912680
0.927211
0.943184
0.960449
0.978853
0.998236
1.018440
1.039301
1.060656
1.082342
1.104197
1.126061
1.147780
1.169200
1.190178
1.210574
1.230258
1.249107
1.267011
1.283867
1.299585
1.314086
1.327305
1.339188
1.349694
1.358794
1.366474
1.372731
1.377576
1.381031
1.383131
1.383919
1.383453
1.381796
1.379025
1.375220
1.370470
1.364872
1.358523
1.351529
1.343994
1.336026
1.327733
1.319220
1.310591
1.301948
1.293385
1.284995
1.276860
1.269057
1.261653
1.254708
1.248269
1.242376
1.237054
1.232320
1.228177
1.224617
1.221621
1.219157
1.217182
1.215641
1.214471
1.213597
1.212935
1.212394
1.211877
1.211278
1.210490
1.209401
1.207898
1.205869
1.203202
1.199791
1.195533
1.190334
1.184109
1.176781
1.168289
1.158583
1.147631
1.135417
1.121942
1.107227
1.091312
1.074260
1.056149
1.037082
1.017177
0.996574
0.975424
0.953895
0.932165
0.910417
0.888836
0.867605
0.846896
0.826861
