0.867586
0.879087
0.892708
0.908072
0.924828
0.942652
0.961246
0.980335
0.999671
1.019025
1.038192
1.056988
1.075251
1.092834
1.109615
1.125485
1.140355
1.154153
1.166820
1.178314
1.188607
1.197685
1.205546
1.212198
1.217661
1.221968
1.225155
1.227272
1.228372
1.228518
1.227776
1.226218
1.223919
1.220956
1.217411
1.213363
1.208896
1.204090
1.199024
1.193776
1.188421
1.183030
1.177671
1.172405
1.167289
1.162375
1.157706
1.153322
1.149252
1.145520
1.142142
1.139125
1.136470
1.134169
1.132206
1.130557
1.129193
1.128075
1.127158
1.126391
1.125717
1.125073
1.124392
1.123603
1.122631
1.121400
1.119830
1.117843
1.115360
1.112303
1.108598
1.104173
1.098961
1.092899
1.085933
1.078015
1.069107
1.059178
1.048209
1.036192
1.023132
1.009043
0.993956
0.977912
0.960967
0.943189
0.924660
0.905474
0.885737
0.865564
0.845082
0.824423
0.803725
0.783128
0.762773
0.742797
0.723328
0.704483
0.686361
0.669039
