0.850323
0.861429
0.874861
0.890416
0.907891
0.927082
0.947786
0.969797
0.992911
1.016923
1.041633
1.066842
1.092354
1.117978
1.143531
1.168834
1.193717
1.218019
1.241589
1.264286
1.285980
1.306554
1.325903
1.343937
1.360575
1.375755
1.389426
1.401552
1.412110
1.421091
1.428501
1.434357
1.438689
1.441539
1.442962
1.443020
1.441788
1.439347
1.435787
1.431204
1.425699
1.419379
1.412352
1.404729
1.396621
1.388140
1.379393
1.370489
1.361528
1.352607
1.343819
1.335246
1.326964
1.319041
1.311532
1.304486
1.297939
1.291915
1.286428
1.281481
1.277062
1.273151
1.269715
1.266710
1.264081
1.261764
1.259685
1.257763
1.255906
1.254022
1.252008
1.249761
1.247176
1.244145
1.240563
1.236329
1.231343
1.225513
1.218756
1.210998
1.202174
1.192235
1.181146
1.168885
1.155449
1.140853
1.125131
1.108333
1.090532
1.071818
1.052298
1.032099
1.011360
0.990237
0.968892
0.947496
0.926223
0.905242
0.884713
0.864780
