0.830085
0.846029
0.864889
0.886272
0.909808
0.935147
0.961960
0.989937
1.018787
1.048237
1.078033
1.107934
1.137722
1.167190
1.196150
1.224430
1.251874
1.278339
1.303701
1.327848
1.350684
1.372129
1.392114
1.410586
1.427505
1.442844
1.456587
1.468732
1.479288
1.488273
1.495717
1.501658
1.506145
1.509232
1.510982
1.511463
1.510751
1.508923
1.506063
1.502257
1.497591
1.492155
1.486038
1.479328
1.472113
1.464477
1.456502
1.448267
1.439844
1.431304
1.422708
1.414114
1.405570
1.397121
1.388802
1.380640
1.372654
1.364857
1.357252
1.349834
1.342592
1.335504
1.328545
1.321679
1.314866
1.308060
1.301209
1.294257
1.287144
1.279809
1.272187
1.264214
1.255824
1.246956
1.237548
1.227543
1.216889
1.205541
1.193458
1.180610
1.166975
1.152540
1.137304
1.121279
1.104485
1.086959
1.068746
1.049909
1.030518
1.010659
0.990426
0.969925
0.949267
0.928572
0.907962
0.887558
0.867481
0.847842
0.828739
0.810255
