1.075448
1.073887
1.069116
1.061722
1.052243
1.041179
1.028985
1.016075
1.002826
0.989576
0.976625
0.964239
0.952652
0.942064
0.932644
0.924533
0.917844
0.912662
0.909051
0.907047
0.906668
0.907911
0.910754
0.915157
0.921065
0.928410
0.937109
0.947070
0.958189
0.970355
0.983449
0.997347
1.011920
1.027035
1.042559
1.058357
1.074293
1.090235
1.106051
1.121614
1.136800
1.151491
1.165574
1.178943
1.191500
1.203154
1.213823
1.223432
1.231916
1.239222
1.245303
1.250123
1.253657
1.255889
1.256812
1.256430
1.254757
1.251813
1.247630
1.242247
1.235710
1.228075
1.219402
1.209758
1.199215
1.187851
1.175744
1.162979
1.149641
1.135816
1.121590
1.107049
1.092277
1.077354
1.062359
1.047365
1.032438
1.017640
1.003027
0.988643
0.974528
0.960711
0.947213
0.934043
0.921201
0.908680
0.896460
0.884511
0.872796
0.861269
0.849877
0.838560
0.827253
0.815888
0.804398
0.792714
0.780775
0.768523
0.755914
0.742918
