0.955534
0.949180
0.941491
0.933030
0.924301
0.915747
0.907754
0.900655
0.894726
0.890195
0.887239
0.885991
0.886542
0.888944
0.893210
0.899323
0.907235
0.916870
0.928132
0.940900
0.955040
0.970401
0.986820
1.004127
1.022147
1.040697
1.059596
1.078664
1.097722
1.116596
1.135121
1.153136
1.170493
1.187051
1.202683
1.217274
1.230720
1.242932
1.253835
1.263367
1.271481
1.278143
1.283332
1.287043
1.289280
1.290063
1.289420
1.287394
1.284033
1.279399
1.273557
1.266583
1.258558
1.249566
1.239696
1.229041
1.217694
1.205748
1.193297
1.180433
1.167243
1.153815
1.140229
1.126561
1.112882
1.099255
1.085736
1.072377
1.059217
1.046290
1.033622
1.021231
1.009126
0.997307
0.985771
0.974503
0.963484
0.952690
0.942090
0.931649
0.921329
0.911091
0.900892
0.890691
0.880446
0.870118
0.859671
0.849072
0.838293
0.827315
0.816121
0.804705
0.793068
0.781220
0.769178
0.756970
0.744629
0.732197
0.719721
0.707255
