1.037049
1.027004
1.014527
1.000358
0.985164
0.969542
0.954017
0.939051
0.925040
0.912321
0.901171
0.891815
0.884427
0.879131
0.876010
0.875104
0.876416
0.879918
0.885549
0.893222
0.902825
0.914229
0.927285
0.941830
0.957690
0.974683
0.992619
1.011307
1.030552
1.050162
1.069947
1.089721
1.109305
1.128528
1.147227
1.165251
1.182458
1.198720
1.213921
1.227958
1.240743
1.252199
1.262267
1.270898
1.278059
1.283731
1.287905
1.290589
1.291799
1.291564
1.289925
1.286930
1.282636
1.277111
1.270427
1.262663
1.253902
1.244232
1.233743
1.222528
1.210678
1.198288
1.185447
1.172244
1.158767
1.145096
1.131309
1.117479
1.103671
1.089944
1.076351
1.062937
1.049739
1.036788
1.024104
1.011701
0.999586
0.987756
0.976204
0.964914
0.953863
0.943026
0.932369
0.921856
0.911449
0.901104
0.890780
0.880433
0.870020
0.859502
0.848840
0.838003
0.826961
0.815694
0.804187
0.792435
0.780440
0.768215
0.755784
0.743178
