0.977312
0.991764
1.003945
1.013906
1.021718
1.027470
1.031269
1.033239
1.033514
1.032244
1.029585
1.025704
1.020771
1.014962
1.008453
1.001420
0.994040
0.986484
0.978917
0.971501
0.964385
0.957714
0.951619
0.946221
0.941627
0.937935
0.935224
0.933563
0.933005
0.933588
0.935338
0.938262
0.942357
0.947604
0.953971
0.961412
0.969870
0.979277
0.989552
1.000607
1.012343
1.024655
1.037431
1.050552
1.063898
1.077343
1.090760
1.104024
1.117006
1.129583
1.141633
1.153039
1.163689
1.173477
1.182305
1.190082
1.196728
1.202171
1.206351
1.209216
1.210729
1.210862
1.209601
1.206942
1.202895
1.197480
1.190729
1.182685
1.173402
1.162945
1.151385
1.138804
1.125289
1.110936
1.095844
1.080115
1.063855
1.047169
1.030163
1.012941
0.995602
0.978241
0.960946
0.943798
0.926867
0.910214
0.893889
0.877926
0.862350
0.847169
0.832378
0.817959
0.803878
0.790090
0.776536
0.763151
0.749858
0.736577
0.723226
0.709725
