1.102713
1.095810
1.086719
1.075884
1.063712
1.050577
1.036823
1.022761
1.008675
0.994820
0.981425
0.968693
0.956801
0.945906
0.936139
0.927611
0.920411
0.914610
0.910258
0.907389
0.906018
0.906147
0.907759
0.910825
0.915303
0.921137
0.928261
0.936599
0.946065
0.956564
0.967993
0.980246
0.993208
1.006762
1.020785
1.035155
1.049746
1.064432
1.079088
1.093591
1.107818
1.121652
1.134978
1.147686
1.159673
1.170840
1.181096
1.190358
1.198551
1.205607
1.211467
1.216084
1.219418
1.221439
1.222127
1.221473
1.219476
1.216147
1.211505
1.205580
1.198408
1.190037
1.180521
1.169923
1.158312
1.145763
1.132357
1.118180
1.103320
1.087870
1.071923
1.055573
1.038915
1.022040
1.005039
0.987998
0.970999
0.954117
0.937421
0.920972
0.904824
0.889018
0.873589
0.858556
0.843933
0.829716
0.815894
0.802443
0.789326
0.776499
0.763904
0.751477
0.739146
0.726836
0.714465
0.701953
0.689225
0.676211
0.662851
0.649104
