1.040747
1.042009
1.040129
1.035644
1.029056
1.020827
1.011381
1.001109
0.990363
0.979464
0.968698
0.958321
0.948556
0.939598
0.931613
0.924739
0.919090
0.914754
0.911797
0.910261
0.910170
0.911527
0.914318
0.918514
0.924068
0.930921
0.939002
0.948228
0.958508
0.969741
0.981819
0.994630
1.008056
1.021976
1.036265
1.050801
1.065457
1.080111
1.094640
1.108926
1.122853
1.136311
1.149194
1.161403
1.172844
1.183432
1.193087
1.201740
1.209329
1.215800
1.221109
1.225220
1.228107
1.229752
1.230148
1.229295
1.227202
1.223888
1.219378
1.213707
1.206915
1.199051
1.190170
1.180331
1.169599
1.158044
1.145740
1.132761
1.119187
1.105096
1.090569
1.075684
1.060521
1.045154
1.029658
1.014102
0.998550
0.983063
0.967693
0.952489
0.937489
0.922727
0.908226
0.894002
0.880062
0.866404
0.853018
0.839885
0.826979
0.814264
0.801700
0.789241
0.776834
0.764425
0.751959
0.739380
0.726636
0.713680
0.700473
0.686991
