1.062988
1.067832
1.068986
1.066945
1.062178
1.055129
1.046213
1.035821
1.024317
1.012040
0.999305
0.986401
0.973594
0.961124
0.949209
0.938043
0.927798
0.918621
0.910641
0.903962
0.898670
0.894828
0.892484
0.891663
0.892374
0.894609
0.898344
0.903540
0.910144
0.918088
0.927294
0.937672
0.949123
0.961539
0.974803
0.988794
1.003384
1.018440
1.033829
1.049414
1.065059
1.080627
1.095983
1.110996
1.125536
1.139482
1.152713
1.165121
1.176600
1.187054
1.196397
1.204550
1.211447
1.217029
1.221251
1.224076
1.225481
1.225452
1.223987
1.221097
1.216800
1.211130
1.204125
1.195839
1.186331
1.175670
1.163932
1.151202
1.137568
1.123124
1.107969
1.092204
1.075931
1.059253
1.042273
1.025089
1.007798
0.990492
0.973256
0.956169
0.939301
0.922714
0.906456
0.890569
0.875079
0.860001
0.845338
0.831078
0.817199
0.803663
0.790424
0.777422
0.764589
0.751850
0.739123
0.726324
0.713371
0.700184
0.686694
0.672844
