0.933370
0.929882
0.926675
0.923899
0.921677
0.920101
0.919237
0.919124
0.919780
0.921202
0.923365
0.926232
0.929747
0.933847
0.938454
0.943486
0.948854
0.954464
0.960224
0.966039
0.971815
0.977465
0.982904
0.988053
0.992841
0.997205
1.001089
1.004448
1.007247
1.009462
1.011076
1.012086
1.012497
1.012327
1.011600
1.010352
1.008627
1.006476
1.003958
1.001138
0.998087
0.994879
0.991593
0.988309
0.985108
0.982070
0.979276
0.976804
0.974726
0.973113
0.972027
0.971527
0.971660
0.972467
0.973981
0.976222
0.979202
0.982921
0.987366
0.992516
0.998336
1.004778
1.011787
1.019291
1.027213
1.035461
1.043938
1.052534
1.061135
1.069620
1.077862
1.085730
1.093094
1.099819
1.105775
1.110833
1.114870
1.117768
1.119419
1.119726
1.118602
1.115975
1.111791
1.106011
1.098615
1.089603
1.078998
1.066842
1.053202
1.038165
1.021841
1.004363
0.985881
0.966566
0.946601
0.926186
0.905526
0.884832
0.864310
0.844161
