0.989820
0.980601
0.971028
0.961481
0.952282
0.943700
0.935953
0.929213
0.923605
0.919217
0.916098
0.914265
0.913705
0.914378
0.916223
0.919158
0.923085
0.927894
0.933465
0.939669
0.946374
0.953447
0.960752
0.968160
0.975543
0.982780
0.989759
0.996376
1.002538
1.008163
1.013181
1.017535
1.021181
1.024087
1.026237
1.027626
1.028263
1.028168
1.027375
1.025928
1.023882
1.021300
1.018256
1.014829
1.011105
1.007175
1.003134
0.999079
0.995107
0.991317
0.987804
0.984661
0.981976
0.979832
0.978306
0.977466
0.977372
0.978072
0.979606
0.982000
0.985271
0.989420
0.994437
1.000298
1.006966
1.014391
1.022509
1.031245
1.040509
1.050202
1.060214
1.070425
1.080706
1.090921
1.100929
1.110585
1.119740
1.128245
1.135953
1.142719
1.148404
1.152875
1.156009
1.157696
1.157836
1.156349
1.153168
1.148248
1.141563
1.133112
1.122915
1.111018
1.097493
1.082434
1.065965
1.048233
1.029407
1.009682
0.989269
0.968399
