0.984271
0.975616
0.966781
0.958087
0.949806
0.942162
0.935338
0.929472
0.924667
0.920991
0.918478
0.917136
0.916947
0.917869
0.919843
0.922791
0.926624
0.931240
0.936530
0.942379
0.948666
0.955273
0.962079
0.968967
0.975824
0.982543
0.989023
0.995174
1.000911
1.006163
1.010869
1.014976
1.018447
1.021255
1.023384
1.024831
1.025604
1.025723
1.025218
1.024128
1.022504
1.020403
1.017890
1.015039
1.011928
1.008638
1.005257
1.001872
0.998573
0.995451
0.992593
0.990084
0.988009
0.986443
0.985459
0.985123
0.985491
0.986612
0.988526
0.991261
0.994835
0.999256
1.004519
1.010606
1.017488
1.025125
1.033463
1.042435
1.051966
1.061968
1.072341
1.082978
1.093763
1.104570
1.115269
1.125724
1.135796
1.145342
1.154219
1.162287
1.169406
1.175443
1.180271
1.183771
1.185836
1.186369
1.185289
1.182532
1.178051
1.171817
1.163825
1.154090
1.142653
1.129576
1.114949
1.098887
1.081529
1.063039
1.043606
1.023439
