0.975903
0.966650
0.957410
0.948502
0.940190
0.932690
0.926171
0.920759
0.916540
0.913565
0.911852
0.911387
0.912132
0.914027
0.916989
0.920924
0.925720
0.931258
0.937409
0.944043
0.951025
0.958221
0.965500
0.972735
0.979805
0.986596
0.993006
0.998941
1.004319
1.009070
1.013138
1.016478
1.019060
1.020867
1.021897
1.022158
1.021674
1.020479
1.018619
1.016150
1.013140
1.009663
1.005802
1.001645
0.997287
0.992824
0.988358
0.983990
0.979819
0.975946
0.972465
0.969470
0.967046
0.965271
0.964217
0.963946
0.964510
0.965950
0.968294
0.971559
0.975749
0.980854
0.986852
0.993704
1.001361
1.009758
1.018818
1.028452
1.038559
1.049025
1.059730
1.070540
1.081319
1.091922
1.102199
1.111999
1.121169
1.129558
1.137019
1.143406
1.148585
1.152429
1.154823
1.155665
1.154869
1.152366
1.148109
1.142068
1.134238
1.124637
1.113308
1.100320
1.085765
1.069762
1.052455
1.034011
1.014617
0.994480
0.973824
0.952882
