0.899605
0.899999
0.901372
0.903677
0.906860
0.910856
0.915594
0.920994
0.926970
0.933431
0.940283
0.947428
0.954767
0.962203
0.969636
0.976972
0.984119
0.990990
0.997504
1.003585
1.009168
1.014193
1.018611
1.022381
1.025472
1.027864
1.029547
1.030521
1.030798
1.030396
1.029346
1.027689
1.025472
1.022752
1.019592
1.016065
1.012245
1.008214
1.004058
0.999864
0.995722
0.991722
0.987955
0.984507
0.981466
0.978911
0.976920
0.975564
0.974905
0.975000
0.975896
0.977630
0.980229
0.983708
0.988074
0.993317
0.999420
1.006350
1.014064
1.022506
1.031607
1.041289
1.051461
1.062021
1.072859
1.083858
1.094888
1.105819
1.116513
1.126827
1.136620
1.145747
1.154066
1.161440
1.167735
1.172824
1.176590
1.178928
1.179744
1.178958
1.176510
1.172355
1.166467
1.158845
1.149506
1.138491
1.125865
1.111715
1.096153
1.079313
1.061350
1.042439
1.022771
1.002554
0.982003
0.961341
0.940792
0.920571
0.900881
0.881904
