0.965977
0.962435
0.958508
0.954427
0.950389
0.946558
0.943071
0.940037
0.937538
0.935632
0.934359
0.933736
0.933764
0.934429
0.935703
0.937547
0.939912
0.942744
0.945978
0.949549
0.953387
0.957422
0.961582
0.965799
0.970004
0.974135
0.978131
0.981938
0.985507
0.988795
0.991765
0.994389
0.996646
0.998519
1.000002
1.001096
1.001807
1.002149
1.002144
1.001817
1.001201
1.000334
0.999257
0.998017
0.996662
0.995245
0.993818
0.992436
0.991152
0.990022
0.989097
0.988428
0.988063
0.988044
0.988411
0.989199
0.990437
0.992146
0.994344
0.997038
1.000230
1.003913
1.008072
1.012684
1.017719
1.023135
1.028886
1.034916
1.041161
1.047551
1.054009
1.060450
1.066785
1.072921
1.078761
1.084203
1.089144
1.093483
1.097115
1.099940
1.101859
1.102778
1.102609
1.101269
1.098686
1.094797
1.089548
1.082901
1.074829
1.065320
1.054380
1.042031
1.028313
1.013282
0.997019
0.979618
0.961196
0.941889
0.921852
0.901254
