0.974544
0.968537
0.962142
0.955664
0.949366
0.943464
0.938136
0.933522
0.929728
0.926825
0.924857
0.923842
0.923772
0.924620
0.926340
0.928871
0.932139
0.936059
0.940539
0.945480
0.950782
0.956341
0.962054
0.967820
0.973542
0.979128
0.984492
0.989555
0.994246
0.998506
1.002281
1.005531
1.008223
1.010338
1.011866
1.012806
1.013170
1.012978
1.012260
1.011055
1.009409
1.007378
1.005022
1.002408
0.999606
0.996692
0.993743
0.990839
0.988058
0.985479
0.983180
0.981235
0.979715
0.978684
0.978204
0.978325
0.979095
0.980549
0.982715
0.985612
0.989247
0.993617
0.998708
1.004496
1.010944
1.018004
1.025619
1.033719
1.042224
1.051047
1.060088
1.069242
1.078395
1.087428
1.096217
1.104633
1.112547
1.119827
1.126343
1.131969
1.136580
1.140060
1.142299
1.143197
1.142666
1.140631
1.137030
1.131820
1.124975
1.116487
1.106370
1.094659
1.081411
1.066707
1.050648
1.033362
1.014995
0.995715
0.975713
0.955192
