1.005879
1.029462
1.054826
1.081582
1.109369
1.137849
1.166714
1.195681
1.224490
1.252905
1.280714
1.307728
1.333776
1.358711
1.382402
1.404739
1.425629
1.444994
1.462773
1.478918
1.493397
1.506188
1.517284
1.526684
1.534401
1.540456
1.544877
1.547701
1.548969
1.548730
1.547037
1.543947
1.539520
1.533821
1.526914
1.518868
1.509750
1.499629
1.488574
1.476652
1.463932
1.450479
1.436357
1.421629
1.406354
1.390592
1.374396
1.357818
1.340908
1.323712
1.306272
1.288627
1.270814
1.252866
1.234812
1.216680
1.198491
1.180267
1.162025
1.143781
1.125546
1.107330
1.089141
1.070985
1.052866
1.034787
1.016748
0.998751
0.980794
0.962877
0.944998
0.927156
0.909349
0.891576
0.873837
0.856132
0.838463
0.820832
0.803242
0.785699
0.768210
0.750782
0.733426
0.716152
0.698973
0.681905
0.664963
0.648164
0.631526
0.615070
0.598815
0.582782
0.566991
0.551461
0.536212
0.521263
0.506627
0.492319
0.478348
0.464720
