1.098575
1.106505
1.115551
1.125694
1.136906
1.149151
1.162381
1.176541
1.191567
1.207388
1.223926
1.241098
1.258813
1.276978
1.295497
1.314269
1.333194
1.352168
1.371090
1.389857
1.408369
1.426527
1.444238
1.461408
1.477951
1.493782
1.508826
1.523009
1.536265
1.548534
1.559764
1.569906
1.578923
1.586780
1.593453
1.598922
1.603175
1.606208
1.608022
1.608624
1.608028
1.606253
1.603326
1.599274
1.594134
1.587944
1.580745
1.572585
1.563510
1.553573
1.542825
1.531320
1.519113
1.506258
1.492810
1.478823
1.464350
1.449442
1.434149
1.418519
1.402595
1.386420
1.370033
1.353469
1.336760
1.319935
1.303018
1.286030
1.268989
1.251909
1.234800
1.217669
1.200519
1.183353
1.166168
1.148961
1.131726
1.114456
1.097143
1.079779
1.062355
1.044863
1.027294
1.009645
0.991909
0.974087
0.956177
0.938184
0.920116
0.901984
0.883801
0.865587
0.847363
0.829156
0.810995
0.792912
0.774941
0.757118
0.739477
0.722053
