1.122343
1.123370
1.124863
1.127008
1.129962
1.133852
1.138780
1.144819
1.152018
1.160404
1.169980
1.180730
1.192619
1.205596
1.219594
1.234533
1.250322
1.266860
1.284037
1.301736
1.319837
1.338215
1.356743
1.375293
1.393739
1.411956
1.429821
1.447216
1.464028
1.480149
1.495478
1.509921
1.523391
1.535810
1.547109
1.557227
1.566112
1.573722
1.580022
1.584988
1.588604
1.590865
1.591770
1.591331
1.589565
1.586496
1.582157
1.576584
1.569822
1.561920
1.552930
1.542910
1.531920
1.520023
1.507283
1.493767
1.479540
1.464670
1.449222
1.433261
1.416848
1.400046
1.382911
1.365498
1.347858
1.330037
1.312079
1.294021
1.275899
1.257740
1.239569
1.221407
1.203268
1.185163
1.167100
1.149080
1.131104
1.113167
1.095262
1.077381
1.059514
1.041647
1.023770
1.005869
0.987934
0.969953
0.951918
0.933823
0.915665
0.897445
0.879166
0.860837
0.842472
0.824089
0.805709
0.787360
0.769073
0.750883
0.732828
0.714947
