1.039652
1.035193
1.030147
1.024804
1.019421
1.014219
1.009388
1.005087
1.001445
0.998566
0.996532
0.995398
0.995202
0.995962
0.997680
1.000341
1.003920
1.008379
1.013670
1.019736
1.026516
1.033941
1.041939
1.050435
1.059352
1.068613
1.078140
1.087859
1.097695
1.107576
1.117436
1.127210
1.136838
1.146266
1.155443
1.164325
1.172870
1.181046
1.188823
1.196177
1.203090
1.209548
1.215541
1.221066
1.226122
1.230712
1.234844
1.238527
1.241773
1.244599
1.247019
1.249052
1.250716
1.252029
1.253011
1.253678
1.254049
1.254139
1.253961
1.253527
1.252848
1.251928
1.250772
1.249381
1.247751
1.245876
1.243747
1.241352
1.238672
1.235689
1.232380
1.228720
1.224680
1.220230
1.215337
1.209968
1.204088
1.197662
1.190655
1.183032
1.174761
1.165810
1.156153
1.145763
1.134621
1.122711
1.110023
1.096553
1.082304
1.067288
1.051522
1.035035
1.017863
1.000051
0.981654
0.962739
0.943379
0.923658
0.903669
0.883514
