0.950453
0.957225
0.963225
0.968431
0.972840
0.976464
0.979332
0.981490
0.982993
0.983913
0.984330
0.984332
0.984017
0.983486
0.982845
0.982204
0.981671
0.981355
0.981360
0.981791
0.982742
0.984307
0.986567
0.989597
0.993465
0.998224
1.003921
1.010590
1.018252
1.026918
1.036588
1.047247
1.058871
1.071424
1.084857
1.099112
1.114120
1.129803
1.146074
1.162838
1.179993
1.197429
1.215034
1.232690
1.250275
1.267667
1.284743
1.301378
1.317451
1.332842
1.347435
1.361120
1.373789
1.385345
1.395695
1.404757
1.412457
1.418730
1.423522
1.426790
1.428503
1.428640
1.427193
1.424166
1.419573
1.413441
1.405807
1.396721
1.386242
1.374438
1.361386
1.347173
1.331889
1.315634
1.298511
1.280626
1.262087
1.243004
1.223485
1.203637
1.183563
1.163360
1.143119
1.122924
1.102849
1.082958
1.063303
1.043924
1.024848
1.006089
0.987646
0.969504
0.951638
0.934007
0.916560
0.899237
0.881972
0.864692
0.847325
0.829803
