1.044581
1.057462
1.068769
1.078609
1.087088
1.094316
1.100407
1.105472
1.109627
1.112987
1.115666
1.117779
1.119438
1.120751
1.121827
1.122766
1.123668
1.124625
1.125723
1.127043
1.128658
1.130634
1.133028
1.135890
1.139260
1.143171
1.147646
1.152699
1.158335
1.164552
1.171336
1.178667
1.186516
1.194847
1.203616
1.212771
1.222256
1.232006
1.241955
1.252029
1.262151
1.272242
1.282220
1.292001
1.301500
1.310633
1.319317
1.327468
1.335007
1.341856
1.347943
1.353197
1.357556
1.360959
1.363355
1.364697
1.364947
1.364074
1.362052
1.358866
1.354509
1.348980
1.342288
1.334449
1.325488
1.315436
1.304333
1.292225
1.279166
1.265213
1.250430
1.234887
1.218656
1.201811
1.184431
1.166595
1.148380
1.129866
1.111130
1.092244
1.073280
1.054302
1.035371
1.016540
0.997855
0.979354
0.961066
0.943012
0.925202
0.907639
0.890312
0.873206
0.856294
0.839542
0.822910
0.806351
0.789817
0.773257
0.756625
0.739877
