1.109138
1.119800
1.128451
1.135231
1.140286
1.143764
1.145817
1.146596
1.146257
1.144953
1.142838
1.140064
1.136782
1.133138
1.129274
1.125328
1.121430
1.117704
1.114267
1.111226
1.108680
1.106718
1.105419
1.104850
1.105067
1.106117
1.108034
1.110840
1.114545
1.119151
1.124644
1.131003
1.138194
1.146175
1.154893
1.164286
1.174284
1.184810
1.195780
1.207103
1.218685
1.230426
1.242223
1.253971
1.265565
1.276897
1.287861
1.298353
1.308271
1.317516
1.325993
1.333615
1.340297
1.345963
1.350544
1.353978
1.356213
1.357205
1.356919
1.355330
1.352425
1.348197
1.342652
1.335804
1.327680
1.318312
1.307745
1.296029
1.283225
1.269400
1.254628
1.238989
1.222567
1.205450
1.187729
1.169498
1.150848
1.131872
1.112662
1.093303
1.073879
1.054467
1.035138
1.015953
0.996968
0.978226
0.959760
0.941593
0.923735
0.906187
0.888936
0.871957
0.855217
0.838672
0.822268
0.805949
0.789649
0.773306
0.756858
0.740249
