1.044588
1.053266
1.060457
1.066321
1.071014
1.074686
1.077485
1.079551
1.081022
1.082030
1.082701
1.083155
1.083507
1.083864
1.084326
1.084986
1.085929
1.087233
1.088966
1.091190
1.093954
1.097303
1.101271
1.105881
1.111150
1.117086
1.123686
1.130940
1.138829
1.147327
1.156400
1.166005
1.176095
1.186614
1.197501
1.208691
1.220112
1.231690
1.243346
1.255000
1.266567
1.277964
1.289106
1.299906
1.310281
1.320147
1.329424
1.338034
1.345901
1.352956
1.359132
1.364369
1.368611
1.371810
1.373922
1.374912
1.374753
1.373423
1.370908
1.367203
1.362310
1.356240
1.349008
1.340641
1.331170
1.320635
1.309080
1.296558
1.283125
1.268844
1.253780
1.238003
1.221587
1.204607
1.187137
1.169255
1.151036
1.132555
1.113885
1.095092
1.076243
1.057397
1.038608
1.019923
1.001383
0.983018
0.964854
0.946906
0.929179
0.911672
0.894374
0.877265
0.860318
0.843500
0.826771
0.810089
0.793407
0.776681
0.759868
0.742933
