1.048123
1.064020
1.078299
1.090986
1.102124
1.111765
1.119978
1.126840
1.132437
1.136866
1.140230
1.142639
1.144208
1.145053
1.145294
1.145052
1.144445
1.143591
1.142605
1.141596
1.140669
1.139923
1.139449
1.139331
1.139642
1.140449
1.141808
1.143764
1.146352
1.149598
1.153517
1.158111
1.163375
1.169291
1.175834
1.182967
1.190645
1.198816
1.207417
1.216382
1.225634
1.235095
1.244679
1.254298
1.263861
1.273273
1.282441
1.291269
1.299664
1.307533
1.314787
1.321340
1.327109
1.332018
1.335995
1.338978
1.340907
1.341735
1.341418
1.339926
1.337233
1.333325
1.328197
1.321852
1.314304
1.305576
1.295697
1.284709
1.272660
1.259603
1.245603
1.230728
1.215051
1.198652
1.181612
1.164017
1.145953
1.127505
1.108761
1.089804
1.070715
1.051570
1.032441
1.013392
0.994481
0.975755
0.957255
0.939009
0.921037
0.903347
0.885935
0.868788
0.851882
0.835183
0.818649
0.802230
0.785873
0.769519
0.753113
0.736601
