1.021730
1.038485
1.053827
1.067749
1.080259
1.091380
1.101152
1.109628
1.116873
1.122962
1.127983
1.132029
1.135200
1.137602
1.139345
1.140541
1.141301
1.141738
1.141961
1.142079
1.142193
1.142401
1.142794
1.143457
1.144465
1.145886
1.147778
1.150191
1.153164
1.156724
1.160891
1.165673
1.171068
1.177064
1.183639
1.190761
1.198391
1.206479
1.214969
1.223797
1.232893
1.242180
1.251577
1.261000
1.270359
1.279565
1.288525
1.297147
1.305339
1.313011
1.320075
1.326444
1.332040
1.336785
1.340609
1.343448
1.345244
1.345947
1.345517
1.343919
1.341128
1.337130
1.331917
1.325493
1.317870
1.309068
1.299118
1.288058
1.275936
1.262805
1.248727
1.233769
1.218006
1.201515
1.184377
1.166678
1.148503
1.129939
1.111073
1.091989
1.072768
1.053488
1.034222
1.015036
0.995988
0.977129
0.958499
0.940132
0.922046
0.904254
0.886753
0.869533
0.852572
0.835836
0.819286
0.802873
0.786544
0.770242
0.753909
0.737491
