1.050581
1.067199
1.081866
1.094651
1.105633
1.114905
1.122565
1.128723
1.133496
1.137007
1.139383
1.140757
1.141264
1.141040
1.140219
1.138938
1.137328
1.135518
1.133631
1.131785
1.130092
1.128655
1.127568
1.126919
1.126782
1.127225
1.128302
1.130057
1.132524
1.135726
1.139673
1.144364
1.149790
1.155928
1.162748
1.170207
1.178255
1.186834
1.195876
1.205308
1.215049
1.225015
1.235114
1.245254
1.255337
1.265265
1.274941
1.284264
1.293137
1.301464
1.309154
1.316116
1.322268
1.327529
1.331829
1.335102
1.337289
1.338341
1.338217
1.336885
1.334321
1.330512
1.325455
1.319154
1.311624
1.302892
1.292989
1.281959
1.269852
1.256726
1.242647
1.227686
1.211920
1.195430
1.178301
1.160620
1.142477
1.123960
1.105156
1.086152
1.067030
1.047868
1.028738
1.009705
0.990826
0.972150
0.953717
0.935554
0.917679
0.900100
0.882812
0.865798
0.849034
0.832482
0.816098
0.799831
0.783624
0.767416
0.751150
0.734770
