1.052266
1.064625
1.075434
1.084776
1.092740
1.099421
1.104919
1.109340
1.112791
1.115384
1.117232
1.118450
1.119152
1.119453
1.119465
1.119296
1.119054
1.118840
1.118749
1.118873
1.119294
1.120089
1.121326
1.123065
1.125356
1.128242
1.131755
1.135917
1.140742
1.146234
1.152387
1.159185
1.166605
1.174612
1.183167
1.192220
1.201714
1.211585
1.221765
1.232179
1.242747
1.253386
1.264008
1.274526
1.284848
1.294884
1.304542
1.313733
1.322369
1.330364
1.337636
1.344108
1.349706
1.354364
1.358020
1.360620
1.362116
1.362470
1.361650
1.359632
1.356403
1.351956
1.346294
1.339430
1.331383
1.322181
1.311863
1.300471
1.288057
1.274680
1.260404
1.245298
1.229436
1.212896
1.195758
1.178104
1.160017
1.141580
1.122874
1.103977
1.084965
1.065908
1.046872
1.027915
1.009088
0.990434
0.971987
0.953772
0.935802
0.918082
0.900607
0.883360
0.866317
0.849443
0.832699
0.816036
0.799404
0.782752
0.766027
0.749183
