1.027902
1.043400
1.057318
1.069687
1.080550
1.089964
1.097997
1.104728
1.110244
1.114643
1.118028
1.120507
1.122196
1.123210
1.123668
1.123689
1.123391
1.122890
1.122298
1.121723
1.121269
1.121031
1.121098
1.121552
1.122464
1.123897
1.125905
1.128530
1.131806
1.135754
1.140387
1.145704
1.151697
1.158345
1.165621
1.173485
1.181889
1.190777
1.200086
1.209745
1.219677
1.229800
1.240027
1.250267
1.260427
1.270412
1.280126
1.289473
1.298358
1.306686
1.314370
1.321320
1.327456
1.332700
1.336982
1.340238
1.342411
1.343451
1.343320
1.341985
1.339423
1.335622
1.330577
1.324295
1.316791
1.308088
1.298221
1.287231
1.275169
1.262092
1.248065
1.233159
1.217450
1.201018
1.183949
1.166328
1.148243
1.129784
1.111036
1.092084
1.073012
1.053894
1.034804
1.015805
0.996954
0.978300
0.959880
0.941722
0.923844
0.906253
0.888942
0.871896
0.855088
0.838483
0.822034
0.805689
0.789393
0.773085
0.756707
0.740205
