1.053344
1.068931
1.082900
1.095273
1.106089
1.115397
1.123263
1.129762
1.134979
1.139012
1.141961
1.143938
1.145057
1.145437
1.145198
1.144461
1.143348
1.141979
1.140469
1.138931
1.137473
1.136194
1.135189
1.134543
1.134335
1.134631
1.135492
1.136964
1.139085
1.141884
1.145377
1.149569
1.154457
1.160025
1.166249
1.173094
1.180518
1.188467
1.196881
1.205694
1.214832
1.224214
1.233756
1.243370
1.252963
1.262442
1.271712
1.280676
1.289240
1.297310
1.304795
1.311607
1.317662
1.322882
1.327192
1.330527
1.332827
1.334039
1.334119
1.333032
1.330752
1.327260
1.322549
1.316619
1.309481
1.301155
1.291669
1.281061
1.269377
1.256668
1.242997
1.228430
1.213039
1.196902
1.180100
1.162718
1.144840
1.126555
1.107948
1.089103
1.070103
1.051025
1.031943
1.012924
0.994026
0.975301
0.956792
0.938532
0.920541
0.902833
0.885408
0.868256
0.851356
0.834678
0.818183
0.801824
0.785548
0.769301
0.753027
0.736671
