0.917121
0.919864
0.923818
0.928793
0.934618
0.941138
0.948212
0.955717
0.963538
0.971579
0.979750
0.987976
0.996191
1.004338
1.012367
1.020238
1.027917
1.035377
1.042594
1.049552
1.056238
1.062641
1.068757
1.074582
1.080115
1.085356
1.090307
1.094974
1.099359
1.103469
1.107310
1.110887
1.114207
1.117276
1.120102
1.122691
1.125049
1.127183
1.129101
1.130808
1.132312
1.133620
1.134739
1.135676
1.136440
1.137040
1.137484
1.137782
1.137945
1.137984
1.137912
1.137740
1.137484
1.137158
1.136778
1.136360
1.135921
1.135480
1.135055
1.134665
1.134329
1.134066
1.133896
1.133838
1.133909
1.134126
1.134507
1.135064
1.135811
1.136757
1.137911
1.139276
1.140854
1.142642
1.144633
1.146815
1.149172
1.151682
1.154317
1.157046
1.159827
1.162617
1.165363
1.168008
1.170486
1.172728
1.174657
1.176191
1.177243
1.177723
1.177536
1.176584
1.174770
1.171996
1.168164
1.163183
1.156965
1.149432
1.140517
1.130167
