0.845275
0.851297
0.858286
0.865989
0.874182
0.882675
0.891302
0.899927
0.908436
0.916741
0.924776
0.932492
0.939861
0.946872
0.953526
0.959840
0.965841
0.971566
0.977060
0.982377
0.987573
0.992710
0.997852
1.003062
1.008408
1.013951
1.019754
1.025876
1.032372
1.039290
1.046677
1.054571
1.063003
1.072000
1.081579
1.091752
1.102521
1.113881
1.125821
1.138322
1.151354
1.164885
1.178873
1.193269
1.208021
1.223067
1.238344
1.253780
1.269304
1.284836
1.300297
1.315605
1.330676
1.345426
1.359769
1.373622
1.386902
1.399527
1.411421
1.422508
1.432717
1.441982
1.450242
1.457440
1.463529
1.468463
1.472209
1.474736
1.476024
1.476058
1.474834
1.472354
1.468627
1.463673
1.457516
1.450191
1.441737
1.432203
1.421643
1.410117
1.397690
1.384432
1.370418
1.355725
1.340432
1.324622
1.308376
1.291776
1.274901
1.257829
1.240634
1.223385
1.206145
1.188970
1.171909
1.154999
1.138270
1.121738
1.105409
1.089274
