1.030781
1.017125
1.003732
0.990894
0.978853
0.967812
0.957934
0.949344
0.942134
0.936365
0.932068
0.929250
0.927895
0.927964
0.929404
0.932145
0.936103
0.941186
0.947293
0.954315
0.962142
0.970658
0.979751
0.989307
0.999214
1.009365
1.019658
1.029997
1.040292
1.050461
1.060430
1.070133
1.079516
1.088529
1.097136
1.105307
1.113023
1.120273
1.127055
1.133374
1.139243
1.144684
1.149722
1.154390
1.158726
1.162769
1.166566
1.170162
1.173608
1.176951
1.180241
1.183526
1.186853
1.190264
1.193801
1.197498
1.201387
1.205494
1.209838
1.214432
1.219282
1.224387
1.229737
1.235318
1.241103
1.247062
1.253154
1.259333
1.265545
1.271729
1.277818
1.283740
1.289418
1.294771
1.299716
1.304166
1.308034
1.311235
1.313681
1.315291
1.315986
1.315690
1.314336
1.311864
1.308223
1.303372
1.297280
1.289930
1.281318
1.271452
1.260357
1.248072
1.234653
1.220170
1.204707
1.188365
1.171258
1.153511
1.135261
1.116652
