0.991193
0.979560
0.968295
0.957696
0.948013
0.939445
0.932144
0.926223
0.921754
0.918774
0.917288
0.917273
0.918679
0.921436
0.925455
0.930629
0.936840
0.943961
0.951856
0.960383
0.969402
0.978768
0.988341
0.997984
1.007565
1.016959
1.026051
1.034733
1.042911
1.050498
1.057424
1.063627
1.069061
1.073691
1.077498
1.080472
1.082619
1.083955
1.084509
1.084321
1.083442
1.081930
1.079854
1.077290
1.074320
1.071032
1.067518
1.063872
1.060192
1.056575
1.053118
1.049914
1.047056
1.044631
1.042720
1.041399
1.040734
1.040785
1.041602
1.043224
1.045678
1.048982
1.053141
1.058146
1.063977
1.070602
1.077975
1.086036
1.094715
1.103930
1.113586
1.123579
1.133794
1.144107
1.154389
1.164501
1.174301
1.183643
1.192380
1.200362
1.207444
1.213483
1.218340
1.221885
1.223998
1.224569
1.223502
1.220717
1.216152
1.209761
1.201525
1.191442
1.179539
1.165866
1.150500
1.133548
1.115142
1.095444
1.074645
1.052963
