0.906153
0.912680
0.919875
0.927466
0.935217
0.942926
0.950422
0.957562
0.964234
0.970350
0.975848
0.980687
0.984848
0.988329
0.991148
0.993333
0.994930
0.995993
0.996586
0.996783
0.996660
0.996302
0.995793
0.995222
0.994676
0.994242
0.994003
0.994042
0.994435
0.995254
0.996565
0.998426
1.000889
1.004000
1.007792
1.012294
1.017524
1.023493
1.030200
1.037638
1.045790
1.054630
1.064125
1.074233
1.084904
1.096083
1.107705
1.119702
1.131999
1.144516
1.157171
1.169876
1.182542
1.195077
1.207389
1.219385
1.230973
1.242061
1.252560
1.262384
1.271450
1.279680
1.286999
1.293339
1.298639
1.302842
1.305900
1.307773
1.308428
1.307840
1.305994
1.302882
1.298507
1.292879
1.286017
1.277951
1.268716
1.258357
1.246927
1.234487
1.221103
1.206848
1.191801
1.176044
1.159665
1.142752
1.125396
1.107690
1.089725
1.071589
1.053369
1.035145
1.016995
0.998985
0.981175
0.963614
0.946339
0.929375
0.912730
0.896397
