1.091564
1.100541
1.109601
1.118743
1.127961
1.137245
1.146576
1.155935
1.165298
1.174636
1.183922
1.193125
1.202213
1.211152
1.219911
1.228456
1.236753
1.244769
1.252473
1.259832
1.266816
1.273394
1.279538
1.285220
1.290414
1.295094
1.299236
1.302818
1.305819
1.308219
1.310000
1.311146
1.311642
1.311473
1.310629
1.309100
1.306876
1.303951
1.300320
1.295980
1.290929
1.285168
1.278698
1.271524
1.263651
1.255087
1.245841
1.235925
1.225352
1.214137
1.202296
1.189849
1.176816
1.163218
1.149081
1.134429
1.119290
1.103692
1.087665
1.071240
1.054449
1.037326
1.019906
1.002222
0.984312
0.966209
0.947952
0.929576
0.911116
0.892609
0.874090
0.855592
0.837149
0.818792
0.800552
0.782457
0.764534
0.746806
0.729297
0.712024
0.695005
0.678253
0.661779
0.645591
0.629692
0.614085
0.598767
0.583732
0.568974
0.554481
0.540241
0.526238
0.512455
0.498874
0.485477
0.472247
0.459165
0.446217
0.433392
0.420683
