0.842630
0.843532
0.846698
0.851890
0.858890
0.867490
0.877501
0.888741
0.901044
0.914255
0.928229
0.942832
0.957938
0.973433
0.989209
1.005168
1.021219
1.037280
1.053273
1.069128
1.084784
1.100181
1.115269
1.130000
1.144333
1.158231
1.171661
1.184595
1.197007
1.208877
1.220187
1.230922
1.241069
1.250619
1.259565
1.267900
1.275622
1.282729
1.289219
1.295095
1.300356
1.305007
1.309050
1.312488
1.315327
1.317569
1.319220
1.320283
1.320763
1.320664
1.319989
1.318742
1.316925
1.314542
1.311594
1.308082
1.304009
1.299376
1.294181
1.288428
1.282114
1.275241
1.267808
1.259817
1.251267
1.242160
1.232497
1.222281
1.211516
1.200205
1.188355
1.175973
1.163068
1.149651
1.135734
1.121333
1.106465
1.091149
1.075408
1.059267
1.042754
1.025899
1.008735
0.991298
0.973627
0.955762
0.937746
0.919624
0.901443
0.883250
0.865093
0.847020
0.829080
0.811317
0.793774
0.776491
0.759503
0.742838
0.726516
0.710548
