1.025864
1.022936
1.018872
1.013955
1.008441
1.002558
0.996511
0.990482
0.984630
0.979094
0.973994
0.969431
0.965490
0.962239
0.959732
0.958010
0.957102
0.957023
0.957780
0.959371
0.961783
0.964997
0.968989
0.973725
0.979169
0.985279
0.992011
0.999316
1.007144
1.015441
1.024155
1.033231
1.042612
1.052245
1.062076
1.072049
1.082112
1.092215
1.102308
1.112342
1.122273
1.132056
1.141651
1.151019
1.160124
1.168931
1.177411
1.185534
1.193274
1.200609
1.207516
1.213978
1.219978
1.225502
1.230538
1.235076
1.239106
1.242623
1.245621
1.248096
1.250045
1.251466
1.252359
1.252722
1.252557
1.251863
1.250642
1.248893
1.246619
1.243820
1.240495
1.236646
1.232272
1.227371
1.221944
1.215988
1.209501
1.202481
1.194924
1.186827
1.178188
1.169001
1.159265
1.148976
1.138132
1.126732
1.114774
1.102261
1.089195
1.075583
1.061431
1.046751
1.031559
1.015873
0.999718
0.983124
0.966126
0.948768
0.931099
0.913179
