0.793487
0.809856
0.828853
0.849978
0.872773
0.896821
0.921747
0.947211
0.972909
0.998571
1.023956
1.048857
1.073092
1.096506
1.118968
1.140369
1.160624
1.179665
1.197443
1.213924
1.229092
1.242942
1.255482
1.266732
1.276722
1.285487
1.293073
1.299532
1.304918
1.309293
1.312719
1.315262
1.316989
1.317968
1.318264
1.317945
1.317075
1.315715
1.313926
1.311763
1.309278
1.306521
1.303534
1.300357
1.297022
1.293560
1.289994
1.286341
1.282615
1.278823
1.274966
1.271042
1.267043
1.262955
1.258762
1.254442
1.249969
1.245315
1.240448
1.235332
1.229932
1.224209
1.218124
1.211636
1.204706
1.197294
1.189361
1.180873
1.171793
1.162092
1.151742
1.140718
1.129003
1.116581
1.103446
1.089593
1.075029
1.059763
1.043813
1.027205
1.009970
0.992149
0.973789
0.954943
0.935673
0.916046
0.896136
0.876020
0.855783
0.835509
0.815288
0.795209
0.775360
0.755827
0.736692
0.718028
0.699901
0.682363
0.665452
0.649186
