1.064316
1.054698
1.045637
1.037291
1.029794
1.023257
1.017767
1.013391
1.010177
1.008154
1.007336
1.007719
1.009287
1.012010
1.015848
1.020749
1.026652
1.033488
1.041183
1.049653
1.058813
1.068571
1.078836
1.089511
1.100500
1.111705
1.123029
1.134377
1.145654
1.156769
1.167633
1.178159
1.188266
1.197876
1.206916
1.215318
1.223018
1.229960
1.236091
1.241366
1.245744
1.249191
1.251679
1.253185
1.253693
1.253193
1.251680
1.249155
1.245624
1.241098
1.235594
1.229134
1.221742
1.213448
1.204286
1.194293
1.183510
1.171978
1.159743
1.146853
1.133356
1.119303
1.104744
1.089730
1.074315
1.058547
1.042478
1.026158
1.009633
0.992951
0.976156
0.959289
0.942389
0.925493
0.908635
0.891843
0.875145
0.858563
0.842116
0.825821
0.809689
0.793728
0.777943
0.762334
0.746899
0.731633
0.716528
0.701573
0.686756
0.672061
0.657473
0.642976
0.628554
0.614191
0.599873
0.585589
0.571331
0.557093
0.542876
0.528689
