0.964959
0.970697
0.976150
0.981164
0.985619
0.989423
0.992508
0.994834
0.996385
0.997167
0.997204
0.996542
0.995239
0.993369
0.991017
0.988278
0.985254
0.982053
0.978787
0.975568
0.972508
0.969720
0.967309
0.965380
0.964027
0.963340
0.963399
0.964276
0.966030
0.968712
0.972360
0.977000
0.982648
0.989306
0.996964
1.005603
1.015188
1.025675
1.037011
1.049131
1.061959
1.075415
1.089406
1.103837
1.118604
1.133598
1.148709
1.163822
1.178821
1.193590
1.208013
1.221976
1.235369
1.248083
1.260018
1.271075
1.281167
1.290211
1.298132
1.304868
1.310361
1.314568
1.317454
1.318994
1.319177
1.318000
1.315473
1.311614
1.306454
1.300032
1.292400
1.283614
1.273741
1.262854
1.251034
1.238364
1.224934
1.210835
1.196160
1.181002
1.165453
1.149601
1.133532
1.117327
1.101056
1.084787
1.068575
1.052466
1.036494
1.020684
1.005046
0.989578
0.974267
0.959087
0.944001
0.928963
0.913915
0.898797
0.883544
0.868089
