0.882894
0.874494
0.867784
0.862868
0.859820
0.858685
0.859480
0.862199
0.866808
0.873253
0.881459
0.891331
0.902761
0.915624
0.929785
0.945098
0.961409
0.978562
0.996394
1.014742
1.033446
1.052344
1.071282
1.090109
1.108683
1.126869
1.144541
1.161584
1.177894
1.193379
1.207958
1.221563
1.234140
1.245647
1.256052
1.265339
1.273502
1.280548
1.286493
1.291364
1.295198
1.298040
1.299943
1.300966
1.301174
1.300636
1.299425
1.297616
1.295284
1.292506
1.289355
1.285905
1.282224
1.278376
1.274422
1.270415
1.266401
1.262419
1.258500
1.254667
1.250933
1.247301
1.243768
1.240318
1.236928
1.233566
1.230191
1.226755
1.223201
1.219468
1.215488
1.211189
1.206496
1.201332
1.195618
1.189279
1.182240
1.174430
1.165783
1.156242
1.145756
1.134287
1.121806
1.108298
1.093761
1.078211
1.061676
1.044203
1.025856
1.006715
0.986877
0.966454
0.945572
0.924372
0.903003
0.881621
0.860385
0.839455
0.818981
0.799101
