1.001743
1.000424
0.998469
0.995939
0.992898
0.989415
0.985557
0.981399
0.977015
0.972482
0.967879
0.963287
0.958785
0.954454
0.950373
0.946620
0.943269
0.940394
0.938062
0.936338
0.935281
0.934943
0.935372
0.936610
0.938688
0.941633
0.945463
0.950189
0.955813
0.962328
0.969721
0.977970
0.987045
0.996907
1.007511
1.018806
1.030730
1.043220
1.056204
1.069606
1.083344
1.097333
1.111485
1.125710
1.139915
1.154005
1.167887
1.181467
1.194651
1.207350
1.219475
1.230940
1.241666
1.251576
1.260598
1.268668
1.275727
1.281722
1.286609
1.290350
1.292916
1.294286
1.294446
1.293392
1.291125
1.287659
1.283012
1.277211
1.270291
1.262293
1.253265
1.243261
1.232339
1.220563
1.208001
1.194724
1.180803
1.166312
1.151326
1.135917
1.120159
1.104119
1.087863
1.071453
1.054945
1.038387
1.021824
1.005290
0.988812
0.972410
0.956094
0.939865
0.923718
0.907638
0.891603
0.875587
0.859557
0.843478
0.827315
0.811034
