1.029552
1.018841
1.007053
0.994731
0.982342
0.970284
0.958890
0.948432
0.939125
0.931130
0.924561
0.919487
0.915938
0.913906
0.913354
0.914218
0.916408
0.919816
0.924317
0.929776
0.936047
0.942976
0.950410
0.958193
0.966172
0.974197
0.982127
0.989827
0.997173
1.004052
1.010364
1.016020
1.020948
1.025090
1.028402
1.030855
1.032435
1.033145
1.032999
1.032026
1.030270
1.027784
1.024634
1.020896
1.016655
1.012003
1.007040
1.001868
0.996594
0.991329
0.986182
0.981262
0.976675
0.972525
0.968907
0.965913
0.963627
0.962120
0.961458
0.961692
0.962862
0.964995
0.968105
0.972191
0.977237
0.983215
0.990078
0.997768
1.006210
1.015318
1.024990
1.035111
1.045558
1.056195
1.066876
1.077450
1.087757
1.097637
1.106922
1.115449
1.123053
1.129575
1.134861
1.138768
1.141162
1.141923
1.140947
1.138149
1.133462
1.126844
1.118278
1.107772
1.095364
1.081119
1.065136
1.047542
1.028497
1.008194
0.986856
0.964734
