1.019065
1.012404
1.004623
0.996137
0.987309
0.978455
0.969843
0.961697
0.954201
0.947502
0.941711
0.936906
0.933136
0.930426
0.928773
0.928157
0.928536
0.929855
0.932044
0.935022
0.938700
0.942981
0.947764
0.952946
0.958421
0.964087
0.969840
0.975583
0.981222
0.986669
0.991843
0.996672
1.001091
1.005043
1.008483
1.011374
1.013690
1.015413
1.016537
1.017065
1.017011
1.016395
1.015248
1.013611
1.011528
1.009054
1.006248
1.003176
0.999907
0.996514
0.993074
0.989665
0.986365
0.983251
0.980402
0.977892
0.975793
0.974172
0.973090
0.972606
0.972767
0.973615
0.975183
0.977497
0.980569
0.984404
0.988995
0.994324
1.000363
1.007071
1.014397
1.022276
1.030635
1.039388
1.048440
1.057684
1.067007
1.076286
1.085390
1.094184
1.102525
1.110271
1.117275
1.123389
1.128470
1.132375
1.134969
1.136124
1.135722
1.133657
1.129840
1.124198
1.116678
1.107252
1.095917
1.082698
1.067653
1.050875
1.032494
1.012682
