0.992839
0.985806
0.978407
0.970982
0.963820
0.957161
0.951199
0.946085
0.941931
0.938812
0.936770
0.935816
0.935935
0.937088
0.939216
0.942243
0.946078
0.950618
0.955754
0.961368
0.967341
0.973552
0.979881
0.986212
0.992432
0.998437
1.004129
1.009420
1.014233
1.018499
1.022165
1.025187
1.027534
1.029189
1.030146
1.030412
1.030005
1.028957
1.027307
1.025107
1.022417
1.019307
1.015850
1.012130
1.008231
1.004245
1.000264
0.996381
0.992689
0.989279
0.986240
0.983656
0.981606
0.980161
0.979387
0.979339
0.980064
0.981596
0.983960
0.987169
0.991222
0.996107
1.001797
1.008255
1.015427
1.023251
1.031649
1.040531
1.049800
1.059343
1.069043
1.078771
1.088393
1.097770
1.106759
1.115214
1.122989
1.129941
1.135928
1.140815
1.144476
1.146792
1.147658
1.146980
1.144683
1.140708
1.135014
1.127583
1.118417
1.107543
1.095012
1.080898
1.065301
1.048344
1.030174
1.010960
0.990891
0.970172
0.949023
0.927671
