1.041878
1.031333
1.019471
1.006846
0.993939
0.981165
0.968875
0.957360
0.946855
0.937543
0.929562
0.923004
0.917921
0.914332
0.912221
0.911547
0.912243
0.914221
0.917377
0.921593
0.926738
0.932676
0.939262
0.946352
0.953801
0.961463
0.969201
0.976879
0.984371
0.991561
0.998340
1.004612
1.010294
1.015314
1.019614
1.023150
1.025891
1.027820
1.028933
1.029241
1.028765
1.027541
1.025615
1.023044
1.019895
1.016242
1.012170
1.007768
1.003131
0.998358
0.993551
0.988813
0.984248
0.979957
0.976039
0.972591
0.969703
0.967458
0.965933
0.965197
0.965305
0.966307
0.968238
0.971121
0.974966
0.979772
0.985520
0.992181
0.999709
1.008045
1.017116
1.026834
1.037100
1.047800
1.058811
1.069997
1.081213
1.092307
1.103118
1.113483
1.123231
1.132194
1.140203
1.147090
1.152694
1.156861
1.159449
1.160324
1.159372
1.156494
1.151614
1.144678
1.135659
1.124558
1.111411
1.096284
1.079283
1.060553
1.040278
1.018689
