0.952704
0.945699
0.938705
0.932030
0.925932
0.920617
0.916248
0.912942
0.910776
0.909790
0.909992
0.911359
0.913841
0.917365
0.921842
0.927162
0.933207
0.939847
0.946946
0.954364
0.961963
0.969603
0.977152
0.984480
0.991469
0.998007
1.003997
1.009352
1.013998
1.017877
1.020944
1.023169
1.024539
1.025053
1.024727
1.023590
1.021684
1.019066
1.015802
1.011971
1.007660
1.002964
0.997985
0.992832
0.987615
0.982447
0.977443
0.972715
0.968374
0.964525
0.961269
0.958699
0.956900
0.955945
0.955897
0.956809
0.958718
0.961648
0.965607
0.970590
0.976575
0.983524
0.991384
1.000087
1.009549
1.019671
1.030342
1.041437
1.052819
1.064342
1.075852
1.087187
1.098179
1.108660
1.118459
1.127406
1.135338
1.142096
1.147529
1.151501
1.153885
1.154575
1.153481
1.150534
1.145689
1.138925
1.130248
1.119691
1.107315
1.093212
1.077501
1.060329
1.041871
1.022325
1.001912
0.980872
0.959458
0.937928
0.916544
0.895558
