1.031771
1.019961
1.007000
0.993471
0.979877
0.966647
0.954139
0.942646
0.932401
0.923576
0.916295
0.910633
0.906619
0.904249
0.903481
0.904245
0.906446
0.909965
0.914671
0.920414
0.927039
0.934380
0.942271
0.950545
0.959035
0.967582
0.976031
0.984239
0.992072
0.999406
1.006135
1.012165
1.017416
1.021826
1.025348
1.027953
1.029624
1.030365
1.030193
1.029139
1.027250
1.024584
1.021214
1.017221
1.012698
1.007744
1.002467
0.996979
0.991397
0.985838
0.980421
0.975265
0.970485
0.966191
0.962489
0.959477
0.957246
0.955874
0.955430
0.955972
0.957542
0.960171
0.963873
0.968647
0.974478
0.981335
0.989168
0.997916
1.007498
1.017822
1.028779
1.040248
1.052095
1.064174
1.076333
1.088407
1.100228
1.111623
1.122415
1.132430
1.141491
1.149432
1.156088
1.161307
1.164948
1.166885
1.167007
1.165225
1.161472
1.155704
1.147903
1.138081
1.126277
1.112565
1.097049
1.079864
1.061182
1.041205
1.020167
0.998331
