1.035453
1.034663
1.032032
1.027926
1.022680
1.016593
1.009934
1.002943
0.995834
0.988791
0.981977
0.975528
0.969559
0.964165
0.959420
0.955381
0.952086
0.949559
0.947809
0.946831
0.946608
0.947114
0.948310
0.950151
0.952584
0.955548
0.958981
0.962812
0.966970
0.971382
0.975972
0.980666
0.985391
0.990073
0.994644
0.999037
1.003191
1.007048
1.010556
1.013671
1.016352
1.018566
1.020290
1.021505
1.022202
1.022378
1.022040
1.021202
1.019885
1.018119
1.015940
1.013394
1.010530
1.007406
1.004083
1.000630
0.997117
0.993619
0.990215
0.986983
0.984002
0.981353
0.979113
0.977357
0.976158
0.975581
0.975688
0.976532
0.978157
0.980599
0.983883
0.988022
0.993015
0.998849
1.005495
1.012911
1.021036
1.029794
1.039094
1.048825
1.058863
1.069064
1.079271
1.089312
1.099001
1.108141
1.116524
1.123935
1.130155
1.134963
1.138142
1.139479
1.138777
1.135854
1.130552
1.122745
1.112346
1.099314
1.083667
1.065489
