1.035678
1.029433
1.021781
1.013178
1.004023
0.994665
0.985403
0.976492
0.968145
0.960531
0.953787
0.948013
0.943279
0.939625
0.937068
0.935600
0.935194
0.935804
0.937370
0.939819
0.943066
0.947018
0.951578
0.956642
0.962103
0.967856
0.973794
0.979813
0.985813
0.991698
0.997378
1.002770
1.007799
1.012397
1.016506
1.020077
1.023070
1.025458
1.027219
1.028345
1.028837
1.028705
1.027969
1.026658
1.024809
1.022470
1.019691
1.016534
1.013064
1.009352
1.005474
1.001507
0.997532
0.993633
0.989891
0.986388
0.983206
0.980422
0.978111
0.976341
0.975176
0.974674
0.974884
0.975848
0.977598
0.980157
0.983535
0.987733
0.992741
0.998535
1.005080
1.012327
1.020215
1.028673
1.037612
1.046937
1.056537
1.066291
1.076070
1.085733
1.095131
1.104110
1.112510
1.120165
1.126909
1.132577
1.137005
1.140032
1.141509
1.141293
1.139257
1.135289
1.129299
1.121219
1.111010
1.098665
1.084213
1.067724
1.049315
1.029152
