1.023783
1.023328
1.021283
1.017942
1.013574
1.008423
1.002711
0.996640
0.990388
0.984114
0.977961
0.972050
0.966488
0.961363
0.956749
0.952707
0.949280
0.946500
0.944389
0.942953
0.942191
0.942091
0.942630
0.943781
0.945506
0.947763
0.950502
0.953670
0.957210
0.961061
0.965160
0.969445
0.973849
0.978310
0.982762
0.987145
0.991400
0.995470
0.999303
1.002852
1.006074
1.008931
1.011391
1.013431
1.015031
1.016180
1.016874
1.017115
1.016914
1.016288
1.015262
1.013868
1.012143
1.010134
1.007890
1.005468
1.002930
1.000340
0.997768
0.995285
0.992965
0.990881
0.989109
0.987721
0.986787
0.986376
0.986549
0.987363
0.988868
0.991106
0.994108
0.997897
1.002483
1.007862
1.014018
1.020920
1.028522
1.036761
1.045560
1.054821
1.064433
1.074266
1.084176
1.094001
1.103566
1.112681
1.121148
1.128755
1.135287
1.140525
1.144248
1.146241
1.146299
1.144230
1.139865
1.133061
1.123713
1.111759
1.097192
1.080071
