0.838396
0.836335
0.836694
0.839234
0.843728
0.849959
0.857718
0.866810
0.877047
0.888252
0.900255
0.912898
0.926032
0.939517
0.953221
0.967023
0.980810
0.994480
1.007936
1.021094
1.033878
1.046218
1.058055
1.069338
1.080023
1.090074
1.099465
1.108173
1.116184
1.123492
1.130095
1.135998
1.141209
1.145745
1.149624
1.152868
1.155505
1.157563
1.159075
1.160075
1.160597
1.160678
1.160354
1.159662
1.158638
1.157318
1.155734
1.153920
1.151904
1.149714
1.147374
1.144905
1.142326
1.139650
1.136889
1.134048
1.131130
1.128133
1.125054
1.121881
1.118603
1.115202
1.111659
1.107951
1.104051
1.099931
1.095561
1.090909
1.085942
1.080626
1.074927
1.068813
1.062252
1.055213
1.047670
1.039596
1.030973
1.021782
1.012013
1.001658
0.990719
0.979201
0.967116
0.954486
0.941337
0.927704
0.913629
0.899162
0.884358
0.869281
0.853998
0.838582
0.823110
0.807659
0.792310
0.777139
0.762219
0.747616
0.733387
0.719574
