0.915294
0.906313
0.898742
0.892782
0.888598
0.886321
0.886047
0.887839
0.891729
0.897720
0.905791
0.915891
0.927949
0.941874
0.957556
0.974867
0.993668
1.013807
1.035122
1.057445
1.080602
1.104417
1.128710
1.153304
1.178024
1.202696
1.227155
1.251239
1.274797
1.297683
1.319764
1.340916
1.361026
1.379993
1.397728
1.414154
1.429208
1.442838
1.455004
1.465681
1.474854
1.482520
1.488686
1.493371
1.496605
1.498425
1.498877
1.498016
1.495903
1.492604
1.488192
1.482742
1.476333
1.469047
1.460966
1.452173
1.442750
1.432779
1.422336
1.411499
1.400338
1.388922
1.377311
1.365563
1.353729
1.341852
1.329971
1.318116
1.306312
1.294574
1.282914
1.271335
1.259834
1.248402
1.237025
1.225683
1.214353
1.203007
1.191615
1.180145
1.168561
1.156832
1.144923
1.132802
1.120440
1.107811
1.094894
1.081672
1.068134
1.054276
1.040100
1.025618
1.010846
0.995810
0.980542
0.965081
0.949472
0.933764
0.918009
0.902260
