1.250179
1.268348
1.284983
1.300223
1.314196
1.327017
1.338791
1.349614
1.359570
1.368735
1.377175
1.384949
1.392106
1.398690
1.404737
1.410278
1.415338
1.419936
1.424087
1.427803
1.431092
1.433957
1.436401
1.438423
1.440022
1.441194
1.441936
1.442241
1.442104
1.441520
1.440484
1.438990
1.437035
1.434615
1.431727
1.428371
1.424545
1.420251
1.415491
1.410269
1.404591
1.398464
1.391894
1.384892
1.377468
1.369635
1.361405
1.352793
1.343814
1.334485
1.324821
1.314840
1.304560
1.294000
1.283178
1.272112
1.260820
1.249322
1.237634
1.225774
1.213759
1.201606
1.189328
1.176942
1.164460
1.151895
1.139257
1.126558
1.113805
1.101008
1.088171
1.075301
1.062402
1.049476
1.036526
1.023552
1.010554
0.997532
0.984484
0.971407
0.958299
0.945157
0.931978
0.918758
0.905495
0.892186
0.878828
0.865419
0.851959
0.838448
0.824887
0.811278
0.797624
0.783931
0.770203
0.756449
0.742678
0.728899
0.715123
0.701363
