1.179921
1.202920
1.224917
1.245904
1.265876
1.284830
1.302765
1.319684
1.335589
1.350488
1.364386
1.377295
1.389224
1.400186
1.410197
1.419271
1.427425
1.434678
1.441048
1.446557
1.451224
1.455073
1.458125
1.460405
1.461934
1.462739
1.462842
1.462270
1.461046
1.459196
1.456743
1.453715
1.450133
1.446024
1.441411
1.436318
1.430768
1.424783
1.418386
1.411599
1.404443
1.396937
1.389102
1.380957
1.372519
1.363807
1.354836
1.345622
1.336182
1.326527
1.316673
1.306631
1.296414
1.286031
1.275493
1.264810
1.253990
1.243040
1.231967
1.220779
1.209480
1.198076
1.186571
1.174968
1.163272
1.151485
1.139609
1.127646
1.115598
1.103466
1.091252
1.078955
1.066577
1.054117
1.041577
1.028956
1.016255
1.003475
0.990615
0.977676
0.964659
0.951565
0.938395
0.925150
0.911833
0.898445
0.884989
0.871468
0.857885
0.844244
0.830549
0.816805
0.803017
0.789191
0.775332
0.761448
0.747545
0.733630
0.719713
0.705800
