0.795905
0.820018
0.846665
0.875199
0.905036
0.935651
0.966581
0.997416
1.027801
1.057430
1.086044
1.113428
1.139410
1.163855
1.186662
1.207766
1.227127
1.244734
1.260600
1.274758
1.287260
1.298174
1.307581
1.315574
1.322255
1.327730
1.332114
1.335523
1.338075
1.339887
1.341074
1.341750
1.342022
1.341995
1.341764
1.341421
1.341048
1.340718
1.340497
1.340443
1.340601
1.341011
1.341702
1.342692
1.343993
1.345607
1.347527
1.349738
1.352220
1.354944
1.357873
1.360968
1.364183
1.367469
1.370770
1.374032
1.377197
1.380203
1.382993
1.385506
1.387683
1.389467
1.390805
1.391644
1.391938
1.391642
1.390718
1.389132
1.386857
1.383870
1.380156
1.375706
1.370515
1.364588
1.357935
1.350571
1.342518
1.333806
1.324466
1.314538
1.304063
1.293089
1.281665
1.269842
1.257675
1.245216
1.232521
1.219641
1.206626
1.193525
1.180379
1.167227
1.154098
1.141019
1.128003
1.115058
1.102179
1.089353
1.076554
1.063744
