0.992823
1.016270
1.039966
1.063755
1.087491
1.111041
1.134283
1.157107
1.179416
1.201122
1.222151
1.242436
1.261922
1.280563
1.298322
1.315170
1.331087
1.346058
1.360077
1.373141
1.385256
1.396429
1.406674
1.416007
1.424448
1.432018
1.438742
1.444646
1.449757
1.454103
1.457711
1.460610
1.462828
1.464393
1.465331
1.465668
1.465430
1.464639
1.463318
1.461488
1.459168
1.456377
1.453130
1.449444
1.445331
1.440804
1.435875
1.430553
1.424848
1.418767
1.412319
1.405510
1.398347
1.390835
1.382982
1.374792
1.366272
1.357429
1.348268
1.338798
1.329026
1.318961
1.308611
1.297987
1.287100
1.275961
1.264583
1.252979
1.241162
1.229149
1.216953
1.204590
1.192078
1.179431
1.166666
1.153799
1.140847
1.127823
1.114743
1.101621
1.088468
1.075295
1.062112
1.048926
1.035743
1.022566
1.009397
0.996235
0.983075
0.969913
0.956741
0.943549
0.930325
0.917057
0.903729
0.890329
0.876840
0.863251
0.849549
0.835727
