0.849822
0.858443
0.868953
0.881197
0.895021
0.910279
0.926824
0.944518
0.963221
0.982800
1.003124
1.024064
1.045499
1.067306
1.089369
1.111577
1.133821
1.155996
1.178005
1.199751
1.221146
1.242106
1.262550
1.282406
1.301605
1.320085
1.337789
1.354665
1.370669
1.385760
1.399906
1.413078
1.425255
1.436418
1.446557
1.455666
1.463743
1.470791
1.476820
1.481842
1.485873
1.488934
1.491049
1.492245
1.492552
1.492003
1.490632
1.488476
1.485573
1.481962
1.477682
1.472776
1.467282
1.461241
1.454694
1.447679
1.440234
1.432397
1.424201
1.415681
1.406868
1.397791
1.388477
1.378951
1.369234
1.359346
1.349305
1.339125
1.328818
1.318392
1.307857
1.297216
1.286472
1.275627
1.264681
1.253630
1.242472
1.231202
1.219816
1.208310
1.196677
1.184912
1.173012
1.160973
1.148792
1.136468
1.124003
1.111397
1.098656
1.085786
1.072795
1.059693
1.046493
1.033209
1.019857
1.006452
0.993011
0.979551
0.966088
0.952635
