0.911733
0.916049
0.921092
0.926887
0.933454
0.940804
0.948942
0.957865
0.967563
0.978021
0.989217
1.001123
1.013706
1.026928
1.040745
1.055112
1.069977
1.085287
1.100984
1.117009
1.133300
1.149795
1.166430
1.183140
1.199859
1.216523
1.233067
1.249427
1.265541
1.281348
1.296788
1.311805
1.326344
1.340352
1.353781
1.366584
1.378718
1.390145
1.400827
1.410733
1.419834
1.428106
1.435526
1.442079
1.447750
1.452531
1.456416
1.459401
1.461490
1.462687
1.463000
1.462441
1.461024
1.458768
1.455691
1.451817
1.447171
1.441779
1.435670
1.428875
1.421425
1.413354
1.404694
1.395479
1.385745
1.375525
1.364855
1.353767
1.342296
1.330474
1.318331
1.305899
1.293206
1.280278
1.267141
1.253817
1.240329
1.226694
1.212929
1.199048
1.185064
1.170985
1.156819
1.142571
1.128243
1.113836
1.099349
1.084778
1.070120
1.055367
1.040514
1.025553
1.010477
0.995277
0.979948
0.964483
0.948878
0.933131
0.917244
0.901221
