1.000441
1.007718
1.015463
1.023619
1.032130
1.040939
1.049989
1.059224
1.068587
1.078021
1.087471
1.096882
1.106201
1.115373
1.124350
1.133080
1.141517
1.149615
1.157330
1.164622
1.171453
1.177787
1.183591
1.188836
1.193494
1.197543
1.200960
1.203729
1.205836
1.207269
1.208020
1.208084
1.207460
1.206147
1.204150
1.201475
1.198132
1.194131
1.189487
1.184215
1.178333
1.171861
1.164820
1.157232
1.149122
1.140515
1.131435
1.121909
1.111964
1.101627
1.090924
1.079883
1.068529
1.056888
1.044986
1.032847
1.020494
1.007949
0.995234
0.982368
0.969370
0.956257
0.943043
0.929744
0.916371
0.902935
0.889445
0.875911
0.862337
0.848729
0.835092
0.821428
0.807739
0.794027
0.780291
0.766531
0.752748
0.738940
0.725108
0.711251
0.697369
0.683464
0.669536
0.655590
0.641628
0.627657
0.613683
0.599715
0.585763
0.571839
0.557957
0.544133
0.530384
0.516728
0.503186
0.489778
0.476526
0.463454
0.450581
0.437929
