1.028374
1.040039
1.051708
1.063304
1.074756
1.086000
1.096977
1.107635
1.117927
1.127810
1.137247
1.146205
1.154656
1.162574
1.169939
1.176734
1.182944
1.188558
1.193569
1.197971
1.201760
1.204936
1.207499
1.209453
1.210802
1.211553
1.211712
1.211289
1.210293
1.208734
1.206625
1.203977
1.200803
1.197115
1.192928
1.188254
1.183108
1.177503
1.171452
1.164970
1.158070
1.150766
1.143069
1.134994
1.126552
1.117756
1.108617
1.099147
1.089356
1.079256
1.068856
1.058166
1.047196
1.035955
1.024451
1.012694
1.000690
0.988448
0.975977
0.963283
0.950374
0.937258
0.923942
0.910434
0.896741
0.882872
0.868835
0.854638
0.840290
0.825800
0.811177
0.796433
0.781578
0.766623
0.751580
0.736461
0.721281
0.706052
0.690791
0.675511
0.660229
0.644963
0.629729
0.614546
0.599431
0.584404
0.569485
0.554692
0.540046
0.525566
0.511270
0.497179
0.483309
0.469679
0.456303
0.443197
0.430372
0.417839
0.405605
0.393674
