0.999329
1.008824
1.019027
1.029830
1.041130
1.052830
1.064834
1.077055
1.089406
1.101805
1.114176
1.126446
1.138543
1.150403
1.161964
1.173166
1.183956
1.194282
1.204097
1.213358
1.222026
1.230064
1.237440
1.244125
1.250096
1.255330
1.259811
1.263523
1.266457
1.268606
1.269965
1.270533
1.270313
1.269311
1.267534
1.264994
1.261703
1.257677
1.252935
1.247495
1.241381
1.234615
1.227222
1.219228
1.210661
1.201549
1.191920
1.181805
1.171232
1.160231
1.148832
1.137064
1.124957
1.112539
1.099837
1.086878
1.073689
1.060293
1.046715
1.032977
1.019100
1.005102
0.991002
0.976817
0.962560
0.948246
0.933887
0.919492
0.905071
0.890632
0.876181
0.861723
0.847262
0.832803
0.818347
0.803896
0.789453
0.775018
0.760593
0.746179
0.731777
0.717390
0.703020
0.688669
0.674343
0.660047
0.645787
0.631570
0.617405
0.603303
0.589274
0.575333
0.561492
0.547766
0.534171
0.520723
0.507438
0.494332
0.481419
0.468714
