0.921300
0.934608
0.949654
0.966128
0.983741
1.002225
1.021330
1.040826
1.060504
1.080169
1.099648
1.118781
1.137426
1.155457
1.172763
1.189244
1.204817
1.219411
1.232966
1.245433
1.256775
1.266964
1.275983
1.283820
1.290473
1.295949
1.300258
1.303418
1.305452
1.306388
1.306258
1.305097
1.302944
1.299839
1.295826
1.290950
1.285256
1.278792
1.271604
1.263739
1.255244
1.246165
1.236547
1.226433
1.215867
1.204889
1.193537
1.181849
1.169860
1.157601
1.145103
1.132394
1.119500
1.106442
1.093243
1.079919
1.066488
1.052962
1.039354
1.025672
1.011924
0.998116
0.984252
0.970335
0.956366
0.942346
0.928273
0.914147
0.899965
0.885726
0.871427
0.857067
0.842643
0.828154
0.813599
0.798980
0.784297
0.769553
0.754752
0.739899
0.725001
0.710067
0.695108
0.680135
0.665163
0.650206
0.635282
0.620410
0.605609
0.590901
0.576308
0.561851
0.547555
0.533441
0.519532
0.505848
0.492408
0.479229
0.466324
0.453703
