1.025557
1.033234
1.040847
1.048449
1.056082
1.063780
1.071565
1.079454
1.087452
1.095558
1.103764
1.112053
1.120404
1.128790
1.137179
1.145536
1.153820
1.161990
1.170001
1.177806
1.185359
1.192612
1.199516
1.206025
1.212092
1.217674
1.222727
1.227210
1.231086
1.234319
1.236878
1.238735
1.239864
1.240244
1.239858
1.238693
1.236738
1.233989
1.230443
1.226104
1.220976
1.215070
1.208399
1.200979
1.192831
1.183976
1.174440
1.164251
1.153439
1.142037
1.130076
1.117594
1.104626
1.091208
1.077379
1.063176
1.048637
1.033799
1.018699
1.003373
0.987856
0.972182
0.956383
0.940489
0.924529
0.908531
0.892518
0.876513
0.860537
0.844609
0.828743
0.812953
0.797252
0.781648
0.766149
0.750761
0.735487
0.720329
0.705288
0.690365
0.675557
0.660862
0.646279
0.631805
0.617437
0.603174
0.589013
0.574955
0.560999
0.547149
0.533406
0.519776
0.506267
0.492886
0.479644
0.466554
0.453630
0.440888
0.428343
0.416013
