0.969067
0.984200
1.000130
1.016670
1.033645
1.050890
1.068251
1.085588
1.102769
1.119673
1.136190
1.152220
1.167670
1.182460
1.196516
1.209773
1.222175
1.233673
1.244227
1.253802
1.262372
1.269915
1.276417
1.281869
1.286269
1.289617
1.291920
1.293188
1.293437
1.292686
1.290955
1.288270
1.284659
1.280151
1.274779
1.268577
1.261580
1.253825
1.245349
1.236192
1.226391
1.215985
1.205015
1.193518
1.181533
1.169097
1.156247
1.143020
1.129450
1.115570
1.101414
1.087011
1.072391
1.057581
1.042608
1.027495
1.012266
0.996940
0.981537
0.966074
0.950567
0.935029
0.919474
0.903911
0.888350
0.872800
0.857267
0.841758
0.826276
0.810826
0.795412
0.780036
0.764701
0.749408
0.734161
0.718960
0.703809
0.688710
0.673667
0.658684
0.643764
0.628914
0.614141
0.599452
0.584856
0.570362
0.555982
0.541727
0.527612
0.513650
0.499855
0.486245
0.472835
0.459640
0.446678
0.433964
0.421512
0.409336
0.397446
0.385850
