0.970774
0.980273
0.990924
1.002521
1.014874
1.027802
1.041140
1.054732
1.068437
1.082121
1.095666
1.108962
1.121910
1.134421
1.146417
1.157826
1.168588
1.178651
1.187970
1.196507
1.204233
1.211126
1.217167
1.222347
1.226661
1.230108
1.232693
1.234426
1.235319
1.235388
1.234653
1.233137
1.230864
1.227862
1.224159
1.219784
1.214770
1.209148
1.202951
1.196211
1.188961
1.181234
1.173061
1.164474
1.155503
1.146178
1.136526
1.126576
1.116351
1.105877
1.095175
1.084266
1.073168
1.061900
1.050476
1.038909
1.027212
1.015394
1.003464
0.991429
0.979294
0.967063
0.954738
0.942322
0.929814
0.917215
0.904522
0.891735
0.878851
0.865868
0.852783
0.839595
0.826301
0.812900
0.799391
0.785774
0.772051
0.758223
0.744295
0.730271
0.716158
0.701964
0.687699
0.673375
0.659005
0.644605
0.630191
0.615782
0.601399
0.587063
0.572796
0.558623
0.544567
0.530653
0.516906
0.503347
0.490001
0.476886
0.464021
0.451420
