0.992228
1.003973
1.015897
1.027950
1.040080
1.052236
1.064367
1.076423
1.088353
1.100108
1.111640
1.122899
1.133840
1.144417
1.154586
1.164303
1.173529
1.182223
1.190351
1.197877
1.204770
1.211000
1.216541
1.221369
1.225464
1.228808
1.231387
1.233189
1.234206
1.234433
1.233868
1.232511
1.230368
1.227444
1.223750
1.219299
1.214106
1.208188
1.201565
1.194260
1.186298
1.177703
1.168503
1.158728
1.148407
1.137573
1.126256
1.114489
1.102305
1.089738
1.076819
1.063582
1.050058
1.036279
1.022276
1.008078
0.993713
0.979210
0.964592
0.949886
0.935112
0.920292
0.905445
0.890588
0.875736
0.860902
0.846100
0.831337
0.816623
0.801964
0.787365
0.772830
0.758360
0.743957
0.729622
0.715352
0.701148
0.687007
0.672928
0.658909
0.644947
0.631042
0.617194
0.603402
0.589668
0.575995
0.562387
0.548848
0.535387
0.522013
0.508735
0.495566
0.482519
0.469611
0.456857
0.444276
0.431884
0.419701
0.407743
0.396028
