1.002140
1.012095
1.022722
1.033880
1.045434
1.057261
1.069246
1.081279
1.093264
1.105107
1.116726
1.128044
1.138994
1.149512
1.159545
1.169044
1.177966
1.186275
1.193941
1.200938
1.207247
1.212851
1.217740
1.221907
1.225349
1.228067
1.230066
1.231352
1.231936
1.231829
1.231048
1.229607
1.227527
1.224826
1.221527
1.217650
1.213220
1.208259
1.202792
1.196843
1.190435
1.183593
1.176341
1.168701
1.160697
1.152350
1.143681
1.134711
1.125458
1.115941
1.106177
1.096182
1.085971
1.075556
1.064951
1.054166
1.043211
1.032095
1.020826
1.009410
0.997852
0.986157
0.974330
0.962372
0.950286
0.938074
0.925737
0.913277
0.900692
0.887985
0.875156
0.862205
0.849133
0.835942
0.822633
0.809209
0.795674
0.782030
0.768284
0.754441
0.740508
0.726494
0.712408
0.698260
0.684064
0.669832
0.655579
0.641320
0.627073
0.612855
0.598685
0.584583
0.570567
0.556659
0.542878
0.529244
0.515775
0.502489
0.489403
0.476528
