0.993228
1.006804
1.020679
1.034738
1.048873
1.062983
1.076974
1.090760
1.104260
1.117401
1.130115
1.142341
1.154025
1.165117
1.175575
1.185360
1.194441
1.202790
1.210384
1.217206
1.223242
1.228482
1.232921
1.236557
1.239391
1.241428
1.242676
1.243144
1.242845
1.241794
1.240008
1.237505
1.234305
1.230430
1.225902
1.220744
1.214982
1.208638
1.201740
1.194311
1.186378
1.177965
1.169099
1.159803
1.150103
1.140022
1.129583
1.118808
1.107720
1.096340
1.084686
1.072779
1.060636
1.048274
1.035710
1.022957
1.010031
0.996943
0.983707
0.970333
0.956831
0.943211
0.929482
0.915650
0.901724
0.887711
0.873615
0.859444
0.845203
0.830896
0.816530
0.802109
0.787638
0.773123
0.758569
0.743982
0.729369
0.714736
0.700090
0.685440
0.670793
0.656161
0.641551
0.626976
0.612447
0.597977
0.583577
0.569263
0.555049
0.540950
0.526980
0.513157
0.499495
0.486010
0.472718
0.459633
0.446769
0.434140
0.421756
0.409627
