0.963041
0.975348
0.988147
1.001319
1.014748
1.028331
1.041966
1.055563
1.069037
1.082309
1.095306
1.107964
1.120221
1.132024
1.143324
1.154078
1.164248
1.173801
1.182708
1.190946
1.198494
1.205337
1.211462
1.216863
1.221534
1.225472
1.228680
1.231161
1.232922
1.233971
1.234320
1.233981
1.232970
1.231302
1.228994
1.226067
1.222539
1.218431
1.213766
1.208564
1.202849
1.196644
1.189971
1.182853
1.175313
1.167375
1.159061
1.150393
1.141392
1.132081
1.122479
1.112606
1.102483
1.092126
1.081554
1.070784
1.059830
1.048710
1.037435
1.026020
1.014477
1.002817
0.991050
0.979185
0.967232
0.955198
0.943089
0.930913
0.918673
0.906376
0.894024
0.881622
0.869172
0.856677
0.844138
0.831558
0.818937
0.806277
0.793579
0.780843
0.768071
0.755264
0.742423
0.729548
0.716643
0.703708
0.690746
0.677760
0.664753
0.651729
0.638692
0.625647
0.612599
0.599555
0.586522
0.573508
0.560520
0.547567
0.534660
0.521807
