0.987189
0.997717
1.008669
1.019945
1.031447
1.043085
1.054774
1.066431
1.077983
1.089357
1.100487
1.111314
1.121779
1.131832
1.141425
1.150515
1.159065
1.167039
1.174407
1.181145
1.187230
1.192643
1.197371
1.201402
1.204730
1.207349
1.209259
1.210461
1.210961
1.210766
1.209885
1.208330
1.206115
1.203257
1.199773
1.195681
1.191003
1.185761
1.179976
1.173671
1.166872
1.159602
1.151886
1.143749
1.135214
1.126306
1.117050
1.107468
1.097583
1.087417
1.076991
1.066324
1.055437
1.044345
1.033067
1.021617
1.010009
0.998255
0.986368
0.974356
0.962229
0.949994
0.937657
0.925223
0.912696
0.900078
0.887373
0.874581
0.861702
0.848737
0.835685
0.822546
0.809319
0.796004
0.782601
0.769109
0.755529
0.741863
0.728113
0.714282
0.700376
0.686400
0.672362
0.658271
0.644137
0.629973
0.615793
0.601613
0.587450
0.573323
0.559252
0.545260
0.531369
0.517601
0.503982
0.490534
0.477281
0.464244
0.451443
0.438895
