0.926818
0.938078
0.950748
0.964577
0.979331
0.994792
1.010758
1.027042
1.043474
1.059895
1.076161
1.092143
1.107721
1.122790
1.137257
1.151037
1.164059
1.176260
1.187587
1.197999
1.207458
1.215940
1.223425
1.229902
1.235366
1.239818
1.243266
1.245723
1.247205
1.247735
1.247339
1.246045
1.243888
1.240901
1.237122
1.232591
1.227348
1.221436
1.214895
1.207770
1.200104
1.191938
1.183314
1.174274
1.164858
1.155103
1.145047
1.134724
1.124167
1.113408
1.102473
1.091389
1.080180
1.068865
1.057463
1.045990
1.034457
1.022875
1.011252
0.999593
0.987899
0.976172
0.964410
0.952609
0.940763
0.928867
0.916911
0.904886
0.892783
0.880590
0.868297
0.855893
0.843368
0.830711
0.817915
0.804971
0.791873
0.778617
0.765201
0.751624
0.737890
0.724004
0.709973
0.695809
0.681526
0.667142
0.652677
0.638155
0.623601
0.609044
0.594516
0.580050
0.565680
0.551442
0.537370
0.523499
0.509862
0.496489
0.483406
0.470632
