0.973203
0.984991
0.997497
1.010568
1.024061
1.037843
1.051786
1.065772
1.079692
1.093442
1.106929
1.120065
1.132771
1.144974
1.156609
1.167618
1.177948
1.187555
1.196401
1.204452
1.211682
1.218070
1.223600
1.228263
1.232054
1.234971
1.237019
1.238206
1.238545
1.238051
1.236743
1.234644
1.231779
1.228174
1.223861
1.218870
1.213235
1.206990
1.200171
1.192814
1.184956
1.176634
1.167884
1.158743
1.149248
1.139433
1.129332
1.118979
1.108406
1.097641
1.086714
1.075651
1.064476
1.053211
1.041878
1.030493
1.019072
1.007629
0.996175
0.984718
0.973264
0.961818
0.950383
0.938957
0.927540
0.916127
0.904713
0.893293
0.881857
0.870398
0.858904
0.847367
0.835775
0.824117
0.812383
0.800563
0.788647
0.776627
0.764494
0.752243
0.739871
0.727373
0.714750
0.702004
0.689139
0.676161
0.663081
0.649909
0.636661
0.623354
0.610007
0.596643
0.583284
0.569956
0.556686
0.543501
0.530428
0.517494
0.504723
0.492137
