0.896777
0.904103
0.913277
0.924082
0.936310
0.949764
0.964252
0.979594
0.995620
1.012166
1.029079
1.046215
1.063438
1.080623
1.097650
1.114411
1.130806
1.146742
1.162135
1.176910
1.190997
1.204336
1.216873
1.228564
1.239368
1.249253
1.258192
1.266166
1.273160
1.279164
1.284176
1.288196
1.291231
1.293289
1.294385
1.294536
1.293763
1.292089
1.289541
1.286147
1.281937
1.276945
1.271203
1.264747
1.257612
1.249834
1.241450
1.232495
1.223007
1.213021
1.202573
1.191696
1.180424
1.168790
1.156825
1.144557
1.132015
1.119226
1.106213
1.093000
1.079608
1.066056
1.052361
1.038540
1.024605
1.010570
0.996445
0.982239
0.967959
0.953612
0.939203
0.924737
0.910216
0.895643
0.881020
0.866349
0.851632
0.836870
0.822064
0.807218
0.792334
0.777415
0.762467
0.747493
0.732503
0.717503
0.702502
0.687513
0.672547
0.657618
0.642741
0.627933
0.613212
0.598597
0.584106
0.569759
0.555575
0.541575
0.527774
0.514190
