0.913606
0.916805
0.920449
0.924476
0.928826
0.933442
0.938271
0.943262
0.948367
0.953541
0.958741
0.963928
0.969066
0.974122
0.979065
0.983869
0.988512
0.992974
0.997240
1.001298
1.005139
1.008760
1.012160
1.015342
1.018314
1.021085
1.023670
1.026084
1.028348
1.030484
1.032517
1.034472
1.036378
1.038265
1.040163
1.042102
1.044114
1.046230
1.048479
1.050889
1.053488
1.056300
1.059348
1.062651
1.066225
1.070083
1.074232
1.078678
1.083418
1.088449
1.093760
1.099335
1.105153
1.111188
1.117408
1.123777
1.130253
1.136787
1.143330
1.149822
1.156206
1.162415
1.168381
1.174035
1.179304
1.184113
1.188386
1.192049
1.195026
1.197243
1.198630
1.199117
1.198641
1.197143
1.194568
1.190870
1.186009
1.179954
1.172684
1.164186
1.154460
1.143515
1.131372
1.118066
1.103643
1.088160
1.071689
1.054313
1.036125
1.017231
0.997744
0.977789
0.957495
0.936996
0.916428
0.895928
0.875627
0.855650
0.836109
0.817100
