0.909478
0.912523
0.916142
0.920250
0.924766
0.929616
0.934729
0.940041
0.945490
0.951020
0.956580
0.962124
0.967607
0.972994
0.978250
0.983346
0.988260
0.992970
0.997463
1.001727
1.005758
1.009552
1.013112
1.016445
1.019560
1.022471
1.025195
1.027752
1.030165
1.032458
1.034658
1.036795
1.038899
1.040999
1.043129
1.045319
1.047601
1.050004
1.052559
1.055292
1.058229
1.061393
1.064805
1.068479
1.072431
1.076670
1.081199
1.086021
1.091131
1.096520
1.102174
1.108074
1.114196
1.120509
1.126980
1.133567
1.140227
1.146910
1.153562
1.160124
1.166535
1.172729
1.178639
1.184194
1.189320
1.193946
1.197997
1.201400
1.204081
1.205970
1.207000
1.207104
1.206223
1.204302
1.201290
1.197146
1.191835
1.185330
1.177614
1.168680
1.158529
1.147177
1.134649
1.120981
1.106223
1.090434
1.073688
1.056068
1.037669
1.018594
0.998959
0.978883
0.958494
0.937922
0.917302
0.896763
0.876434
0.856434
0.836870
0.817833
