0.912811
0.916929
0.921355
0.926034
0.930914
0.935949
0.941095
0.946311
0.951560
0.956807
0.962022
0.967175
0.972241
0.977197
0.982025
0.986707
0.991231
0.995586
0.999766
1.003766
1.007586
1.011228
1.014697
1.018002
1.021153
1.024165
1.027053
1.029835
1.032533
1.035167
1.037761
1.040341
1.042932
1.045560
1.048251
1.051032
1.053928
1.056965
1.060165
1.063551
1.067143
1.070958
1.075012
1.079315
1.083876
1.088701
1.093790
1.099140
1.104743
1.110587
1.116655
1.122925
1.129372
1.135964
1.142665
1.149435
1.156227
1.162994
1.169680
1.176230
1.182581
1.188671
1.194433
1.199798
1.204698
1.209060
1.212814
1.215890
1.218218
1.219732
1.220366
1.220059
1.218755
1.216402
1.212955
1.208374
1.202629
1.195697
1.187563
1.178224
1.167685
1.155963
1.143086
1.129094
1.114036
1.097976
1.080987
1.063153
1.044571
1.025344
1.005587
0.985419
0.964966
0.944360
0.923729
0.903204
0.882909
0.862961
0.843463
0.824503
