0.935491
0.936662
0.937997
0.939504
0.941190
0.943057
0.945106
0.947334
0.949737
0.952309
0.955040
0.957921
0.960941
0.964088
0.967348
0.970711
0.974162
0.977689
0.981282
0.984928
0.988619
0.992346
0.996103
0.999883
1.003684
1.007503
1.011340
1.015197
1.019077
1.022985
1.026926
1.030909
1.034943
1.039036
1.043199
1.047444
1.051780
1.056220
1.060773
1.065450
1.070260
1.075210
1.080306
1.085553
1.090953
1.096506
1.102208
1.108054
1.114034
1.120136
1.126344
1.132639
1.138997
1.145391
1.151790
1.158160
1.164462
1.170655
1.176692
1.182527
1.188107
1.193379
1.198286
1.202770
1.206771
1.210230
1.213086
1.215279
1.216748
1.217435
1.217285
1.216245
1.214265
1.211300
1.207310
1.202260
1.196123
1.188878
1.180512
1.171020
1.160407
1.148687
1.135883
1.122030
1.107171
1.091362
1.074667
1.057161
1.038930
1.020066
1.000671
0.980855
0.960731
0.940418
0.920036
0.899704
0.879539
0.859650
0.840138
0.821088
