0.893176
0.897985
0.903451
0.909438
0.915822
0.922491
0.929342
0.936283
0.943228
0.950105
0.956847
0.963397
0.969705
0.975730
0.981437
0.986799
0.991797
0.996417
1.000651
1.004499
1.007966
1.011061
1.013801
1.016205
1.018299
1.020109
1.021670
1.023015
1.024182
1.025213
1.026147
1.027030
1.027904
1.028813
1.029803
1.030914
1.032190
1.033671
1.035395
1.037396
1.039707
1.042357
1.045369
1.048765
1.052558
1.056760
1.061376
1.066404
1.071838
1.077667
1.083870
1.090425
1.097300
1.104458
1.111856
1.119447
1.127176
1.134984
1.142807
1.150576
1.158218
1.165657
1.172815
1.179609
1.185956
1.191773
1.196976
1.201481
1.205207
1.208075
1.210009
1.210938
1.210795
1.209520
1.207062
1.203374
1.198420
1.192176
1.184624
1.175760
1.165591
1.154136
1.141428
1.127511
1.112444
1.096297
1.079155
1.061112
1.042276
1.022765
1.002705
0.982232
0.961485
0.940608
0.919745
0.899037
0.878620
0.858618
0.839141
0.820278
