0.926149
0.928632
0.931328
0.934216
0.937273
0.940480
0.943818
0.947268
0.950812
0.954436
0.958123
0.961858
0.965628
0.969421
0.973225
0.977031
0.980831
0.984617
0.988384
0.992129
0.995849
0.999546
1.003219
1.006872
1.010510
1.014140
1.017769
1.021407
1.025063
1.028751
1.032481
1.036268
1.040125
1.044066
1.048105
1.052255
1.056529
1.060941
1.065500
1.070218
1.075102
1.080159
1.085392
1.090805
1.096395
1.102160
1.108092
1.114182
1.120415
1.126777
1.133244
1.139795
1.146400
1.153028
1.159645
1.166210
1.172683
1.179017
1.185164
1.191074
1.196692
1.201962
1.206827
1.211229
1.215107
1.218402
1.221053
1.223003
1.224193
1.224568
1.224075
1.222664
1.220290
1.216913
1.212496
1.207010
1.200433
1.192749
1.183950
1.174038
1.163021
1.150919
1.137760
1.123583
1.108435
1.092374
1.075468
1.057795
1.039439
1.020495
1.001064
0.981253
0.961175
0.940943
0.920675
0.900484
0.880480
0.860768
0.841438
0.822570
