0.911225
0.913903
0.917145
0.920878
0.925030
0.929537
0.934334
0.939363
0.944567
0.949892
0.955289
0.960710
0.966112
0.971457
0.976707
0.981831
0.986802
0.991595
0.996190
1.000573
1.004732
1.008660
1.012354
1.015816
1.019050
1.022067
1.024879
1.027502
1.029955
1.032262
1.034448
1.036539
1.038565
1.040556
1.042545
1.044563
1.046644
1.048820
1.051122
1.053580
1.056225
1.059081
1.062175
1.065526
1.069152
1.073068
1.077284
1.081805
1.086631
1.091758
1.097177
1.102873
1.108826
1.115008
1.121389
1.127932
1.134594
1.141326
1.148077
1.154788
1.161397
1.167839
1.174044
1.179939
1.185449
1.190499
1.195009
1.198903
1.202104
1.204534
1.206121
1.206794
1.206486
1.205137
1.202690
1.199097
1.194317
1.188318
1.181077
1.172582
1.162831
1.151834
1.139613
1.126204
1.111652
1.096019
1.079378
1.061813
1.043421
1.024312
1.004602
0.984419
0.963897
0.943173
0.922388
0.901682
0.881191
0.861042
0.841351
0.822216
