0.913405
0.917109
0.921219
0.925650
0.930324
0.935172
0.940129
0.945141
0.950155
0.955130
0.960027
0.964813
0.969460
0.973948
0.978258
0.982378
0.986300
0.990019
0.993537
0.996856
0.999985
1.002935
1.005719
1.008355
1.010863
1.013263
1.015581
1.017842
1.020072
1.022300
1.024555
1.026865
1.029260
1.031768
1.034417
1.037234
1.040244
1.043471
1.046936
1.050658
1.054652
1.058931
1.063505
1.068380
1.073557
1.079033
1.084803
1.090854
1.097171
1.103734
1.110517
1.117491
1.124621
1.131867
1.139186
1.146531
1.153848
1.161084
1.168178
1.175069
1.181691
1.187978
1.193860
1.199268
1.204132
1.208380
1.211943
1.214753
1.216744
1.217851
1.218015
1.217180
1.215297
1.212319
1.208209
1.202937
1.196478
1.188820
1.179956
1.169891
1.158640
1.146229
1.132693
1.118080
1.102448
1.085865
1.068412
1.050177
1.031259
1.011767
0.991814
0.971521
0.951014
0.930418
0.909861
0.889467
0.869353
0.849627
0.830384
0.811701
