0.914859
0.918808
0.923132
0.927743
0.932558
0.937505
0.942520
0.947546
0.952532
0.957435
0.962218
0.966850
0.971306
0.975566
0.979617
0.983448
0.987056
0.990439
0.993603
0.996555
0.999308
1.001875
1.004276
1.006532
1.008666
1.010703
1.012671
1.014598
1.016516
1.018453
1.020442
1.022514
1.024699
1.027026
1.029526
1.032225
1.035149
1.038322
1.041765
1.045494
1.049527
1.053874
1.058544
1.063540
1.068863
1.074508
1.080467
1.086726
1.093267
1.100068
1.107102
1.114335
1.121732
1.129252
1.136848
1.144472
1.152069
1.159583
1.166954
1.174117
1.181007
1.187557
1.193697
1.199357
1.204466
1.208955
1.212754
1.215795
1.218012
1.219342
1.219728
1.219114
1.217451
1.214694
1.210809
1.205763
1.199536
1.192114
1.183492
1.173676
1.162681
1.150531
1.137263
1.122924
1.107570
1.091268
1.074097
1.056144
1.037506
1.018285
0.998595
0.978552
0.958277
0.937893
0.917523
0.897286
0.877296
0.857659
0.838466
0.819790
