0.920241
0.921567
0.923216
0.925182
0.927458
0.930033
0.932893
0.936022
0.939400
0.943008
0.946822
0.950819
0.954974
0.959262
0.963657
0.968134
0.972670
0.977240
0.981823
0.986398
0.990947
0.995453
0.999904
1.004287
1.008594
1.012819
1.016959
1.021013
1.024983
1.028875
1.032694
1.036452
1.040159
1.043828
1.047475
1.051115
1.054765
1.058444
1.062168
1.065955
1.069822
1.073786
1.077861
1.082060
1.086395
1.090874
1.095504
1.100286
1.105220
1.110303
1.115526
1.120878
1.126341
1.131896
1.137517
1.143174
1.148835
1.154460
1.160008
1.165432
1.170682
1.175703
1.180441
1.184835
1.188823
1.192343
1.195331
1.197720
1.199448
1.200450
1.200663
1.200029
1.198491
1.195996
1.192497
1.187952
1.182325
1.175588
1.167721
1.158712
1.148559
1.137270
1.124863
1.111368
1.096825
1.081286
1.064814
1.047483
1.029377
1.010593
0.991234
0.971412
0.951247
0.930863
0.910386
0.889944
0.869660
0.849655
0.830036
0.810897
