0.905725
0.911199
0.917199
0.923602
0.930296
0.937181
0.944165
0.951165
0.958108
0.964929
0.971573
0.977990
0.984140
0.989989
0.995511
1.000686
1.005501
1.009950
1.014029
1.017745
1.021106
1.024127
1.026826
1.029226
1.031354
1.033240
1.034917
1.036418
1.037783
1.039049
1.040256
1.041446
1.042658
1.043933
1.045311
1.046830
1.048527
1.050438
1.052593
1.055024
1.057755
1.060809
1.064205
1.067957
1.072074
1.076560
1.081416
1.086635
1.092206
1.098113
1.104333
1.110838
1.117595
1.124565
1.131705
1.138965
1.146291
1.153624
1.160903
1.168061
1.175027
1.181730
1.188095
1.194045
1.199503
1.204392
1.208635
1.212154
1.214877
1.216731
1.217649
1.217568
1.216430
1.214182
1.210779
1.206184
1.200368
1.193310
1.185000
1.175439
1.164638
1.152618
1.139414
1.125072
1.109649
1.093215
1.075849
1.057645
1.038703
1.019134
0.999059
0.978603
0.957897
0.937073
0.916267
0.895608
0.875222
0.855225
0.835717
0.816784
