1.028627
1.036012
1.042035
1.046791
1.050384
1.052917
1.054496
1.055228
1.055224
1.054592
1.053441
1.051882
1.050020
1.047960
1.045804
1.043649
1.041588
1.039710
1.038097
1.036824
1.035961
1.035570
1.035705
1.036412
1.037729
1.039685
1.042302
1.045591
1.049557
1.054193
1.059488
1.065419
1.071957
1.079066
1.086700
1.094810
1.103338
1.112222
1.121394
1.130781
1.140308
1.149895
1.159461
1.168922
1.178195
1.187194
1.195836
1.204037
1.211718
1.218798
1.225204
1.230864
1.235712
1.239687
1.242731
1.244797
1.245840
1.245825
1.244722
1.242511
1.239176
1.234713
1.229123
1.222416
1.214609
1.205727
1.195802
1.184872
1.172984
1.160189
1.146544
1.132111
1.116956
1.101148
1.084761
1.067868
1.050544
1.032865
1.014906
0.996739
0.978436
0.960061
0.941678
0.923344
0.905110
0.887019
0.869109
0.851408
0.833937
0.816707
0.799722
0.782976
0.766456
0.750139
0.733998
0.718000
0.702106
0.686275
0.670469
0.654648
