1.035186
1.038014
1.039088
1.038735
1.037256
1.034926
1.031997
1.028694
1.025221
1.021758
1.018463
1.015474
1.012909
1.010865
1.009423
1.008646
1.008580
1.009259
1.010699
1.012905
1.015869
1.019573
1.023987
1.029075
1.034789
1.041077
1.047879
1.055130
1.062761
1.070700
1.078870
1.087194
1.095593
1.103988
1.112301
1.120453
1.128368
1.135972
1.143193
1.149962
1.156216
1.161892
1.166936
1.171294
1.174921
1.177776
1.179821
1.181028
1.181370
1.180830
1.179394
1.177055
1.173811
1.169665
1.164627
1.158712
1.151938
1.144330
1.135917
1.126731
1.116808
1.106190
1.094919
1.083041
1.070604
1.057657
1.044253
1.030441
1.016276
1.001809
0.987091
0.972174
0.957105
0.941933
0.926701
0.911452
0.896224
0.881052
0.865967
0.850997
0.836162
0.821483
0.806971
0.792636
0.778480
0.764502
0.750697
0.737054
0.723559
0.710194
0.696938
0.683766
0.670654
0.657574
0.644500
0.631407
0.618272
0.605075
0.591804
0.578450
