0.920106
0.926910
0.933763
0.940562
0.947221
0.953667
0.959844
0.965705
0.971219
0.976364
0.981128
0.985509
0.989512
0.993151
0.996445
0.999420
1.002106
1.004537
1.006752
1.008791
1.010697
1.012513
1.014284
1.016055
1.017870
1.019773
1.021806
1.024009
1.026420
1.029075
1.032005
1.035239
1.038804
1.042720
1.047004
1.051671
1.056729
1.062182
1.068030
1.074269
1.080889
1.087876
1.095213
1.102876
1.110839
1.119071
1.127536
1.136196
1.145009
1.153929
1.162908
1.171896
1.180839
1.189681
1.198366
1.206837
1.215033
1.222897
1.230369
1.237389
1.243901
1.249848
1.255175
1.259829
1.263760
1.266921
1.269269
1.270765
1.271371
1.271059
1.269800
1.267576
1.264371
1.260175
1.254986
1.248805
1.241642
1.233513
1.224440
1.214450
1.203580
1.191869
1.179364
1.166119
1.152190
1.137641
1.122537
1.106950
1.090951
1.074618
1.058025
1.041248
1.024361
1.007438
0.990544
0.973743
0.957087
0.940621
0.924379
0.908378
