0.897584
0.903419
0.910068
0.917347
0.925094
0.933159
0.941407
0.949718
0.957986
0.966116
0.974027
0.981648
0.988922
0.995799
1.002241
1.008220
1.013715
1.018716
1.023217
1.027223
1.030744
1.033797
1.036402
1.038588
1.040384
1.041828
1.042957
1.043812
1.044437
1.044876
1.045177
1.045385
1.045547
1.045709
1.045916
1.046210
1.046634
1.047226
1.048021
1.049052
1.050348
1.051933
1.053827
1.056046
1.058599
1.061493
1.064728
1.068297
1.072189
1.076389
1.080874
1.085617
1.090583
1.095736
1.101030
1.106420
1.111851
1.117267
1.122607
1.127808
1.132802
1.137522
1.141896
1.145853
1.149320
1.152226
1.154499
1.156071
1.156875
1.156846
1.155926
1.154060
1.151197
1.147295
1.142317
1.136236
1.129031
1.120690
1.111212
1.100605
1.088888
1.076089
1.062249
1.047420
1.031661
1.015047
0.997659
0.979589
0.960939
0.941816
0.922336
0.902619
0.882787
0.862965
0.843276
0.823837
0.804759
0.786141
0.768069
0.750605
