0.984472
0.984776
0.984119
0.982767
0.980961
0.978916
0.976823
0.974850
0.973144
0.971828
0.971008
0.970769
0.971178
0.972286
0.974126
0.976718
0.980066
0.984164
0.988993
0.994521
1.000711
1.007512
1.014870
1.022722
1.031000
1.039631
1.048537
1.057639
1.066856
1.076104
1.085298
1.094356
1.103195
1.111733
1.119891
1.127593
1.134766
1.141340
1.147249
1.152434
1.156838
1.160410
1.163105
1.164885
1.165714
1.165565
1.164416
1.162253
1.159064
1.154848
1.149606
1.143346
1.136083
1.127835
1.118629
1.108493
1.097462
1.085574
1.072873
1.059405
1.045219
1.030368
1.014908
0.998895
0.982387
0.965445
0.948127
0.930496
0.912609
0.894527
0.876306
0.858003
0.839672
0.821362
0.803123
0.784999
0.767031
0.749255
0.731703
0.714405
0.697381
0.680652
0.664229
0.648122
0.632333
0.616860
0.601698
0.586836
0.572259
0.557949
0.543884
0.530042
0.516396
0.502922
0.489592
0.476383
0.463272
0.450241
0.437279
0.424379
