1.017061
1.018451
1.018120
1.016403
1.013607
1.010012
1.005872
1.001420
0.996860
0.992376
0.988130
0.984262
0.980890
0.978115
0.976019
0.974663
0.974097
0.974351
0.975441
0.977371
0.980131
0.983698
0.988042
0.993119
0.998878
1.005261
1.012203
1.019631
1.027468
1.035635
1.044046
1.052615
1.061255
1.069876
1.078389
1.086705
1.094739
1.102405
1.109621
1.116308
1.122391
1.127799
1.132466
1.136332
1.139340
1.141442
1.142595
1.142761
1.141909
1.140017
1.137068
1.133050
1.127962
1.121805
1.114591
1.106336
1.097062
1.086798
1.075579
1.063445
1.050440
1.036614
1.022022
1.006720
0.990770
0.974234
0.957179
0.939673
0.921782
0.903577
0.885125
0.866495
0.847753
0.828962
0.810186
0.791482
0.772905
0.754505
0.736330
0.718418
0.700806
0.683521
0.666588
0.650022
0.633833
0.618025
0.602595
0.587532
0.572822
0.558444
0.544370
0.530571
0.517013
0.503659
0.490471
0.477412
0.464448
0.451545
0.438679
0.425831
