1.005952
1.007969
1.008614
1.008136
1.006768
1.004721
1.002192
0.999359
0.996385
0.993414
0.990577
0.987990
0.985752
0.983948
0.982653
0.981923
0.981807
0.982337
0.983538
0.985420
0.987986
0.991226
0.995124
0.999653
1.004780
1.010464
1.016657
1.023307
1.030353
1.037734
1.045382
1.053226
1.061193
1.069209
1.077198
1.085082
1.092784
1.100227
1.107337
1.114040
1.120264
1.125940
1.131002
1.135389
1.139042
1.141908
1.143939
1.145090
1.145324
1.144608
1.142915
1.140226
1.136525
1.131805
1.126063
1.119304
1.111538
1.102782
1.093059
1.082395
1.070826
1.058390
1.045130
1.031095
1.016337
1.000912
0.984879
0.968299
0.951238
0.933759
0.915930
0.897817
0.879486
0.861003
0.842433
0.823837
0.805274
0.786800
0.768467
0.750322
0.732408
0.714761
0.697413
0.680389
0.663706
0.647377
0.631406
0.615792
0.600527
0.585595
0.570976
0.556645
0.542571
0.528721
0.515057
0.501543
0.488141
0.474818
0.461544
0.448295
