1.012223
1.014108
1.014450
1.013556
1.011707
1.009161
1.006148
1.002880
0.999543
0.996302
0.993301
0.990667
0.988503
0.986899
0.985924
0.985633
0.986065
0.987244
0.989181
0.991874
0.995311
0.999467
1.004309
1.009794
1.015873
1.022487
1.029572
1.037061
1.044880
1.052951
1.061195
1.069530
1.077873
1.086141
1.094251
1.102119
1.109665
1.116809
1.123477
1.129594
1.135092
1.139904
1.143972
1.147239
1.149655
1.151175
1.151761
1.151380
1.150005
1.147616
1.144199
1.139747
1.134258
1.127739
1.120199
1.111658
1.102139
1.091670
1.080286
1.068026
1.054935
1.041061
1.026457
1.011179
0.995284
0.978835
0.961895
0.944529
0.926801
0.908778
0.890526
0.872109
0.853590
0.835030
0.816488
0.798020
0.779676
0.761506
0.743551
0.725851
0.708437
0.691336
0.674570
0.658153
0.642093
0.626394
0.611050
0.596052
0.581385
0.567026
0.552952
0.539130
0.525530
0.512115
0.498850
0.485699
0.472628
0.459608
0.446616
0.433635
