1.017129
1.014731
1.011998
1.009049
1.005987
1.002903
0.999874
0.996963
0.994225
0.991703
0.989432
0.987440
0.985746
0.984363
0.983300
0.982559
0.982139
0.982036
0.982241
0.982745
0.983535
0.984598
0.985918
0.987480
0.989268
0.991266
0.993457
0.995826
0.998358
1.001037
1.003852
1.006787
1.009834
1.012979
1.016215
1.019534
1.022927
1.026389
1.029916
1.033503
1.037147
1.040847
1.044601
1.048408
1.052269
1.056183
1.060150
1.064171
1.068247
1.072377
1.076560
1.080797
1.085084
1.089420
1.093801
1.098220
1.102674
1.107152
1.111646
1.116144
1.120633
1.125097
1.129520
1.133882
1.138161
1.142333
1.146371
1.150248
1.153931
1.157390
1.160587
1.163487
1.166050
1.168235
1.170000
1.171301
1.172094
1.172333
1.171971
1.170964
1.169264
1.166828
1.163610
1.159569
1.154665
1.148861
1.142124
1.134424
1.125738
1.116047
1.105341
1.093615
1.080874
1.067134
1.052420
1.036769
1.020233
1.002875
0.984778
0.966040
