0.906458
0.912829
0.919327
0.925824
0.932213
0.938405
0.944324
0.949912
0.955125
0.959930
0.964309
0.968253
0.971764
0.974853
0.977538
0.979847
0.981812
0.983471
0.984867
0.986046
0.987057
0.987952
0.988784
0.989606
0.990472
0.991434
0.992545
0.993853
0.995407
0.997251
0.999425
1.001969
1.004914
1.008291
1.012123
1.016430
1.021226
1.026521
1.032317
1.038613
1.045401
1.052668
1.060396
1.068560
1.077132
1.086076
1.095354
1.104922
1.114731
1.124728
1.134858
1.145059
1.155271
1.165426
1.175457
1.185296
1.194870
1.204110
1.212942
1.221297
1.229103
1.236291
1.242794
1.248547
1.253490
1.257563
1.260712
1.262889
1.264049
1.264152
1.263168
1.261068
1.257834
1.253453
1.247920
1.241239
1.233420
1.224482
1.214451
1.203363
1.191260
1.178193
1.164220
1.149408
1.133827
1.117557
1.100681
1.083288
1.065471
1.047324
1.028945
1.010428
0.991871
0.973364
0.954995
0.936843
0.918979
0.901462
0.884335
0.867626
