0.962005
0.960698
0.960039
0.959957
0.960385
0.961261
0.962530
0.964140
0.966046
0.968205
0.970583
0.973145
0.975864
0.978717
0.981685
0.984750
0.987902
0.991131
0.994433
0.997805
1.001248
1.004764
1.008360
1.012043
1.015822
1.019708
1.023713
1.027850
1.032133
1.036576
1.041193
1.045997
1.051002
1.056221
1.061665
1.067345
1.073268
1.079442
1.085871
1.092558
1.099503
1.106702
1.114150
1.121838
1.129756
1.137887
1.146214
1.154714
1.163365
1.172136
1.180997
1.189913
1.198846
1.207756
1.216599
1.225329
1.233898
1.242256
1.250349
1.258123
1.265525
1.272498
1.278985
1.284930
1.290279
1.294975
1.298965
1.302198
1.304625
1.306200
1.306878
1.306623
1.305399
1.303176
1.299930
1.295643
1.290304
1.283905
1.276450
1.267946
1.258410
1.247866
1.236347
1.223891
1.210546
1.196368
1.181418
1.165766
1.149488
1.132663
1.115379
1.097725
1.079794
1.061677
1.043469
1.025259
1.007133
0.989170
0.971438
0.953995
