0.991376
0.993754
0.995981
0.997948
0.999574
1.000801
1.001591
1.001928
1.001817
1.001277
1.000347
0.999077
0.997529
0.995779
0.993907
0.992004
0.990163
0.988481
0.987058
0.985993
0.985382
0.985321
0.985900
0.987203
0.989309
0.992288
0.996202
1.001104
1.007037
1.014033
1.022115
1.031293
1.041566
1.052924
1.065343
1.078789
1.093219
1.108578
1.124801
1.141815
1.159539
1.177881
1.196746
1.216030
1.235626
1.255420
1.275297
1.295138
1.314825
1.334236
1.353254
1.371761
1.389643
1.406787
1.423090
1.438449
1.452770
1.465967
1.477961
1.488680
1.498064
1.506060
1.512627
1.517733
1.521357
1.523489
1.524129
1.523289
1.520988
1.517259
1.512143
1.505688
1.497954
1.489007
1.478920
1.467771
1.455645
1.442630
1.428817
1.414297
1.399165
1.383511
1.367426
1.350996
1.334303
1.317422
1.300423
1.283366
1.266302
1.249273
1.232310
1.215432
1.198646
1.181949
1.165326
1.148751
1.132188
1.115591
1.098909
1.082086
