0.974019
0.975515
0.976894
0.978241
0.979625
0.981105
0.982730
0.984535
0.986548
0.988785
0.991255
0.993959
0.996891
1.000039
1.003388
1.006914
1.010595
1.014404
1.018313
1.022292
1.026312
1.030343
1.034358
1.038331
1.042237
1.046054
1.049762
1.053347
1.056793
1.060093
1.063240
1.066230
1.069065
1.071749
1.074288
1.076693
1.078976
1.081152
1.083239
1.085255
1.087219
1.089154
1.091079
1.093016
1.094985
1.097007
1.099099
1.101277
1.103555
1.105945
1.108455
1.111088
1.113847
1.116727
1.119721
1.122816
1.125996
1.129239
1.132519
1.135804
1.139059
1.142244
1.145314
1.148220
1.150911
1.153332
1.155424
1.157127
1.158381
1.159123
1.159291
1.158822
1.157657
1.155738
1.153011
1.149424
1.144932
1.139496
1.133083
1.125667
1.117231
1.107769
1.097281
1.085782
1.073293
1.059851
1.045502
1.030303
1.014324
0.997644
0.980355
0.962557
0.944356
0.925868
0.907211
0.888507
0.869877
0.851436
0.833295
0.815551
