0.980055
0.973982
0.968371
0.963348
0.959012
0.955440
0.952688
0.950790
0.949763
0.949606
0.950306
0.951832
0.954146
0.957197
0.960926
0.965270
0.970157
0.975513
0.981264
0.987330
0.993635
1.000104
1.006662
1.013240
1.019771
1.026194
1.032451
1.038494
1.044278
1.049765
1.054924
1.059731
1.064170
1.068229
1.071904
1.075198
1.078119
1.080681
1.082903
1.084808
1.086425
1.087784
1.088919
1.089867
1.090665
1.091351
1.091965
1.092543
1.093123
1.093738
1.094422
1.095202
1.096104
1.097148
1.098350
1.099719
1.101261
1.102975
1.104853
1.106881
1.109039
1.111300
1.113632
1.115995
1.118344
1.120629
1.122793
1.124778
1.126517
1.127945
1.128990
1.129581
1.129646
1.129111
1.127906
1.125962
1.123213
1.119598
1.115061
1.109554
1.103035
1.095472
1.086842
1.077134
1.066347
1.054495
1.041601
1.027704
1.012857
0.997125
0.980586
0.963332
0.945465
0.927100
0.908360
0.889373
0.870275
0.851200
0.832283
0.813648
