0.986135
0.983620
0.981990
0.981203
0.981211
0.981962
0.983401
0.985471
0.988112
0.991263
0.994862
0.998845
1.003153
1.007722
1.012495
1.017412
1.022421
1.027468
1.032506
1.037490
1.042378
1.047136
1.051731
1.056136
1.060329
1.064292
1.068013
1.071485
1.074703
1.077669
1.080387
1.082869
1.085126
1.087175
1.089036
1.090730
1.092282
1.093717
1.095063
1.096348
1.097600
1.098848
1.100118
1.101438
1.102832
1.104323
1.105932
1.107676
1.109569
1.111621
1.113839
1.116227
1.118780
1.121493
1.124354
1.127347
1.130449
1.133636
1.136874
1.140128
1.143359
1.146520
1.149563
1.152435
1.155082
1.157445
1.159464
1.161076
1.162219
1.162829
1.162846
1.162207
1.160853
1.158729
1.155782
1.151965
1.147234
1.141555
1.134897
1.127241
1.118572
1.108889
1.098196
1.086510
1.073859
1.060280
1.045822
1.030544
1.014517
0.997820
0.980543
0.962785
0.944650
0.926249
0.907695
0.889106
0.870595
0.852273
0.834241
0.816589
