0.994587
0.993462
0.993158
0.993632
0.994840
0.996732
0.999257
1.002358
1.005978
1.010058
1.014539
1.019362
1.024467
1.029796
1.035294
1.040904
1.046578
1.052265
1.057921
1.063506
1.068982
1.074317
1.079484
1.084460
1.089225
1.093768
1.098080
1.102156
1.105997
1.109610
1.113002
1.116188
1.119185
1.122012
1.124693
1.127254
1.129721
1.132125
1.134495
1.136863
1.139259
1.141715
1.144260
1.146923
1.149731
1.152708
1.155875
1.159252
1.162854
1.166691
1.170770
1.175094
1.179659
1.184459
1.189481
1.194707
1.200113
1.205671
1.211347
1.217102
1.222893
1.228671
1.234382
1.239971
1.245376
1.250535
1.255380
1.259845
1.263860
1.267356
1.270261
1.272509
1.274032
1.274765
1.274648
1.273624
1.271642
1.268656
1.264627
1.259526
1.253329
1.246024
1.237606
1.228082
1.217471
1.205800
1.193111
1.179453
1.164891
1.149496
1.133354
1.116556
1.099205
1.081409
1.063283
1.044943
1.026507
1.008092
0.989809
0.971759
