0.981675
0.981038
0.980811
0.981036
0.981745
0.982955
0.984675
0.986905
0.989633
0.992844
0.996511
1.000605
1.005090
1.009926
1.015070
1.020478
1.026103
1.031899
1.037819
1.043817
1.049850
1.055876
1.061855
1.067754
1.073538
1.079181
1.084658
1.089951
1.095045
1.099928
1.104596
1.109048
1.113286
1.117318
1.121155
1.124812
1.128308
1.131662
1.134898
1.138043
1.141122
1.144163
1.147196
1.150247
1.153346
1.156518
1.159789
1.163181
1.166715
1.170408
1.174274
1.178322
1.182557
1.186981
1.191589
1.196372
1.201316
1.206400
1.211598
1.216881
1.222212
1.227550
1.232848
1.238055
1.243115
1.247971
1.252558
1.256811
1.260664
1.264047
1.266889
1.269122
1.270676
1.271484
1.271482
1.270609
1.268809
1.266032
1.262232
1.257374
1.251428
1.244376
1.236208
1.226925
1.216540
1.205075
1.192568
1.179065
1.164628
1.149327
1.133245
1.116478
1.099127
1.081304
1.063128
1.044720
1.026204
1.007704
0.989336
0.971211
