0.962977
0.959523
0.956164
0.953057
0.950331
0.948093
0.946425
0.945388
0.945021
0.945349
0.946375
0.948091
0.950473
0.953487
0.957088
0.961223
0.965834
0.970855
0.976219
0.981857
0.987697
0.993669
0.999704
1.005737
1.011705
1.017548
1.023215
1.028658
1.033835
1.038710
1.043256
1.047450
1.051279
1.054733
1.057812
1.060521
1.062871
1.064880
1.066569
1.067965
1.069099
1.070007
1.070725
1.071294
1.071753
1.072146
1.072512
1.072894
1.073329
1.073856
1.074507
1.075313
1.076299
1.077487
1.078892
1.080523
1.082385
1.084473
1.086777
1.089281
1.091959
1.094782
1.097710
1.100699
1.103698
1.106648
1.109486
1.112146
1.114554
1.116635
1.118310
1.119499
1.120122
1.120099
1.119349
1.117798
1.115373
1.112007
1.107640
1.102219
1.095699
1.088047
1.079241
1.069269
1.058134
1.045852
1.032455
1.017988
1.002511
0.986102
0.968849
0.950858
0.932245
0.913139
0.893679
0.874010
0.854280
0.834640
0.815236
0.796206
