0.885086
0.908604
0.930866
0.951583
0.970522
0.987505
1.002402
1.015131
1.025650
1.033958
1.040089
1.044107
1.046107
1.046204
1.044539
1.041266
1.036556
1.030591
1.023560
1.015660
1.007088
0.998042
0.988720
0.979311
0.970003
0.960973
0.952388
0.944405
0.937167
0.930806
0.925438
0.921162
0.918064
0.916213
0.915660
0.916442
0.918578
0.922071
0.926910
0.933064
0.940493
0.949140
0.958935
0.969796
0.981629
0.994333
1.007795
1.021894
1.036506
1.051497
1.066734
1.082078
1.097390
1.112531
1.127364
1.141754
1.155570
1.168686
1.180984
1.192350
1.202681
1.211883
1.219871
1.226571
1.231921
1.235871
1.238384
1.239432
1.239005
1.237103
1.233738
1.228936
1.222736
1.215185
1.206346
1.196289
1.185094
1.172851
1.159655
1.145610
1.130822
1.115404
1.099467
1.083127
1.066496
1.049685
1.032799
1.015939
0.999198
0.982660
0.966398
0.950473
0.934934
0.919814
0.905132
0.890889
0.877070
0.863644
0.850560
0.837754
