0.944550
0.961446
0.976578
0.989875
1.001299
1.010841
1.018519
1.024373
1.028468
1.030888
1.031734
1.031122
1.029182
1.026054
1.021887
1.016834
1.011053
1.004707
0.997954
0.990954
0.983863
0.976831
0.970003
0.963514
0.957492
0.952056
0.947312
0.943355
0.940268
0.938121
0.936972
0.936864
0.937828
0.939880
0.943025
0.947252
0.952540
0.958855
0.966151
0.974370
0.983446
0.993303
1.003855
1.015009
1.026666
1.038721
1.051065
1.063584
1.076164
1.088687
1.101036
1.113096
1.124752
1.135893
1.146414
1.156210
1.165187
1.173255
1.180332
1.186345
1.191228
1.194927
1.197396
1.198600
1.198513
1.197123
1.194425
1.190428
1.185148
1.178613
1.170863
1.161944
1.151912
1.140831
1.128773
1.115817
1.102045
1.087546
1.072411
1.056734
1.040608
1.024129
1.007388
0.990476
0.973478
0.956474
0.939538
0.922735
0.906122
0.889746
0.873644
0.857840
0.842349
0.827172
0.812298
0.797706
0.783362
0.769223
0.755237
0.741348
