0.884287
0.902209
0.919559
0.936077
0.951547
0.965794
0.978680
0.990105
1.000001
1.008330
1.015082
1.020273
1.023942
1.026147
1.026965
1.026487
1.024817
1.022072
1.018376
1.013861
1.008661
1.002917
0.996768
0.990353
0.983811
0.977275
0.970876
0.964737
0.958976
0.953701
0.949013
0.945004
0.941753
0.939333
0.937801
0.937208
0.937590
0.938972
0.941370
0.944784
0.949208
0.954621
0.960994
0.968288
0.976451
0.985426
0.995145
1.005534
1.016510
1.027986
1.039868
1.052057
1.064452
1.076948
1.089438
1.101814
1.113969
1.125795
1.137187
1.148043
1.158262
1.167750
1.176417
1.184179
1.190958
1.196683
1.201293
1.204734
1.206960
1.207935
1.207634
1.206040
1.203147
1.198960
1.193492
1.186769
1.178825
1.169705
1.159462
1.148159
1.135867
1.122665
1.108637
1.093875
1.078477
1.062541
1.046172
1.029473
1.012550
0.995504
0.978437
0.961443
0.944612
0.928023
0.911749
0.895846
0.880360
0.865318
0.850731
0.836588
