0.951772
0.968224
0.982949
0.995858
1.006895
1.016035
1.023285
1.028678
1.032271
1.034146
1.034402
1.033158
1.030547
1.026713
1.021811
1.016004
1.009457
1.002342
0.994828
0.987086
0.979282
0.971575
0.964121
0.957067
0.950548
0.944692
0.939612
0.935411
0.932178
0.929986
0.928898
0.928959
0.930200
0.932638
0.936276
0.941102
0.947089
0.954199
0.962381
0.971570
0.981693
0.992663
1.004387
1.016763
1.029681
1.043026
1.056678
1.070513
1.084404
1.098226
1.111851
1.125154
1.138011
1.150302
1.161914
1.172738
1.182670
1.191618
1.199495
1.206225
1.211742
1.215990
1.218924
1.220511
1.220729
1.219568
1.217031
1.213130
1.207891
1.201351
1.193554
1.184559
1.174430
1.163243
1.151078
1.138024
1.124174
1.109626
1.094480
1.078837
1.062799
1.046467
1.029937
1.013302
0.996651
0.980062
0.963608
0.947350
0.931341
0.915618
0.900210
0.885130
0.870379
0.855945
0.841801
0.827910
0.814222
0.800678
0.787210
0.773748
