1.062302
1.065214
1.064751
1.061400
1.055619
1.047838
1.038457
1.027852
1.016371
1.004335
0.992041
0.979760
0.967738
0.956197
0.945335
0.935328
0.926329
0.918468
0.911854
0.906577
0.902705
0.900289
0.899361
0.899934
0.902006
0.905560
0.910563
0.916968
0.924715
0.933736
0.943947
0.955257
0.967568
0.980771
0.994753
1.009397
1.024578
1.040171
1.056048
1.072081
1.088140
1.104098
1.119830
1.135214
1.150130
1.164466
1.178114
1.190972
1.202945
1.213948
1.223901
1.232735
1.240391
1.246816
1.251972
1.255826
1.258358
1.259559
1.259427
1.257974
1.255218
1.251190
1.245926
1.239476
1.231893
1.223240
1.213586
1.203008
1.191585
1.179402
1.166546
1.153109
1.139180
1.124853
1.110217
1.095360
1.080368
1.065322
1.050297
1.035363
1.020580
1.006003
0.991675
0.977630
0.963893
0.950477
0.937381
0.924598
0.912105
0.899872
0.887854
0.876001
0.864253
0.852543
0.840799
0.828949
0.816918
0.804638
0.792046
0.779093
