0.943623
0.960929
0.976435
0.990051
1.001724
1.011431
1.019181
1.025009
1.028976
1.031166
1.031682
1.030646
1.028193
1.024471
1.019638
1.013861
1.007308
1.000154
0.992572
0.984733
0.976808
0.968960
0.961346
0.954114
0.947405
0.941347
0.936055
0.931636
0.928178
0.925759
0.924442
0.924273
0.925285
0.927498
0.930913
0.935521
0.941296
0.948201
0.956184
0.965183
0.975122
0.985919
0.997478
1.009698
1.022469
1.035675
1.049198
1.062912
1.076691
1.090408
1.103935
1.117146
1.129918
1.142129
1.153664
1.164414
1.174275
1.183153
1.190959
1.197618
1.203060
1.207230
1.210080
1.211578
1.211699
1.210432
1.207779
1.203751
1.198373
1.191679
1.183715
1.174536
1.164209
1.152805
1.140406
1.127100
1.112981
1.098144
1.082691
1.066724
1.050344
1.033653
1.016748
0.999725
0.982670
0.965667
0.948789
0.932099
0.915652
0.899489
0.883641
0.868123
0.852940
0.838083
0.823528
0.809242
0.795177
0.781278
0.767482
0.753718
