0.888968
0.907994
0.926180
0.943281
0.959095
0.973463
0.986267
0.997425
1.006889
1.014642
1.020698
1.025092
1.027886
1.029160
1.029011
1.027553
1.024911
1.021220
1.016621
1.011264
1.005299
0.998879
0.992156
0.985280
0.978397
0.971647
0.965165
0.959077
0.953500
0.948542
0.944299
0.940858
0.938292
0.936663
0.936019
0.936398
0.937824
0.940306
0.943845
0.948426
0.954024
0.960603
0.968115
0.976503
0.985698
0.995626
1.006202
1.017336
1.028929
1.040881
1.053084
1.065429
1.077804
1.090094
1.102188
1.113972
1.125336
1.136171
1.146373
1.155843
1.164486
1.172213
1.178945
1.184608
1.189137
1.192477
1.194579
1.195409
1.194940
1.193154
1.190047
1.185623
1.179898
1.172896
1.164653
1.155216
1.144637
1.132980
1.120317
1.106726
1.092290
1.077102
1.061255
1.044847
1.027979
1.010753
0.993267
0.975623
0.957915
0.940236
0.922670
0.905296
0.888182
0.871388
0.854960
0.838931
0.823323
0.808138
0.793365
0.778973
