0.942162
0.959296
0.974670
0.988200
0.999833
1.009550
1.017357
1.023290
1.027407
1.029788
1.030533
1.029758
1.027593
1.024181
1.019674
1.014231
1.008016
1.001196
0.993938
0.986410
0.978775
0.971192
0.963814
0.956786
0.950246
0.944319
0.939120
0.934754
0.931311
0.928870
0.927493
0.927233
0.928124
0.930190
0.933439
0.937865
0.943451
0.950163
0.957959
0.966783
0.976568
0.987237
0.998705
1.010876
1.023651
1.036919
1.050570
1.064485
1.078545
1.092629
1.106613
1.120376
1.133799
1.146764
1.159158
1.170871
1.181802
1.191854
1.200939
1.208976
1.215893
1.221631
1.226135
1.229367
1.231294
1.231898
1.231170
1.229113
1.225740
1.221076
1.215155
1.208022
1.199730
1.190341
1.179925
1.168559
1.156326
1.143312
1.129610
1.115313
1.100516
1.085314
1.069800
1.054065
1.038197
1.022276
1.006377
0.990569
0.974908
0.959443
0.944211
0.929240
0.914542
0.900119
0.885962
0.872048
0.858344
0.844805
0.831379
0.818007
