0.997998
0.990456
0.982879
0.975556
0.968728
0.962594
0.957310
0.952994
0.949729
0.947567
0.946527
0.946606
0.947774
0.949983
0.953167
0.957245
0.962125
0.967705
0.973877
0.980528
0.987542
0.994805
1.002202
1.009624
1.016966
1.024129
1.031022
1.037563
1.043679
1.049307
1.054397
1.058907
1.062809
1.066085
1.068729
1.070747
1.072155
1.072979
1.073255
1.073030
1.072356
1.071297
1.069918
1.068295
1.066505
1.064629
1.062752
1.060957
1.059330
1.057954
1.056910
1.056276
1.056124
1.056521
1.057529
1.059200
1.061578
1.064698
1.068586
1.073257
1.078714
1.084949
1.091944
1.099667
1.108076
1.117117
1.126724
1.136820
1.147320
1.158126
1.169135
1.180232
1.191298
1.202208
1.212833
1.223040
1.232695
1.241666
1.249820
1.257032
1.263178
1.268144
1.271825
1.274126
1.274966
1.274277
1.272009
1.268128
1.262619
1.255488
1.246761
1.236486
1.224733
1.211595
1.197186
1.181640
1.165112
1.147775
1.129817
1.111439
