-0.000369
0.000100
-0.001214
0.003198
-0.004947
0.001462
0.008928
0.005846
0.006813
0.007297
0.017375
0.005891
0.004833
0.006133
0.003095
0.000661
-0.000820
-0.010661
-0.000399
-0.001169
-0.001169
0.003063
-0.001169
-0.003785
0.002382
-0.000792
-0.001004
-0.001004
-0.000807
0.002275
-0.000655
-0.001109
-0.000912
-0.001229
-0.001169
-0.000309
-0.001169
0.003063
-0.001169
-0.004902
-0.000399
-0.001321
-0.000655
-0.001094
0.001671
-0.000037
0.000023
-0.001186
0.001671
-0.001139
-0.000443
-0.000384
-0.001094
-0.001169
-0.000142
-0.002197
-0.001169
-0.001169
-0.001094
0.002836
-0.004147
-0.000655
0.002412
-0.001049
-0.000900
-0.001004
-0.000082
-0.000837
0.001370
-0.003648
0.002397
-0.004902
-0.001169
0.003063
-0.001169
0.003078
-0.004556
-0.001229
0.002110
-0.003663
0.001385
-0.000067
-0.000945
-0.001004
-0.000037
-0.001049
0.001626
-0.000655
-0.001034
-0.000202
-0.002710
-0.006050
-0.013698
-0.004992
-0.003346
-0.000157
-0.001381
0.004619
0.009138
0.003153
