0.001446
0.003022
-0.000427
-0.001308
0.000014
-0.001130
-0.017497
-0.003396
0.003585
0.004895
0.007527
0.006934
0.007243
0.014631
0.006912
0.003729
0.001228
0.002703
-0.001051
-0.008752
0.002241
-0.003950
0.002241
-0.003906
-0.000305
0.001634
-0.000492
-0.000680
0.000311
-0.000396
-0.000911
0.002966
-0.003212
0.002053
-0.003740
0.003153
-0.000855
-0.000855
0.000071
0.002328
-0.003784
-0.000911
-0.000348
-0.000745
0.001953
0.000311
-0.000549
-0.000758
0.002966
-0.000745
-0.000348
-0.000767
-0.000811
-0.000073
-0.000623
-0.001086
-0.000623
-0.000855
-0.000977
-0.000601
-0.000182
-0.000601
0.002097
-0.000811
0.000124
-0.004160
0.002018
0.000399
0.003009
-0.003312
0.001809
-0.003190
0.002075
0.000093
-0.000877
-0.000601
-0.000977
0.000158
-0.001614
0.000136
-0.000920
0.002162
-0.003291
0.002018
0.000399
0.003009
-0.003312
-0.001418
0.002481
-0.000811
-0.003256
-0.000855
-0.001051
-0.019073
-0.005172
0.003219
0.003088
-0.001208
0.000852
0.008925
