0.001379
0.002857
0.001037
-0.003381
-0.005639
-0.008401
-0.000163
0.002079
0.012752
0.012297
0.006254
0.006254
-0.006061
-0.002146
-0.000571
0.003832
-0.003999
-0.000441
0.002728
-0.000489
-0.000506
-0.003040
-0.000408
0.003296
0.000062
0.003799
-0.003966
0.000696
0.002159
-0.003170
0.002760
-0.003901
0.003865
-0.000489
-0.000571
0.000404
0.002857
-0.000506
-0.003040
-0.000294
0.003572
-0.000116
0.003702
-0.003219
-0.000165
0.002711
-0.000554
-0.000327
0.000290
-0.000327
-0.000571
-0.000571
-0.000571
-0.000489
-0.000571
-0.000571
0.000404
-0.001302
0.003621
-0.004404
0.000161
0.000047
0.002159
-0.000408
0.001037
-0.000214
-0.000100
-0.000035
0.003198
-0.003040
0.002516
0.000502
-0.001399
0.000616
-0.000571
-0.000294
-0.000603
0.000437
0.000047
-0.000392
0.002500
0.000794
-0.000116
0.000761
0.002500
-0.000408
-0.000392
0.000047
0.000161
-0.001026
-0.000700
-0.006338
-0.008060
-0.016720
-0.008157
-0.003949
-0.000035
0.000843
0.004840
0.009064
