0.000276
-0.000689
0.000276
0.013275
0.000390
-0.000546
0.004435
-0.001085
-0.007018
-0.005829
-0.018695
-0.007161
-0.002960
-0.000689
0.002405
-0.003129
-0.000546
0.002306
0.000631
0.003556
-0.004065
0.000292
0.002703
-0.000575
-0.000419
0.000276
-0.000689
-0.000590
0.003639
-0.000689
-0.004052
0.002674
-0.000632
-0.000276
0.000504
-0.000375
0.000745
-0.001212
0.000533
0.001980
-0.000092
0.000035
-0.004534
-0.000689
0.003668
-0.000590
0.000390
-0.000689
-0.006124
0.003668
-0.000689
-0.000419
-0.000717
0.000304
-0.000590
0.002519
0.000533
-0.000460
-0.000048
-0.000105
0.000504
-0.000546
-0.000632
-0.000590
0.003369
-0.001498
0.000390
-0.000689
0.000390
-0.001498
0.003398
-0.003243
0.002021
-0.000546
-0.000219
0.000704
0.000675
-0.000460
-0.000276
0.002490
-0.000774
0.000488
-0.000717
-0.000419
-0.000689
0.003639
-0.006904
-0.009516
0.005410
0.009271
0.009924
0.012323
0.006361
0.000853
-0.009687
-0.001399
-0.003072
0.007116
-0.000064
-0.000235
