0.000906
0.010907
0.004536
0.002981
-0.003364
-0.000987
-0.006854
-0.009048
-0.003819
-0.000693
0.003030
-0.000806
-0.003821
0.002161
0.000221
-0.001425
0.000357
-0.000489
0.002981
-0.004072
0.002686
-0.003273
0.002367
-0.000897
-0.004004
0.003281
-0.000806
-0.000921
-0.000578
0.000198
-0.000899
-0.000304
-0.000693
0.002822
-0.000557
-0.000489
-0.000695
0.002983
-0.003136
0.002046
-0.000874
0.000198
-0.000944
-0.000555
-0.000806
-0.000008
-0.002724
0.000198
-0.000921
0.003281
-0.003979
-0.001355
-0.000806
0.002824
-0.003273
0.002686
-0.001401
0.000310
-0.000489
-0.000557
0.002822
-0.003113
0.002161
-0.003821
0.002254
-0.000806
0.000083
-0.000806
-0.000555
-0.000259
-0.000555
0.002116
-0.000831
-0.000464
0.000379
-0.000627
0.003028
-0.003228
-0.000512
0.001659
-0.000259
-0.003798
-0.000806
0.003030
-0.000921
-0.000578
-0.000806
-0.009871
0.003215
0.003991
0.002871
0.016112
0.007483
0.001068
-0.000551
-0.005484
0.000336
0.000311
0.003120
-0.000030
