0.018095
0.004796
0.004114
0.004555
0.003064
0.000010
-0.004031
-0.002247
-0.000715
-0.000956
-0.000694
0.003054
-0.003454
0.001626
-0.003423
0.003043
-0.000725
0.003001
-0.000851
-0.000914
-0.003475
0.002287
-0.000872
-0.000956
0.000010
-0.000956
0.000094
-0.000956
0.002130
-0.000956
-0.003979
0.002151
-0.000589
-0.003528
0.003043
-0.000484
0.000198
0.002172
-0.001019
-0.003958
0.003337
0.000010
-0.001009
-0.003297
0.000094
-0.000715
-0.000956
0.003337
-0.004200
-0.000715
0.002067
-0.000851
0.000503
-0.000725
-0.000725
-0.000526
0.000114
0.001951
-0.000610
-0.004262
0.003316
-0.001198
-0.000715
-0.000956
-0.000956
0.000010
-0.001418
0.002854
-0.000914
-0.003412
0.002759
-0.000579
-0.000463
0.002717
-0.000851
-0.000389
-0.000232
-0.001502
0.000094
-0.002793
-0.006204
-0.010235
-0.006372
-0.004084
-0.000725
-0.001187
-0.004987
-0.000872
0.008459
0.009687
0.000818
-0.000956
0.003316
-0.003979
0.003809
-0.004787
-0.008303
0.005279
0.009037
0.006392
