0.000036
0.000120
0.003105
0.000225
0.004818
-0.004386
-0.009379
-0.003305
0.005243
0.006323
0.004419
0.022045
0.004039
0.006512
0.001264
0.001180
-0.000979
-0.011688
-0.007391
0.003444
-0.000832
-0.001149
-0.001149
0.000354
-0.002038
0.005051
-0.002272
-0.000874
0.001791
0.002596
-0.000832
-0.000260
-0.006080
0.002893
-0.000260
-0.000853
-0.000958
-0.001149
-0.001149
0.004057
-0.005086
-0.000832
0.003719
-0.000769
0.002701
-0.004005
0.000183
0.002914
0.000036
-0.001149
-0.001149
-0.001149
-0.001149
-0.001149
0.004291
-0.010271
0.002809
-0.001149
-0.001149
-0.000853
0.003782
0.000120
-0.005340
0.003866
0.000225
0.002321
-0.004113
-0.001149
-0.001149
0.003761
-0.000853
-0.001149
-0.000958
-0.001149
0.000036
-0.001065
-0.000916
0.002596
-0.004790
0.003824
0.003929
-0.005149
0.003252
0.000713
-0.000853
-0.000853
-0.000260
-0.002652
-0.010418
-0.005463
-0.001952
0.001390
-0.005700
-0.002017
-0.003688
0.000417
0.012057
0.000926
0.007887
0.001201
