0.000021
-0.000326
0.000139
-0.000284
0.000885
-0.000215
-0.001742
0.007206
-0.006988
0.000823
-0.001179
0.000854
-0.001280
-0.002036
-0.001398
-0.001454
0.000406
-0.000208
0.001405
0.001363
-0.001381
-0.002647
-0.001142
-0.001998
-0.000159
-0.001960
0.008539
-0.004505
-0.000541
-0.000309
0.001259
-0.001912
0.000152
0.000854
-0.000184
-0.000652
0.001756
0.004507
-0.000371
-0.000458
0.003605
-0.002012
-0.000916
-0.001096
0.000948
-0.001287
-0.001401
0.001242
0.003758
-0.001436
-0.000642
-0.000815
-0.000354
-0.000527
-0.001426
-0.000009
-0.001807
-0.000569
0.004243
0.001995
-0.006096
0.001690
-0.000545
0.000042
-0.000586
-0.000173
-0.000226
0.008042
0.002029
0.000139
-0.000673
-0.001912
0.000888
-0.005575
0.001610
0.005610
0.003060
-0.003168
-0.001926
-0.000656
-0.000600
-0.001384
-0.000433
-0.001499
-0.000482
0.004000
-0.000271
-0.001797
-0.000190
-0.000333
-0.001971
0.003463
-0.000302
-0.003115
0.005617
0.002519
-0.000184
-0.000049
-0.000340
-0.000555
