-0.000034
0.001292
-0.001704
-0.000351
-0.000006
0.000683
-0.000175
0.000300
-0.000064
0.001367
-0.001543
0.000917
-0.001460
-0.004943
-0.000409
0.000367
0.000967
-0.000020
-0.000223
0.000136
0.001720
0.001362
-0.005540
-0.000706
-0.000262
0.000203
0.000989
0.000022
-0.000378
-0.000011
-0.000768
0.000319
-0.000359
-0.000281
0.000867
0.000781
0.006246
-0.000217
-0.002889
0.000169
0.002813
-0.001223
-0.000437
-0.000381
-0.000073
-0.001821
0.000197
-0.000037
0.002818
0.001114
-0.002374
-0.000484
-0.000823
-0.000401
-0.000576
-0.001215
-0.000320
-0.003089
0.001876
0.002857
0.002023
-0.004045
0.000973
-0.000662
-0.001649
-0.001921
0.001857
0.009323
0.001103
-0.001640
-0.000656
-0.003058
-0.000768
0.003513
0.002793
0.000853
-0.001966
-0.000929
-0.000640
-0.001613
0.000859
-0.001918
-0.002107
0.000136
0.004225
-0.000718
-0.001938
-0.000206
-0.000495
-0.001635
0.003124
-0.000506
-0.001385
-0.001337
0.006085
0.001331
-0.000089
-0.000401
-0.000378
-0.000323
