0.000003
-0.000345
0.000124
0.000933
-0.000244
-0.001384
0.001054
-0.000244
0.000199
-0.000072
-0.000377
-0.000020
0.000481
0.000014
0.000115
-0.000029
-0.001968
-0.000109
-0.000388
0.001131
-0.002394
-0.001585
-0.000322
-0.000287
0.000875
-0.000463
-0.001343
-0.000166
-0.000336
0.001365
-0.000345
-0.002046
0.001336
-0.000345
-0.000365
-0.000345
-0.000253
0.000274
-0.000201
0.001174
-0.000426
0.009540
0.001747
-0.000345
-0.002465
-0.000308
-0.001671
-0.002072
0.003911
-0.001196
-0.000287
-0.001654
0.001226
0.000300
-0.000733
-0.000402
-0.001882
-0.000069
-0.001355
-0.000627
-0.000422
-0.004471
0.002286
0.006449
-0.001110
-0.000031
-0.000926
-0.002351
0.007301
-0.002791
-0.001001
0.000352
0.002003
-0.000379
-0.003433
-0.000699
0.002253
0.000771
0.000556
-0.000776
0.000153
-0.000776
-0.000414
-0.001519
0.000515
-0.002158
0.000677
-0.001245
0.001347
-0.001611
-0.000244
-0.001053
0.000024
0.000679
-0.000532
-0.000259
-0.000414
0.004591
0.003356
0.000967
