0.002392
0.000745
-0.000063
0.000423
0.000185
-0.000818
0.001270
-0.001536
0.000737
-0.000414
-0.001327
0.000072
0.000623
-0.001997
0.001759
-0.000908
0.000024
-0.000623
-0.000931
-0.001109
0.001788
-0.001194
0.000004
-0.000595
-0.002183
0.000038
-0.000510
-0.001465
0.001141
-0.001132
-0.001171
0.000437
0.000375
0.000194
-0.000100
0.000827
-0.001061
-0.000857
0.002357
-0.000219
0.001104
-0.000513
-0.000651
0.006393
0.004879
-0.000591
-0.001199
-0.000738
0.000728
-0.003932
0.003941
-0.001352
0.000855
-0.002440
0.003743
-0.001871
-0.000258
-0.001717
-0.000352
-0.000081
-0.003206
-0.000809
-0.002951
-0.000494
0.007419
0.001531
-0.000600
-0.000538
-0.002949
0.008527
-0.002497
0.000162
-0.002559
0.002506
-0.000775
-0.002635
-0.001694
0.001736
-0.001703
0.002896
-0.001465
0.001802
-0.001598
-0.001313
-0.002146
-0.000213
-0.000290
0.000338
-0.002929
0.002550
-0.000713
-0.001013
-0.000823
-0.000128
0.002197
-0.001555
0.000052
-0.001451
-0.000476
0.006677
