0.002719
-0.000083
-0.001655
0.001896
-0.001057
0.002465
-0.000969
-0.001083
0.001973
-0.001500
-0.003483
0.001690
0.003672
-0.002196
0.000258
-0.001653
0.000883
-0.000130
-0.000361
-0.001506
-0.000426
-0.002092
-0.005100
0.004083
0.002374
-0.001812
-0.003264
-0.001145
0.000001
0.000642
-0.002848
0.001059
0.001010
-0.002486
0.007052
-0.004036
-0.001510
0.000773
-0.000028
0.000444
0.000740
-0.000510
-0.001610
0.001052
0.001732
0.010903
-0.001353
0.000460
0.000828
-0.003932
-0.001773
0.007764
-0.003687
0.000975
-0.002037
-0.000744
-0.001796
-0.000097
0.003878
-0.000832
-0.001796
-0.004124
0.003086
-0.000158
0.003074
-0.003232
-0.000699
-0.002952
0.006586
-0.002421
0.000489
-0.002782
0.000434
-0.002688
0.007254
-0.001692
-0.000657
-0.003636
0.003923
0.006964
-0.005529
-0.000904
-0.003078
-0.000677
-0.001643
-0.000826
-0.000540
0.002943
0.001036
0.000652
-0.001659
-0.000810
-0.002711
-0.000038
0.002482
0.000658
-0.001796
-0.000289
-0.001128
0.006351
