0.000447
-0.000279
-0.000334
0.000842
-0.001853
-0.005441
0.009496
-0.002281
0.001445
-0.001074
0.001310
-0.001794
-0.000015
0.000362
-0.001548
-0.001315
-0.000009
-0.000362
0.001270
-0.001301
-0.000947
-0.000715
-0.000315
-0.000390
-0.001533
0.000925
-0.000111
-0.000315
-0.003438
0.008413
-0.004316
-0.000329
0.001162
-0.000232
-0.001328
0.001394
-0.000154
0.000608
-0.000287
0.009049
0.000066
-0.000307
-0.001483
-0.000942
-0.001886
-0.001077
0.002910
0.001646
-0.001872
-0.000840
-0.001961
0.001102
-0.001063
-0.000715
0.002822
-0.000771
-0.000445
-0.000743
-0.000279
0.000113
-0.002979
0.002427
-0.002319
0.000317
-0.000362
-0.000301
-0.000530
0.001171
0.005442
0.002269
-0.001472
-0.001919
-0.007178
0.005080
0.002073
0.003333
-0.004349
-0.001914
-0.000920
0.000232
0.000793
-0.002629
0.001952
0.001389
-0.001254
-0.000762
-0.001483
-0.000859
0.002460
-0.000707
-0.000660
-0.000334
-0.001988
0.006646
0.001743
-0.001278
0.001102
-0.001765
0.001251
-0.000696
