-0.019243
-0.001296
0.000222
0.000136
-0.000468
0.001229
0.000466
0.000345
-0.002610
0.002886
0.000791
0.000847
-0.000259
0.000192
0.000244
-0.002536
0.001299
-0.003118
0.000426
-0.001965
0.000635
-0.001227
0.005858
0.000362
-0.001604
-0.002073
-0.000255
0.007198
0.000513
-0.006247
0.000136
-0.000207
0.000110
-0.001057
0.001125
0.000166
-0.001075
0.000869
0.000283
0.000444
0.006110
-0.001322
-0.001135
0.001121
0.003658
-0.001379
-0.001379
-0.000081
-0.007111
0.006300
0.001540
-0.002833
-0.001591
0.000362
0.000401
-0.000259
-0.000380
0.003360
-0.000441
-0.000815
0.000036
0.000960
-0.000129
-0.002666
0.001776
0.003810
0.001818
-0.002541
-0.001405
-0.000845
-0.001322
0.003961
0.004139
0.001298
-0.003023
-0.002502
0.003680
0.004461
0.000925
-0.004719
0.000860
-0.001036
0.000769
-0.000844
-0.000575
-0.000059
-0.001474
0.004656
0.000239
-0.000342
-0.000329
-0.001378
0.000145
0.003602
-0.000029
-0.001656
-0.001010
0.000084
-0.000255
0.005250
