0.005903
0.006280
-0.000582
-0.000712
-0.000739
-0.001080
-0.001866
0.000414
-0.001276
-0.001918
0.001016
0.002050
0.000480
-0.000922
-0.000882
-0.000647
-0.005244
0.004473
0.003478
-0.004472
0.000139
-0.000045
-0.001721
0.004171
0.006935
-0.000437
-0.001709
0.000662
-0.000791
-0.003358
0.005586
-0.001839
-0.000516
-0.000097
-0.001276
-0.000635
-0.000635
-0.001472
-0.002637
0.007811
-0.000673
-0.001183
-0.000399
-0.001944
0.000806
0.002260
-0.001774
-0.000334
-0.002049
0.000544
0.006031
0.001042
-0.001027
0.001410
0.000178
0.000035
0.000349
0.001030
-0.002835
0.003609
-0.000268
-0.000137
-0.000019
-0.000215
-0.000294
-0.006776
-0.000962
0.000257
-0.000268
0.000387
0.003295
0.001592
-0.000306
-0.000727
-0.010876
-0.003084
0.001907
0.000258
0.004761
0.000335
-0.000635
0.000099
-0.005480
-0.001760
-0.000228
-0.001053
-0.000477
-0.000726
0.001029
-0.002166
0.007262
-0.001605
0.000545
-0.001091
0.001148
-0.000922
0.001239
-0.000490
-0.001394
0.000885
