-0.161328
-0.026980
-0.000638
0.005271
0.004675
0.002646
0.008056
0.006417
0.009691
0.001649
0.003838
-0.000782
0.003365
-0.006655
0.004737
0.008632
-0.003099
0.011355
0.013688
-0.001172
0.003581
0.006643
-0.002591
0.005482
0.007414
0.003324
0.006376
0.009721
0.007717
-0.000479
0.003031
-0.000946
-0.003782
-0.010493
-0.006629
-0.006002
-0.001871
0.004110
0.004603
0.002481
0.004285
0.001592
0.003380
0.003519
0.008637
0.014058
-0.001254
0.003519
-0.000001
-0.010365
-0.005386
0.003154
0.004809
0.002347
-0.005273
-0.008577
-0.012816
-0.008330
-0.007492
-0.000715
0.004521
0.000318
0.013745
0.009547
0.003324
0.003833
-0.002755
0.005800
0.002435
0.003401
0.001767
0.000215
-0.005129
-0.005057
-0.010216
-0.005417
-0.003407
-0.002267
0.006669
0.013185
0.007743
0.001551
0.007450
0.004542
-0.004831
0.005616
-0.000823
0.001746
0.007558
0.012157
0.003930
0.000328
0.006936
-0.000725
-0.005966
0.003935
-0.005134
0.003067
0.002045
0.010215
