-0.002941
0.002630
-0.001410
-0.000073
-0.001441
-0.000615
0.001208
-0.001341
0.000413
-0.002198
0.001047
-0.001190
0.003214
0.004335
0.006079
-0.000439
-0.000664
0.002625
-0.001592
-0.003528
-0.007734
-0.003206
0.000296
0.002254
0.005575
0.003150
0.000280
0.000575
0.001509
-0.006210
-0.003029
0.003241
0.000999
-0.000052
0.000269
0.008064
-0.001538
0.003842
0.000613
-0.009391
-0.002502
0.000141
-0.002658
0.001622
0.002790
0.001327
-0.001550
0.007436
0.002592
0.002634
-0.000230
0.000671
-0.007692
-0.006129
-0.001796
0.001879
-0.000803
0.001542
-0.001576
-0.002669
-0.010775
-0.002860
-0.001148
0.005124
-0.003491
0.010365
0.000398
0.002179
0.002672
0.004222
-0.003506
-0.001156
-0.002080
-0.006832
-0.001464
-0.000368
0.003283
0.005817
0.004067
-0.000986
0.001535
0.003504
-0.002229
-0.006624
-0.000379
0.003010
-0.002869
0.000651
0.010274
-0.003480
0.003167
-0.001415
-0.002975
-0.003624
-0.007159
-0.000009
-0.002063
0.000844
0.001277
0.006449
