-0.041679
0.001566
0.000501
-0.001306
0.004198
-0.000863
-0.001013
-0.004911
-0.000996
0.000997
0.000307
0.000359
0.002058
0.003827
0.007812
0.002667
-0.000618
-0.000783
-0.002744
-0.001295
-0.004255
-0.002863
-0.003656
-0.000675
0.000358
0.002315
0.003922
0.006564
0.003480
0.000310
0.002173
-0.001463
0.000451
-0.003896
-0.000326
0.000425
0.001450
-0.000440
-0.000811
-0.000574
-0.004439
0.001082
0.000106
0.001268
0.003834
0.005033
0.004667
0.003619
0.001699
0.000175
-0.000566
-0.002266
-0.002344
-0.005071
0.002447
-0.003738
-0.000461
0.003266
0.006533
0.004672
0.002580
0.002486
0.003268
0.000241
-0.000213
-0.006784
-0.000685
0.000409
0.000516
0.000320
0.001151
0.002839
0.006026
-0.000021
-0.004105
0.003553
-0.001015
-0.006651
0.000790
-0.003783
0.004805
0.004394
-0.002453
0.001892
0.002748
-0.002394
-0.003918
0.002041
0.003139
-0.003669
0.005661
0.002082
-0.003095
0.000960
-0.005799
-0.001204
0.003797
-0.005296
-0.000507
0.005805
