-0.043933
-0.015161
-0.002259
-0.004911
0.002586
-0.000167
-0.001694
0.002641
0.000660
0.001283
0.001756
0.000875
0.010751
0.004835
0.001778
-0.003764
0.009846
-0.004891
-0.012636
-0.002384
-0.002351
0.002275
0.000962
-0.001210
0.000648
0.002533
0.001392
0.007276
0.008017
0.000250
0.001295
-0.005721
0.006726
0.001199
-0.001446
-0.008334
-0.004308
0.002364
0.000533
0.002212
0.000125
-0.010926
-0.004754
0.000318
0.001059
0.002866
-0.001998
0.001305
0.001305
0.006287
0.009600
-0.001299
0.001165
0.000091
0.001392
-0.000264
0.000178
0.000723
-0.000575
-0.006184
-0.008711
-0.002438
0.004079
0.004543
0.002982
0.008577
0.004769
0.000842
0.004210
-0.000027
-0.001188
-0.001072
0.002275
-0.002360
-0.000073
0.000895
0.001175
0.011504
0.001293
0.003983
-0.006370
0.007554
-0.000145
-0.008752
-0.002804
0.009544
0.001162
0.005199
-0.007897
0.004649
0.000883
0.008533
0.003259
-0.008414
-0.003837
-0.007977
0.000446
0.001650
0.003348
0.004779
