0.007021
0.001415
0.002910
-0.004751
-0.003597
-0.008204
-0.002561
-0.000915
-0.002383
0.003460
0.008254
0.001939
-0.000601
0.001291
-0.001028
-0.014075
-0.002491
0.001282
0.001570
-0.000911
0.001383
0.011321
0.002107
-0.001969
0.003201
-0.001484
-0.006874
-0.003859
-0.005127
-0.000698
0.001386
-0.002629
0.000134
0.001318
0.004550
0.005255
0.003401
-0.001623
0.003236
-0.000588
0.000943
-0.008323
-0.002636
-0.002488
0.000884
-0.002750
-0.003610
-0.005884
0.000347
-0.000860
0.003003
0.000331
0.001936
0.007704
0.005200
0.000797
-0.001500
0.000489
0.003204
-0.002727
-0.004930
-0.009543
0.000389
-0.002992
0.002528
0.001994
0.005093
0.006452
0.002716
-0.002853
0.002029
-0.002135
-0.012193
-0.005275
0.002019
-0.002513
0.001619
0.004530
0.005928
0.002664
-0.000458
-0.002105
-0.004082
-0.004626
-0.009508
0.002272
0.003091
0.004301
0.008435
0.002447
0.001952
-0.001636
0.007578
-0.009228
-0.002212
0.006103
-0.002694
0.002340
0.003479
0.004896
