-0.029921
-0.000869
0.003213
0.003815
-0.001330
-0.003199
-0.012600
0.000821
0.003038
0.002288
0.004574
0.007249
0.001959
-0.000890
0.003286
-0.000964
-0.011982
-0.001582
-0.003011
0.002181
0.002693
0.001703
0.003610
0.005261
0.006805
0.000475
0.002834
0.000829
-0.011042
-0.004704
-0.004726
0.001298
0.001298
-0.001146
0.001571
0.001255
0.006788
0.007398
-0.001411
0.001588
0.000867
-0.000255
0.000202
-0.007060
-0.001910
-0.000064
-0.010731
0.000688
-0.000289
0.001324
0.002604
0.000978
0.005146
0.006003
0.000918
0.000010
0.001166
0.001959
-0.000562
-0.004657
-0.014332
-0.004682
0.000539
0.001994
-0.002105
0.012325
0.003512
0.002428
0.001157
0.001405
-0.002269
-0.000541
-0.007055
-0.004769
0.000074
-0.000809
0.001328
0.005201
0.007283
0.001281
0.001477
-0.001296
-0.013457
-0.004593
-0.002477
0.004079
0.002463
0.003371
0.004327
0.006498
0.002250
0.002092
0.003346
-0.005203
0.004834
-0.008180
0.003478
0.001959
0.004369
0.003909
