-0.000254
0.004601
0.002420
-0.000652
-0.004050
0.002578
-0.003623
-0.003216
0.002931
-0.004379
-0.008734
0.002683
0.004158
0.007637
0.009970
0.001059
0.000158
-0.004863
0.000824
-0.006113
-0.012554
0.003126
-0.002904
-0.003085
0.001846
0.007993
0.003674
0.003095
0.001028
0.003163
-0.000133
-0.006749
-0.005673
0.004231
0.003321
0.001394
0.008524
0.003570
0.002308
0.003361
0.003375
-0.012291
-0.003114
-0.006759
0.002353
0.004447
-0.000008
0.001132
0.000870
0.009455
0.003982
0.003774
0.001277
0.002027
-0.008940
-0.003673
0.001595
-0.001128
-0.007926
-0.008412
0.003068
0.001394
0.003145
-0.000062
0.007939
0.004756
0.003055
-0.000360
0.003109
0.002484
-0.005316
-0.004634
-0.012608
0.002000
0.000205
0.003327
0.003687
0.006678
0.002503
0.001462
0.003263
-0.005112
-0.009025
0.000401
0.004353
0.001539
0.001720
0.001105
0.005654
0.001375
-0.002484
-0.007559
-0.002212
-0.003363
-0.009663
-0.003699
-0.003253
-0.003697
-0.000787
0.000905
