0.008537
0.006836
-0.002859
0.003166
-0.000262
0.001720
-0.007036
-0.005502
-0.001331
0.002193
-0.000757
0.003624
0.004597
0.010339
0.011408
0.000948
-0.000527
0.001079
-0.009683
-0.006486
-0.014093
-0.006137
-0.002896
-0.000213
-0.002116
0.000499
0.003580
0.003267
0.008049
0.009605
0.001428
-0.007424
0.010179
-0.002131
-0.001151
-0.005461
-0.013061
0.002390
-0.002885
0.001779
-0.001156
0.001540
-0.004726
-0.014167
-0.002386
-0.003163
0.003232
0.002984
-0.002322
0.009743
0.010078
0.002831
0.001066
0.001314
0.000063
-0.001173
-0.007968
-0.008811
-0.013847
-0.008971
-0.003696
-0.000685
0.002649
0.013545
0.005542
-0.000453
0.001452
0.000297
0.001597
-0.001462
-0.006753
-0.007777
0.003291
-0.002764
0.003311
0.002824
0.002620
0.011684
0.008507
0.000498
0.005151
-0.001688
-0.005844
-0.006367
-0.002335
0.008755
0.000687
-0.004312
-0.000700
0.003951
-0.010315
0.007628
0.006364
-0.003847
-0.006970
-0.006484
0.000725
0.003173
-0.000992
0.011814
