0.006810
0.010422
0.003326
-0.014672
0.002494
0.021420
0.002591
-0.001086
-0.008246
-0.022471
0.015601
0.000928
-0.020298
0.005307
0.017936
0.003134
-0.000733
-0.004027
-0.001629
-0.004027
0.000609
-0.003324
-0.010899
0.007513
-0.001629
-0.002460
-0.008789
-0.001757
0.007738
-0.005401
-0.009493
0.010454
-0.010196
-0.003196
0.003422
0.010454
0.021484
0.001759
-0.008789
0.009719
-0.003003
-0.001214
0.000609
-0.003324
0.000609
-0.000383
-0.004570
-0.002428
-0.018220
0.017008
0.003294
0.013396
-0.021672
0.000896
-0.000926
-0.000383
0.000609
-0.004027
-0.000926
0.010454
-0.013872
0.001727
-0.000894
0.002526
0.021484
0.001024
0.003422
-0.001054
-0.003642
-0.003324
0.013620
-0.013969
0.010615
-0.012562
-0.001629
0.007513
-0.011059
-0.000958
-0.004570
-0.001086
-0.000926
0.007513
-0.014479
-0.001949
-0.002907
0.004540
0.010615
-0.006265
0.020045
-0.012562
0.000577
-0.000351
-0.018092
-0.012594
0.007641
0.002430
0.022954
-0.001246
-0.020330
0.016273
