0.003141
0.009204
0.001025
-0.011601
-0.002178
0.006587
0.001811
0.008460
0.008332
-0.007240
-0.013474
0.005258
-0.005581
-0.000177
-0.003208
0.006258
0.001854
-0.002635
0.000567
-0.001220
-0.000348
-0.002050
-0.006581
0.004971
-0.000976
-0.000805
-0.006411
-0.001220
0.006557
-0.002592
-0.008112
0.008173
-0.002879
-0.005038
0.003727
0.003928
0.014980
-0.005667
-0.002550
0.006343
-0.006081
0.004800
0.000823
-0.002922
0.000897
-0.000390
-0.002178
-0.017249
-0.001061
0.015438
0.000854
-0.000390
0.015066
-0.005709
-0.010857
0.000567
-0.002220
-0.001421
0.006630
-0.000805
-0.005996
-0.002178
-0.000805
0.005800
-0.006081
0.014980
0.008289
-0.000305
-0.005038
-0.000720
0.005428
-0.002666
-0.008240
0.007130
-0.006825
-0.000805
0.004800
-0.007826
-0.000348
-0.001220
0.006173
-0.008698
-0.000348
0.008503
-0.004380
-0.005368
0.000152
-0.000720
0.009918
-0.010943
-0.002379
-0.008655
0.006587
-0.000390
0.014608
0.002684
-0.002178
-0.015590
-0.002007
0.013236
