0.006014
0.006129
-0.011225
0.000426
0.009852
-0.011798
0.004876
-0.001503
-0.000289
0.001310
0.004838
-0.000554
-0.004508
0.003623
0.000657
-0.000669
-0.006064
-0.000558
0.004534
-0.000558
-0.005872
-0.000558
-0.000669
0.003393
-0.000369
-0.000973
-0.000442
-0.001353
-0.003709
-0.001807
0.004269
-0.004996
0.005180
0.000657
0.011559
-0.004773
0.004534
-0.000442
-0.000481
-0.000404
0.000545
-0.000861
-0.001622
0.000699
-0.000861
-0.003785
-0.012063
0.005218
0.007343
0.005253
-0.003859
0.010306
-0.012897
-0.001584
-0.000669
-0.000558
-0.000669
0.004949
-0.004850
-0.000212
-0.001926
0.000395
-0.001584
0.004496
-0.000519
0.007800
0.001302
0.004838
-0.005111
-0.000404
-0.000439
-0.000442
-0.001507
-0.002114
0.004949
-0.004961
-0.000558
-0.000515
-0.001622
-0.000896
0.004949
-0.000669
-0.006064
-0.000558
-0.000365
0.004646
-0.006176
-0.000558
0.001610
0.001721
0.001118
-0.000823
0.007113
-0.014568
0.006659
-0.006518
0.005710
-0.004162
0.003204
0.005445
