0.002261
0.008361
0.001376
-0.011578
0.000566
0.009717
0.000510
0.001846
0.002618
-0.016680
0.007156
-0.002578
-0.002465
0.006780
-0.001373
0.000566
-0.005610
0.004614
-0.001844
-0.000564
-0.000564
0.000114
-0.005101
0.003485
-0.004574
-0.000450
0.002637
-0.004028
-0.002409
0.000999
0.004313
-0.004593
0.000943
0.003428
0.003259
0.009152
-0.004066
-0.000564
0.004257
-0.001373
0.000566
-0.000564
-0.001693
-0.000714
0.000717
-0.000564
-0.009036
-0.005911
0.000848
0.011129
0.000284
0.002261
0.011487
-0.002484
-0.011898
-0.000884
-0.000243
0.004257
-0.004423
-0.000564
0.003296
-0.004141
0.003014
-0.004141
-0.000639
0.010188
0.002223
0.004370
-0.004706
0.003918
-0.001618
-0.005139
-0.003708
0.003541
-0.000846
-0.001562
0.004294
-0.005421
-0.000771
0.000717
-0.000564
-0.001562
-0.001128
0.004953
-0.005704
-0.000564
0.000566
0.003598
0.000999
-0.001731
0.005913
-0.013781
-0.001844
0.000999
0.005857
0.001282
0.003409
0.000735
-0.015268
0.009848
