0.000430
-0.000314
0.003825
0.001081
0.003698
0.001423
0.001309
-0.002602
-0.005943
-0.000294
0.004637
0.000846
-0.000482
-0.001690
0.000283
-0.000200
-0.001690
0.000397
-0.000562
-0.000562
-0.000415
-0.004836
0.002832
-0.000348
0.000149
-0.001327
-0.003957
0.003000
-0.003977
0.003744
-0.002038
-0.003179
0.003744
-0.004722
0.002222
-0.000381
0.009011
0.003959
-0.001542
-0.003675
-0.000562
0.003509
-0.004520
0.003509
-0.004554
0.003711
-0.001327
-0.001971
-0.010169
0.005616
0.005368
0.006327
0.004241
-0.011296
-0.001260
-0.001274
0.000229
-0.000428
0.002912
-0.004802
0.000216
0.003080
-0.003112
0.003563
-0.001656
0.011627
-0.002354
0.002322
-0.003756
0.000296
-0.000992
0.002731
-0.003809
-0.000495
-0.001227
0.003463
-0.005004
0.003993
-0.004836
-0.000482
0.000216
0.000350
-0.001193
-0.000697
0.003047
-0.004836
0.000182
-0.001475
-0.000562
0.004039
0.000665
0.005435
-0.005896
-0.006291
-0.004937
0.004207
0.003744
0.002188
0.002671
0.000464
