0.002312
0.015895
-0.001348
-0.007411
-0.010772
0.000854
0.007588
0.008460
-0.000390
-0.000763
-0.009113
-0.000720
-0.000305
-0.000720
-0.001836
0.009704
-0.004709
-0.005453
0.013193
-0.008240
-0.000763
-0.007826
-0.000805
0.006173
-0.000763
-0.002050
-0.001263
-0.000262
-0.001177
-0.001964
0.000110
-0.001549
-0.006868
0.001110
0.006673
0.013193
-0.002263
-0.000720
-0.000805
-0.000805
0.004513
0.000439
-0.000134
-0.008240
0.006630
-0.002464
-0.001891
-0.015920
0.015438
0.001683
-0.000805
0.012363
0.005544
-0.015920
-0.005380
-0.000805
0.006630
-0.007984
0.000396
-0.002050
0.006258
-0.005996
-0.000720
0.004428
-0.001848
0.013608
0.006343
0.000695
-0.002007
0.000610
-0.006740
-0.002208
0.006630
-0.009027
0.000439
-0.001263
-0.002464
0.001439
-0.002592
0.000567
0.004800
-0.000805
-0.006581
-0.002464
0.000854
0.011375
-0.012516
0.006258
-0.007783
0.000195
-0.003050
-0.004709
-0.000262
0.001269
0.015523
0.001311
-0.000390
-0.010772
-0.009570
0.015523
