0.000873
0.005199
-0.000314
-0.008318
0.000371
0.003095
0.000700
0.002206
0.002206
-0.000437
-0.009964
0.002338
0.000052
0.002237
0.000480
-0.000685
0.000160
-0.000205
-0.000984
0.000298
-0.000481
-0.002754
0.001493
-0.000183
-0.002339
0.001442
-0.002091
-0.001836
-0.001188
0.004026
-0.002427
-0.000890
0.002162
0.001361
-0.000198
0.000946
0.000050
0.003524
0.002046
0.000377
-0.000227
0.000145
-0.001100
0.000858
-0.000387
-0.001327
-0.004756
0.001420
0.000737
0.000627
0.002360
-0.000343
-0.000343
-0.000343
0.000779
0.002303
0.002281
-0.005769
-0.000249
-0.000249
0.003014
-0.002295
-0.000817
0.000305
0.000006
-0.000154
0.005563
-0.000249
0.000779
-0.000211
0.001967
-0.002192
-0.000211
-0.001355
0.003794
-0.004319
-0.000343
-0.000343
-0.000343
0.000298
-0.000846
-0.000481
-0.000343
0.002206
-0.002339
0.001653
-0.002732
0.000276
0.001493
0.000059
0.001341
0.001288
-0.010357
0.003699
-0.000343
0.003146
0.002287
0.000713
-0.003744
0.001361
