0.000444
-0.000489
-0.000317
0.000663
0.002761
0.005191
0.001424
-0.000571
-0.001895
-0.010357
0.000005
0.003867
0.003682
0.000409
0.000525
-0.000571
-0.000489
0.000444
-0.000352
-0.001642
-0.000571
-0.000489
-0.000777
-0.001298
-0.004097
0.002207
-0.000455
-0.000455
-0.004273
-0.002093
0.001872
0.004662
-0.000627
-0.001263
0.001458
-0.000317
0.005320
0.004477
0.000293
-0.004570
0.003845
-0.001298
-0.000489
-0.000571
-0.004097
0.002116
-0.004411
0.005320
-0.000571
-0.000489
-0.000489
-0.000571
0.004133
-0.003280
-0.001066
-0.001758
-0.000571
-0.000489
0.000581
-0.001354
0.000237
-0.000571
-0.000098
-0.000558
0.004004
0.001377
0.004271
0.003948
-0.003740
0.002852
0.001020
0.000096
-0.000317
-0.001229
0.000603
-0.001182
-0.004110
0.002865
-0.000455
-0.003890
-0.000640
-0.001642
-0.000571
-0.005077
0.002865
0.000409
-0.000236
-0.000571
0.000525
-0.000571
0.008708
-0.000386
-0.000296
-0.000016
-0.014081
0.002000
0.003015
-0.001921
0.008248
-0.001113
