-0.061904
-0.018410
-0.003913
-0.002443
-0.002093
-0.003153
-0.002610
-0.001019
-0.002318
0.000369
-0.002300
-0.000100
0.000696
0.001845
-0.001620
0.004524
-0.000790
0.000557
0.000805
0.000557
0.000894
0.000607
0.000714
0.000516
0.002233
-0.002219
0.001764
0.000148
0.000343
-0.000978
0.002373
0.002061
0.000655
0.002946
0.003718
0.002454
0.001345
0.001082
0.001361
0.001305
0.002594
0.001173
0.000460
-0.001775
0.001845
-0.001701
-0.000438
0.000285
0.000285
-0.003180
-0.000306
-0.001734
0.000417
0.006181
-0.001833
0.002437
0.005294
0.004390
0.000506
0.008414
-0.002835
0.006197
0.009104
0.003520
0.001892
-0.007493
0.005202
0.006016
-0.001473
0.002024
0.003503
-0.000314
0.000747
-0.001242
0.003603
-0.002424
0.002282
0.000615
0.003152
-0.001356
0.002404
-0.001635
0.002815
-0.000298
0.000968
0.000458
0.000975
-0.000075
0.001919
-0.001037
-0.000413
-0.000684
-0.002054
0.001000
-0.003254
0.003373
0.005065
0.005237
-0.001915
0.003119
