-0.011769
0.002634
0.000764
0.001693
0.000889
-0.004001
-0.004349
0.001937
-0.000009
0.000920
-0.001169
-0.000125
0.000339
-0.000125
-0.000344
0.000086
0.001555
-0.002269
-0.000125
-0.000125
-0.000125
-0.000250
-0.000009
-0.000125
-0.000125
-0.000125
0.005105
0.005728
-0.001676
-0.002939
-0.012371
-0.003751
-0.000125
0.002019
0.003910
0.002942
-0.000125
0.001925
-0.000559
0.000425
-0.002248
0.001482
-0.000323
-0.001707
0.000120
0.000330
-0.006670
0.003059
0.002243
0.000291
-0.001175
0.001516
0.000480
-0.003589
0.000898
0.003644
0.002432
0.000163
-0.000125
-0.000648
0.009918
-0.006315
-0.000602
0.009591
0.003153
-0.004744
0.003039
-0.003601
-0.001264
-0.000864
-0.000219
0.001778
-0.007538
-0.000009
-0.000675
0.000425
-0.000125
0.002041
-0.002183
0.001925
0.000468
-0.000460
0.000936
0.002160
0.000502
0.000279
0.000013
0.000339
0.000034
-0.000555
-0.003206
-0.002849
0.000214
0.006338
0.005646
-0.001625
-0.000177
-0.002544
0.001696
0.002728
