0.000210
0.003256
-0.000524
-0.000607
0.001351
0.004345
-0.000661
-0.004523
0.002304
-0.001287
-0.002810
0.000915
-0.001178
-0.005939
-0.000472
-0.000089
0.001705
-0.000524
-0.003600
-0.000254
0.002169
-0.000634
-0.000553
-0.002783
-0.000607
-0.001205
0.002277
-0.003708
-0.000579
0.002385
-0.000579
-0.000661
0.004507
-0.005964
0.000154
-0.003353
0.002141
0.006330
0.004345
0.004424
0.003501
-0.000579
-0.000634
-0.003544
0.002331
-0.004796
-0.000361
-0.001858
0.000618
-0.004525
-0.000661
0.001842
-0.000064
0.000564
-0.001097
-0.000389
-0.001885
-0.003191
-0.008685
0.013920
0.002196
-0.000062
-0.001640
-0.000226
0.000211
0.004672
0.013621
0.006249
-0.006130
-0.002292
-0.009558
-0.000660
0.002222
-0.000607
-0.000226
0.000289
0.000888
-0.001098
0.003012
-0.000361
0.000318
-0.000661
-0.000579
-0.000416
0.000156
-0.001395
0.003039
-0.004060
-0.000145
-0.001557
-0.002266
-0.010783
0.000919
-0.000443
0.009378
0.005459
-0.001588
0.004698
-0.000472
-0.000334
