-0.118974
-0.006134
-0.007066
0.001000
0.003276
0.002859
0.003918
-0.000431
0.005640
-0.001604
0.003597
0.001410
-0.002342
0.002336
-0.000796
-0.001937
0.002645
0.001631
0.000616
0.002317
0.001712
0.000092
0.002406
-0.000910
0.000893
0.003408
0.000262
0.001498
0.000155
-0.001585
0.000451
-0.002947
0.002664
-0.001478
0.003036
-0.001737
0.002745
-0.001560
0.010985
0.001617
0.000628
0.001561
0.006497
0.000584
-0.000973
0.003036
0.000274
0.000893
0.000867
-0.001969
0.003490
-0.001944
0.001088
0.003250
0.000893
0.001158
-0.004201
0.006662
0.004637
-0.000766
0.004449
0.002708
0.005468
0.012026
0.001908
-0.003489
-0.008469
0.000653
0.000225
0.001195
0.001738
0.006017
0.012914
0.002229
0.002785
0.001026
-0.003275
0.000609
-0.001937
0.001605
0.003131
-0.001357
0.001026
0.001561
-0.001730
0.003390
0.000805
0.001580
0.000004
0.003679
0.001258
0.000779
0.000628
0.000558
0.001126
0.004719
-0.000703
-0.004611
-0.002449
0.006887
