-0.189006
-0.003768
0.001450
0.003441
-0.000310
0.003525
0.002352
0.001156
0.003186
0.003016
0.001596
-0.001120
0.001527
0.001727
0.002252
0.004143
0.003101
0.001550
0.003032
0.002399
0.005362
0.000647
0.001488
-0.000241
0.002584
0.001558
0.004413
0.001179
0.000523
0.002661
0.001280
0.002268
0.000531
0.001527
0.002700
0.000030
0.002322
0.003116
-0.003258
0.001889
0.003387
-0.000225
0.003958
0.010309
-0.006584
-0.002841
0.006258
0.006728
0.004575
0.001565
-0.005388
-0.001321
0.005100
0.006427
0.004459
0.000184
-0.000457
0.005617
0.003163
0.001450
0.000608
0.000794
0.001889
0.001928
-0.001622
0.001889
0.002684
-0.001352
0.003016
0.004946
-0.008259
0.004976
0.005339
0.004181
0.003340
-0.005704
0.003201
0.009021
0.001488
0.002329
0.004884
0.001673
0.001511
0.002461
-0.000055
0.000060
0.001982
-0.001337
0.002337
0.003965
0.005239
0.002599
0.003086
0.001619
0.000940
0.003333
0.001936
0.000655
0.001743
0.002484
