-0.000060
0.000324
0.002030
0.003808
-0.003269
0.002862
-0.000871
-0.004409
0.001827
-0.004294
-0.000499
0.001144
-0.003345
-0.002843
0.001401
-0.003248
0.001912
-0.000913
-0.002843
0.001283
-0.002843
-0.002214
-0.000060
-0.001584
-0.000550
0.000729
-0.002598
-0.000774
-0.000998
-0.000647
0.000442
0.011775
-0.011414
0.009951
-0.013994
0.003584
0.007628
-0.010582
0.007295
-0.000081
0.000932
-0.000955
-0.000550
-0.000710
-0.000837
-0.001073
-0.001137
-0.004836
0.002541
-0.004367
-0.000423
0.001879
-0.000998
-0.002864
0.005590
0.000037
-0.005891
-0.004261
-0.004591
0.005635
0.012510
0.000708
0.001455
0.003993
-0.000568
0.015068
0.012062
0.003076
-0.005444
-0.002831
-0.002982
-0.000732
-0.000689
0.001283
-0.001491
0.000248
-0.001639
0.000460
-0.000626
-0.001339
0.003596
-0.000774
-0.000774
-0.000871
-0.000774
0.002862
-0.003599
-0.000871
-0.001584
-0.002256
-0.009315
-0.003738
-0.001382
0.011902
0.003693
0.003778
0.002710
-0.002939
-0.000402
0.002030
