-0.117634
-0.004537
-0.008687
-0.008486
-0.000753
0.001667
0.001814
0.004329
-0.008729
-0.003505
0.001288
0.003418
0.000901
0.000806
0.004337
0.000082
0.002596
0.001338
0.001144
0.001629
-0.001032
0.001144
0.000565
0.000181
0.000663
0.000856
0.000856
-0.002092
0.002935
0.000856
-0.001224
0.003759
0.007914
0.001049
0.002064
0.002646
0.004431
-0.000644
0.003901
0.000568
0.000468
0.000856
0.001437
-0.000013
-0.001515
0.002061
0.000856
0.000323
0.002206
-0.000065
0.000419
0.006803
0.005547
0.000998
0.002740
0.003810
0.013668
0.003901
-0.003592
-0.004268
-0.004899
0.000999
0.004139
-0.002964
0.007819
0.012701
0.001243
0.005204
0.003657
-0.005043
0.000662
-0.000692
-0.000594
0.003562
-0.000548
0.000518
0.003514
-0.000451
0.002884
0.000953
0.001241
-0.000257
0.000566
0.003419
0.000614
0.001437
0.000856
0.000761
0.001629
0.000664
0.000856
-0.003641
-0.002819
0.007044
0.005837
0.001097
0.001917
0.001578
0.003466
0.002017
