0.005710
-0.000314
-0.000314
-0.005833
-0.000526
-0.000374
0.005145
-0.000374
-0.000374
0.002542
0.000451
-0.001598
0.005365
0.000019
-0.000526
0.001512
-0.002332
-0.003584
-0.000145
-0.000023
-0.000014
0.000591
0.001570
-0.002012
-0.000145
-0.000014
-0.000014
-0.000014
-0.001051
-0.001998
-0.000374
-0.000374
0.001281
-0.000374
-0.000374
-0.002089
-0.000374
-0.000374
-0.000314
0.001312
-0.000526
-0.002897
-0.000617
-0.000454
-0.000052
0.003984
0.001450
-0.000134
0.001815
-0.000626
-0.000274
0.008132
-0.000243
-0.007791
-0.001816
-0.000294
0.004317
0.000918
-0.000748
0.003370
0.000237
0.000237
0.004317
-0.000254
-0.000254
-0.008265
-0.000434
0.001512
-0.002049
-0.000343
-0.000434
0.001361
-0.000374
-0.002049
-0.000434
0.001361
-0.002181
-0.000697
-0.000132
0.003025
0.001510
-0.001972
-0.000014
-0.000165
-0.000014
-0.000014
-0.000014
0.000511
0.001510
-0.003282
-0.003099
-0.002049
-0.000314
0.005225
-0.000679
-0.001658
0.005205
-0.000374
-0.000374
-0.000868
