0.005739
-0.000273
-0.000367
-0.003712
-0.002696
-0.000543
0.005167
-0.000331
-0.000426
-0.002014
0.005323
-0.000230
0.000154
0.005147
-0.002257
-0.000390
0.001441
-0.005865
-0.000441
-0.000191
-0.000575
-0.001736
0.001790
-0.000191
-0.002120
-0.000191
0.001790
-0.000571
-0.001739
-0.000191
0.001410
-0.000191
-0.001739
0.001943
-0.000724
-0.001739
0.001794
-0.000575
-0.000191
-0.001739
-0.001681
-0.000465
-0.000504
-0.000312
-0.001269
0.004672
0.000288
0.001410
0.001790
-0.000676
0.001406
0.004590
-0.000045
-0.000716
-0.007908
-0.000292
0.000010
0.005261
-0.000312
-0.000045
0.003398
0.000044
0.004633
-0.000308
0.001139
-0.001073
-0.006320
-0.000194
-0.001795
-0.000194
-0.000191
-0.000194
0.001221
0.000417
-0.000669
-0.000194
-0.001795
-0.000194
0.001833
-0.000194
-0.000669
-0.000194
-0.001795
-0.000194
-0.000194
0.001833
-0.002218
0.001221
0.000417
-0.004355
-0.001763
0.001292
-0.002029
0.005170
-0.000136
-0.000610
0.003637
-0.000426
-0.000390
-0.000924
