0.005960
0.000275
-0.002069
-0.005227
-0.000498
0.000148
-0.001143
0.005938
-0.000112
-0.002455
0.002962
0.003259
-0.000354
0.005807
-0.002625
-0.000477
0.000050
-0.000583
-0.000982
-0.004442
-0.000180
-0.000116
-0.000180
-0.000116
-0.000825
0.000516
-0.002685
0.002389
-0.000116
-0.000180
-0.000116
-0.000180
-0.000116
-0.000180
-0.000116
-0.000180
-0.000116
-0.000193
-0.000116
-0.002685
-0.002294
-0.000659
-0.000434
-0.000336
0.006949
-0.002132
0.001693
-0.000799
0.001362
-0.000413
0.001650
-0.001411
0.009250
-0.000617
-0.010976
-0.001067
-0.000659
-0.000315
0.005875
-0.002582
0.001684
0.004571
0.002066
-0.001844
0.003187
-0.000498
-0.000540
-0.000498
-0.007571
0.001743
0.000550
-0.000180
-0.000180
-0.000180
-0.000180
-0.000193
-0.000180
-0.000180
-0.000180
-0.000180
-0.000341
-0.002608
-0.000180
0.001743
0.000550
-0.000180
-0.000180
-0.000193
-0.000180
-0.005508
-0.000371
-0.000371
-0.001971
0.007730
-0.000116
0.000648
0.002415
-0.000498
-0.000498
-0.001143
