0.005912
-0.000241
-0.000336
-0.003765
-0.002721
-0.000521
0.005326
-0.000303
-0.000398
-0.002028
0.005491
-0.000192
0.000204
0.005306
-0.002271
-0.000365
-0.000262
-0.004194
-0.002433
0.001872
-0.000150
-0.002127
-0.000150
0.001872
-0.000538
-0.001739
-0.000150
0.001484
-0.000150
-0.002416
-0.000315
-0.000228
0.001319
-0.000365
-0.002585
0.000044
0.001381
-0.002218
-0.000323
-0.000521
-0.000179
-0.000835
0.005111
-0.001616
-0.000592
0.002173
-0.002222
0.000333
0.003201
0.001476
-0.001842
0.006334
0.001612
-0.002573
-0.007921
-0.000365
-0.000262
0.006354
-0.002742
0.001571
0.003836
0.000089
0.005867
-0.001297
-0.000274
0.001047
-0.006617
-0.000159
-0.000778
-0.000159
-0.000014
-0.000159
-0.001793
-0.000159
0.001921
-0.000159
-0.000642
-0.000159
-0.000472
-0.002164
-0.000398
0.001435
-0.000398
-0.002164
-0.000398
0.001435
-0.000398
-0.002164
-0.000398
-0.000030
-0.000274
0.001224
-0.000274
-0.001665
0.001983
-0.000097
0.003275
-0.000365
-0.000398
-0.000909
