0.003191
-0.000679
-0.005258
-0.001315
-0.000723
0.007931
0.000241
-0.000591
-0.000591
0.000195
-0.003348
0.000804
0.010065
-0.000114
-0.000871
0.001144
-0.006916
-0.000547
-0.002073
0.001440
-0.000547
-0.000933
-0.000547
-0.000547
-0.002073
-0.000547
0.001440
-0.000399
-0.001081
-0.000547
-0.000547
-0.002073
-0.000547
0.001440
-0.000933
-0.000547
-0.000547
-0.002073
-0.000947
-0.001789
-0.000781
-0.000412
0.001427
0.009946
-0.001894
-0.000591
-0.004768
-0.000415
0.002520
0.011664
-0.000306
-0.007894
-0.001167
0.002140
0.011132
0.003813
-0.002057
0.000003
-0.008384
-0.001094
0.000877
0.011487
0.003368
-0.000501
-0.002116
-0.005126
-0.000516
-0.001006
-0.002117
0.001438
-0.001006
-0.002117
0.001438
-0.000516
-0.001006
-0.002117
0.001438
-0.001006
-0.002117
-0.000516
0.001438
-0.001006
-0.002117
0.001438
-0.001006
-0.002117
-0.000516
-0.002547
-0.002397
-0.000679
0.001900
0.009324
0.001721
-0.000560
-0.003154
-0.006028
0.000758
-0.000679
-0.002339
0.009783
