0.003549
0.006362
-0.003829
0.001481
-0.000723
0.001639
-0.000363
-0.002011
0.001591
-0.000230
0.000218
-0.000682
0.000218
-0.000230
-0.002577
-0.000230
-0.000234
0.001591
-0.000230
0.000218
-0.000230
-0.000234
-0.000230
-0.002577
-0.000230
-0.000234
0.001591
-0.000230
0.000218
-0.000230
-0.000234
-0.000230
-0.002577
0.001591
-0.000230
-0.004193
-0.000429
-0.002640
-0.000429
0.001933
0.003692
0.002153
-0.000234
0.002561
-0.001105
-0.000319
0.001551
0.002994
0.002296
0.001576
-0.007032
-0.005137
-0.000429
-0.000477
0.006530
0.000471
-0.000429
-0.000477
0.003864
-0.000032
0.000122
0.006824
-0.000366
-0.002008
-0.000366
-0.008607
0.001411
0.000262
-0.000950
-0.001967
0.002157
-0.002687
0.002157
-0.002687
-0.000230
0.001591
0.000262
-0.000792
0.000262
-0.000950
-0.001967
0.002157
-0.002687
0.001591
-0.002122
0.001433
-0.000073
0.000262
-0.000792
0.000262
-0.000792
-0.002125
0.001591
-0.000499
-0.000477
-0.002500
0.004859
-0.002415
0.000218
0.002924
