0.003724
0.001208
0.000020
-0.002390
0.001208
0.000020
-0.004534
-0.010382
0.001232
0.000182
0.008484
0.002358
-0.000464
-0.000377
0.002997
-0.001534
0.002518
0.002444
0.001406
-0.002086
-0.000483
-0.005641
-0.000154
0.001294
-0.001596
0.001294
-0.000154
-0.001596
0.001294
-0.000154
-0.000148
-0.000154
-0.000154
-0.000148
-0.000154
0.000206
-0.000508
-0.000154
0.000349
-0.000651
-0.000154
0.000349
-0.003628
-0.002192
0.001332
0.000070
0.004973
-0.002043
0.001741
0.001499
0.001245
-0.000371
0.003538
-0.000265
-0.000377
-0.000948
-0.000408
-0.010997
-0.004019
0.002711
0.011002
0.000213
-0.000023
0.003201
0.000075
0.005595
-0.001614
-0.000265
-0.004895
-0.002093
0.001735
-0.002093
0.001735
-0.000601
-0.000328
-0.000030
-0.000328
-0.000030
-0.001651
-0.000204
-0.000154
0.001164
-0.001521
0.001164
-0.001521
0.001164
-0.001527
0.001169
-0.001527
0.001169
-0.003279
-0.000570
-0.000123
0.000108
0.002934
0.000026
0.002904
-0.000533
-0.000253
-0.000874
