0.000902
-0.000331
-0.001069
0.000632
0.011569
0.008139
-0.000835
-0.001114
0.008094
-0.007433
0.005574
-0.007847
-0.002528
0.000857
-0.003310
-0.000835
-0.001114
-0.000835
-0.000835
-0.003130
-0.007794
0.005296
-0.000286
0.000353
-0.002302
0.001181
-0.001114
-0.000835
-0.001114
-0.000835
-0.001114
-0.000835
-0.000835
-0.001114
-0.000835
0.007816
-0.009765
0.008094
-0.008027
-0.002302
-0.001159
0.000857
-0.001294
-0.002302
0.007545
-0.001114
0.002369
0.010057
-0.000835
-0.000835
-0.001114
-0.000835
-0.001114
-0.000835
0.001083
-0.001016
-0.000286
0.016376
0.001865
-0.000610
-0.000835
-0.001114
-0.000835
-0.000835
-0.001114
-0.000835
0.007861
-0.009810
0.001181
-0.002626
0.000857
-0.001114
-0.003032
0.000902
-0.002302
-0.001384
0.001083
-0.003032
0.007861
-0.007794
0.005845
-0.006056
0.007357
-0.008810
-0.001934
0.005296
-0.007568
-0.001016
-0.002626
0.000857
-0.001294
-0.002302
0.000534
-0.003032
0.008139
-0.010088
0.008139
-0.001114
-0.006786
0.018393
