0.000913
0.009571
0.008756
-0.000899
-0.001535
-0.007201
0.007214
-0.002712
-0.000899
-0.006976
0.005402
-0.007201
-0.000899
0.005444
-0.007018
-0.000808
0.004812
-0.001714
-0.005388
0.006308
-0.008016
-0.000808
0.004176
0.000688
-0.000899
-0.000899
-0.007201
0.007439
-0.009013
0.007214
-0.000899
-0.000675
-0.002894
0.001096
-0.002894
0.000597
-0.001988
0.000414
-0.000854
-0.008560
0.006940
-0.000854
-0.000446
0.009571
0.007260
-0.000675
-0.006565
-0.000899
0.007214
-0.000675
-0.000899
-0.000899
-0.000899
0.000913
0.014783
0.002908
-0.002894
0.001096
-0.002712
-0.006930
0.006670
-0.000854
-0.002259
0.000639
-0.000854
-0.000945
-0.000854
-0.000446
-0.002670
0.001096
-0.002712
-0.000899
-0.000857
0.001096
-0.000899
-0.000899
-0.000899
-0.000675
0.001096
-0.002894
0.007214
-0.008788
-0.000446
-0.000854
-0.001398
-0.000899
-0.000675
-0.002894
0.001096
-0.008967
0.007393
-0.000899
-0.000899
-0.004208
0.000460
-0.001128
0.010751
0.007667
0.001956
-0.001988
