0.001948
0.000679
0.010566
0.010361
-0.000886
0.001200
-0.003268
-0.000886
-0.000886
-0.001182
-0.000886
-0.000886
-0.001182
-0.001453
-0.002406
0.000905
-0.000886
-0.003154
-0.001182
0.000293
-0.002451
0.000950
-0.000365
-0.010161
0.007527
-0.002406
0.001200
-0.001182
-0.000886
0.008344
-0.010412
-0.000886
-0.000886
-0.001182
0.001200
-0.002406
-0.001749
0.008344
-0.010116
0.001086
-0.001067
-0.002406
0.000519
-0.003154
-0.000886
0.008048
0.005078
0.008389
-0.001182
-0.000886
-0.000365
0.007617
-0.000886
-0.000886
-0.008370
-0.001884
0.003944
0.016847
-0.000365
-0.000886
-0.001182
-0.000886
-0.000886
-0.001182
-0.000886
-0.000886
-0.001182
-0.000365
0.000860
-0.001363
-0.002406
0.007822
-0.009935
0.000860
-0.001067
0.006007
-0.000886
-0.008075
0.006007
-0.000886
-0.000886
-0.010457
0.008389
-0.007849
0.000383
0.004647
-0.007849
0.000383
-0.003585
0.000814
-0.001317
0.005781
-0.000886
-0.010457
-0.000886
-0.000886
-0.001182
-0.000886
0.001200
0.018457
