-0.002025
-0.002359
-0.000180
0.010360
0.010449
-0.000092
0.001821
-0.002827
-0.002359
-0.001425
-0.001159
-0.000869
-0.001159
-0.000869
-0.000869
-0.001159
-0.000869
-0.001159
-0.003093
0.000843
-0.003249
-0.000313
-0.001047
0.001065
-0.009964
0.007936
-0.000869
-0.000869
-0.001159
-0.000869
-0.001159
-0.000869
-0.000869
0.007892
-0.007874
-0.001159
-0.001848
0.000287
-0.003382
-0.000869
0.001177
-0.003205
0.001177
-0.002693
0.001354
0.007025
0.012294
-0.000869
-0.001715
-0.002359
0.001177
-0.003205
0.001177
-0.001159
-0.000358
0.004423
0.016519
0.008226
-0.009742
-0.000869
-0.000869
-0.001159
-0.000869
-0.000869
0.007936
-0.009964
0.001576
-0.001381
-0.002581
-0.001115
-0.000914
-0.001115
-0.001425
-0.000869
-0.001159
-0.000358
-0.001115
0.000621
-0.002359
0.001020
-0.000869
0.000154
0.005000
-0.006673
0.004222
-0.000869
-0.000869
-0.010254
0.008226
-0.010254
-0.000869
-0.000869
0.000887
-0.002359
0.001020
-0.001381
-0.002581
-0.000603
0.001644
0.024080
