0.000900
-0.000359
0.007282
0.014877
-0.000359
0.001597
-0.001392
-0.003123
0.000900
-0.002381
-0.001437
-0.001167
-0.000875
-0.001167
-0.000875
-0.000875
-0.001167
-0.000875
-0.000875
-0.001729
-0.002381
-0.007999
0.008023
-0.010066
0.006068
0.000518
-0.002381
0.000900
-0.010066
0.008315
-0.001167
-0.000875
-0.000875
-0.001167
0.008270
-0.010021
0.001080
-0.001055
-0.003234
-0.000875
-0.000875
0.000900
-0.002381
0.000630
-0.001167
-0.000314
0.014877
0.004698
-0.003123
0.000855
-0.000650
-0.000875
0.001080
0.006068
-0.000875
-0.007684
0.012810
0.006540
-0.000650
-0.000875
-0.000875
0.001080
-0.002606
-0.001122
-0.001437
-0.000875
-0.001167
0.008315
-0.010066
0.001080
-0.003123
0.001192
-0.001167
-0.002381
0.000630
-0.003234
-0.000875
-0.001167
0.001192
-0.000314
0.000046
0.004608
-0.006223
-0.002111
0.000158
-0.003549
-0.001167
0.001844
0.004271
-0.007774
-0.002606
-0.001122
-0.001437
-0.000875
-0.001167
0.008315
-0.010066
-0.000650
0.002922
0.016607
