0.002478
0.010678
0.010767
-0.001224
-0.000918
-0.000918
-0.000918
-0.001224
-0.000918
-0.000918
-0.000918
-0.001224
-0.000918
-0.000918
-0.003517
0.000847
-0.002683
-0.007971
0.004332
-0.006384
0.006403
0.001197
-0.001224
-0.000918
-0.000918
-0.001224
-0.000918
-0.000918
-0.000918
-0.000695
0.000847
-0.003211
-0.000918
0.001070
-0.003211
-0.000389
0.000847
-0.001402
-0.002460
0.000624
-0.003339
-0.000918
0.001197
-0.002460
0.001025
0.007237
0.012442
-0.000389
0.001070
-0.003211
-0.000918
0.001070
0.006180
-0.008194
-0.002460
0.012092
0.009531
-0.000389
-0.000918
-0.001224
-0.000918
-0.000918
-0.001224
-0.000918
-0.000918
-0.000918
0.008167
-0.010309
0.001197
-0.001931
-0.001753
-0.001491
0.008473
-0.010309
-0.001224
0.008473
-0.009780
-0.001179
0.000624
-0.001931
0.001860
-0.001135
-0.000784
-0.000784
0.004682
-0.006735
-0.002065
-0.003033
-0.001797
-0.000918
0.001197
-0.002460
0.000496
-0.001096
-0.002460
-0.000962
-0.001179
-0.000962
0.004549
0.015749
