0.017774
0.001836
-0.000948
-0.000711
-0.000948
-0.009246
0.004892
-0.006461
-0.000948
0.004983
-0.000711
-0.006835
0.004983
-0.006835
-0.000711
0.006421
-0.000439
-0.008544
0.006839
-0.000903
-0.000484
-0.009008
0.006839
-0.000903
-0.008544
0.007349
-0.001458
-0.000903
-0.002285
0.001089
-0.000948
-0.002805
0.001145
-0.001458
-0.000903
-0.008544
0.005311
0.001089
-0.000948
-0.000711
-0.000948
-0.000484
0.005967
0.005538
0.004892
-0.006744
0.005548
0.000580
-0.001412
-0.001594
0.001372
0.015227
-0.003914
0.005220
0.000953
-0.000484
-0.002986
0.000862
-0.008736
0.005447
-0.000893
0.001089
-0.002805
0.000908
-0.000711
-0.000948
-0.002986
0.000862
-0.002522
0.000580
-0.000903
-0.002285
0.001089
-0.000948
-0.000711
-0.000948
-0.000948
-0.000948
-0.000247
0.000953
-0.001231
-0.002986
-0.000711
-0.000948
-0.000948
-0.000711
-0.000948
-0.000948
-0.001458
-0.002058
0.000398
-0.000903
-0.000247
-0.000948
-0.000484
0.016246
0.002719
-0.000484
-0.001458
0.000726
