0.017215
0.003150
-0.001406
-0.008440
0.003869
0.001707
-0.002397
-0.001722
0.001931
-0.001361
-0.000910
-0.003027
0.000443
-0.008846
0.001163
-0.000820
-0.000682
0.005178
-0.001182
-0.001044
0.001029
-0.002848
0.000805
-0.000910
-0.000414
-0.000459
-0.002714
0.001122
-0.002714
-0.007176
0.005178
0.001073
-0.002893
0.000850
-0.000459
-0.000910
-0.000910
-0.002714
0.001122
-0.000910
-0.000910
-0.008078
0.014780
0.003418
0.005405
0.001073
-0.002714
0.000399
-0.000865
-0.008302
0.007161
-0.002893
0.001524
0.017304
0.001797
-0.008708
0.005133
-0.006952
0.007116
-0.002714
0.000895
-0.000682
-0.002714
0.000895
-0.000910
-0.000910
-0.002665
0.001073
-0.008936
0.007116
-0.002714
0.000895
-0.001178
-0.000865
-0.008484
0.007116
-0.000910
-0.000682
-0.000910
0.007161
-0.008980
0.001073
-0.002893
0.007388
-0.008980
-0.000910
-0.000910
-0.000910
-0.000682
-0.000910
-0.000910
-0.000910
-0.000910
-0.000910
-0.000682
-0.000910
0.000895
0.017304
-0.000052
0.000265
