0.000619
-0.000736
0.005327
0.001149
-0.000468
-0.000845
-0.006231
-0.002582
-0.000736
-0.000589
-0.000736
-0.000736
-0.000736
-0.006799
0.003820
-0.000583
-0.005406
0.003858
-0.005144
0.005366
-0.000736
0.001788
0.004765
-0.008039
0.000395
-0.002244
-0.000736
-0.000589
-0.000736
-0.000736
-0.000736
0.000619
0.006011
0.004803
-0.000698
0.003142
0.006081
-0.004461
-0.001937
-0.002691
-0.001113
-0.000736
-0.000736
-0.000397
0.013652
-0.000065
0.000395
-0.000359
-0.000736
-0.002244
0.000772
0.000619
-0.002090
0.000996
0.005743
-0.000806
-0.002090
-0.005330
-0.002244
-0.000736
-0.003221
-0.004314
0.005404
-0.001943
0.000619
-0.000736
-0.000736
-0.000736
-0.002090
0.001973
0.000433
-0.000583
-0.000397
-0.000583
-0.001375
-0.001036
-0.002244
-0.000736
-0.000736
-0.000736
-0.000736
-0.000589
-0.000736
0.014406
-0.005445
0.004950
0.003181
0.005481
-0.000468
0.003410
-0.007138
-0.007138
-0.006799
0.004049
-0.000704
0.012560
0.003973
0.000619
-0.000736
-0.001943
