0.000617
0.001743
0.006381
0.002868
-0.011455
-0.003220
-0.000319
-0.000682
-0.001982
-0.001045
0.000617
-0.001581
-0.000833
0.000768
-0.000682
-0.000682
-0.001045
-0.000319
-0.001007
-0.000032
0.006593
-0.000418
-0.005555
0.004719
-0.002231
-0.006356
-0.001982
-0.000682
0.000617
-0.001982
-0.001158
0.001418
0.008368
-0.001982
0.003405
0.005006
0.003193
0.000881
0.000020
-0.012793
0.001592
-0.005019
0.002793
0.000519
0.008542
0.001743
0.004855
-0.000357
-0.000682
-0.001045
-0.000319
-0.000682
0.005218
-0.004044
0.004319
-0.000093
-0.006568
-0.003795
0.000617
-0.001581
0.000617
-0.000682
-0.001982
-0.000682
-0.005245
0.003881
0.000617
-0.001045
-0.000319
0.001781
0.004757
-0.002306
-0.000644
0.000919
-0.002057
-0.005744
-0.001370
-0.002344
0.000980
-0.000682
-0.001007
-0.004920
0.016444
-0.003681
0.002831
-0.004981
0.013256
0.005905
-0.005555
0.000994
0.000919
-0.009581
-0.004482
0.000443
-0.001958
0.011919
-0.000682
-0.000682
0.005143
-0.001982
