0.006679
-0.000181
0.000909
-0.000103
-0.002736
-0.006717
-0.000713
-0.000713
-0.000570
-0.002061
-0.000868
-0.000713
-0.005251
0.003606
-0.000492
0.000792
-0.001919
0.000636
-0.000713
0.005330
-0.004162
-0.001231
0.000001
0.004773
-0.008260
-0.000713
-0.003189
-0.004240
0.005668
-0.000713
0.004993
0.002672
-0.000220
0.005849
0.001505
-0.000220
0.004436
-0.002165
-0.006263
-0.007171
-0.002061
0.004656
0.003865
0.013332
-0.000038
-0.000713
-0.000713
0.005369
-0.006795
0.000779
-0.000220
0.000001
0.003424
-0.000440
-0.005744
-0.002061
-0.001089
-0.000337
-0.006652
0.004021
-0.001205
-0.000375
-0.000713
0.000792
-0.000713
-0.000713
-0.000570
-0.000713
0.000636
-0.000713
-0.001724
-0.001050
0.005408
0.001285
-0.000375
-0.008597
-0.001802
-0.001504
-0.005290
0.005369
-0.001050
-0.000038
0.014045
0.000441
-0.000713
0.000636
0.006057
-0.000440
-0.004201
0.003541
-0.008480
-0.002074
-0.005251
0.001647
0.016561
-0.004240
-0.000713
0.003982
-0.000713
-0.000570
