0.007463
-0.000245
-0.000295
-0.001887
-0.004908
-0.007078
-0.000568
0.004358
-0.000604
-0.000939
-0.005471
-0.000604
0.004658
-0.001803
0.000260
-0.000389
-0.000903
0.001110
0.004622
-0.004764
0.003902
-0.000353
-0.007306
-0.001803
0.000296
-0.000424
-0.001946
0.000618
0.000296
0.007320
0.004358
-0.005686
0.003352
-0.004608
0.007056
0.004345
-0.000245
-0.000295
-0.004993
-0.002738
-0.000724
-0.000604
-0.006142
0.006313
0.012139
-0.001767
-0.004380
0.009848
0.000247
0.000989
-0.005999
0.003173
-0.003865
0.002681
-0.006022
-0.000724
-0.000604
-0.000724
-0.000939
-0.000268
-0.002067
-0.000604
-0.004800
0.004479
-0.000268
-0.001923
0.000595
-0.000724
-0.000304
0.000775
-0.000796
0.000103
0.004381
-0.000353
-0.001695
-0.006442
-0.000604
-0.006142
0.004815
-0.000903
0.006036
0.007584
-0.000424
-0.000604
-0.000604
0.006408
0.004587
-0.005042
-0.000245
0.004394
-0.012424
-0.000939
-0.000724
-0.000604
0.007428
0.000211
-0.000604
0.003316
0.000739
-0.001803
