0.000566
-0.000789
-0.000789
-0.000789
-0.000789
-0.000075
0.001050
0.010062
-0.002058
-0.010975
-0.001914
-0.001164
-0.000789
-0.000789
-0.000789
-0.000789
-0.000631
-0.000789
-0.002289
-0.005337
0.004921
-0.000789
-0.002930
0.001727
0.000724
0.000372
0.004316
-0.006281
0.004885
-0.000910
-0.013866
0.003796
-0.005265
0.005042
-0.006462
0.006276
0.011755
-0.004285
0.006651
0.005816
-0.002446
-0.000184
-0.000644
-0.000535
-0.008422
0.000227
-0.002180
-0.004647
0.022037
0.003773
-0.000450
-0.001272
-0.000305
0.000566
-0.002144
0.003082
-0.000644
0.004497
-0.006341
0.005585
-0.006015
-0.004394
-0.001164
0.000336
-0.006498
0.003941
0.000724
-0.002519
0.000941
-0.002144
0.000566
-0.006873
0.005296
0.006796
-0.006341
-0.000003
0.002888
-0.005035
-0.000003
-0.000753
-0.003269
-0.006837
0.004957
-0.001647
-0.005482
0.010364
0.009469
-0.002180
-0.000644
0.002102
0.012311
-0.007623
0.002888
-0.001890
-0.005906
-0.005107
-0.001430
0.001727
0.005296
0.007970
