0.002576
-0.001838
-0.000595
0.004369
-0.005559
0.010060
-0.004140
-0.000659
-0.007282
-0.005559
0.004369
-0.001838
0.000648
-0.000595
-0.005460
0.004369
-0.000595
-0.000595
-0.000595
-0.000870
-0.000320
-0.000595
-0.000595
0.004404
0.001029
-0.000278
0.004241
-0.005898
-0.006801
0.000231
-0.001421
-0.001527
0.000372
-0.000044
0.011677
-0.000150
-0.004351
0.004404
-0.000595
0.005887
-0.000278
-0.000278
-0.001351
-0.010798
0.004404
-0.000595
-0.000595
0.007405
-0.000595
0.004129
-0.000320
-0.000595
0.004404
-0.003490
-0.001040
0.000062
-0.000489
-0.000355
-0.002318
-0.000906
-0.000906
-0.002318
-0.000044
0.000612
-0.005283
0.003303
-0.000595
-0.004492
0.004129
-0.000320
0.000817
0.000161
0.002512
-0.004210
0.003543
0.000859
-0.007042
-0.000595
-0.005594
0.003818
-0.005008
-0.000595
0.005541
0.011543
-0.000595
-0.000496
-0.000595
-0.000595
0.005647
0.000103
0.000824
-0.001485
-0.001210
-0.005799
-0.000906
-0.005559
0.003126
0.000337
-0.001252
0.012334
