-0.086988
-0.016993
0.000935
-0.000298
0.006485
0.002866
0.003848
0.010739
0.006083
-0.004233
0.001039
0.005483
-0.000166
0.000608
0.001967
0.005525
0.003911
-0.000266
0.003024
0.003288
0.002090
0.002246
0.002323
0.001170
0.001318
0.002264
0.002427
0.002453
0.002843
0.002883
0.002109
0.001793
0.002476
0.000733
-0.001646
-0.000013
0.000355
0.000288
0.000389
0.000399
0.000415
0.000379
0.000809
0.000538
0.000084
0.000918
0.001061
0.000509
0.000939
0.001064
0.000475
0.000254
0.000346
0.000372
0.000261
-0.000082
0.000948
-0.000419
0.000115
0.000603
0.001090
0.000547
-0.000409
0.002278
-0.000556
0.000217
0.001082
0.000851
0.000537
0.000577
0.000793
0.001003
-0.003120
0.001157
-0.002637
-0.000445
0.000808
-0.000412
0.001555
0.000777
-0.000050
0.000482
0.001490
-0.000907
0.002123
-0.000151
0.000345
0.001091
-0.000101
0.000671
-0.000946
0.000940
0.000260
0.000279
0.000485
0.000466
0.000183
0.000340
0.000552
0.001409
