-0.167510
-0.028942
-0.040715
-0.026738
-0.002186
-0.008429
0.002762
-0.001453
0.001348
0.005403
0.000365
0.000851
0.010448
0.001274
0.001065
0.000500
0.003510
0.005331
0.005259
0.002878
0.002807
0.004489
0.002388
0.001126
-0.005666
0.003997
0.005467
-0.001186
-0.004826
0.001337
0.004978
0.005190
0.003087
0.002737
0.002808
0.002737
0.004980
0.003578
0.005190
0.003087
0.003017
-0.000975
0.004208
0.003859
0.003089
0.003088
0.003647
0.004559
0.003509
0.004698
0.004558
0.004069
0.003858
0.003578
0.003576
0.004347
0.002597
0.003368
0.002527
0.003297
0.000706
0.001827
0.001336
0.000076
-0.000415
-0.003846
0.002244
0.002244
0.003575
0.003785
0.005117
0.008198
0.005536
0.006097
0.004486
0.005396
0.003086
0.002666
0.005116
0.004415
0.007918
0.006587
0.008759
0.003995
0.003786
0.002454
0.001683
-0.000207
-0.005455
-0.000905
0.000635
0.001828
0.001127
0.003579
0.003438
0.004349
0.003228
0.002527
0.004837
0.002387
