-0.229810
-0.042408
0.000187
-0.000930
0.004028
0.001945
0.001903
0.002196
0.001862
0.001779
-0.006174
-0.000593
0.006529
0.006529
0.007029
0.005364
0.008151
0.009774
0.004364
0.005988
0.005738
0.004531
-0.001091
0.002408
0.006030
0.006571
0.006946
0.005404
0.009566
0.007401
0.005446
0.006154
0.004614
0.006029
-0.000343
-0.007590
0.003278
0.002195
0.001738
0.003611
0.000447
0.002445
0.001862
0.004068
0.003941
0.003069
0.004236
0.000654
0.005610
0.002320
0.001528
-0.001343
0.002194
0.007775
0.001405
0.000280
0.000738
0.002527
0.004984
0.002860
-0.000139
0.005609
0.004568
-0.002842
0.006359
0.001403
0.004651
0.003777
-0.000262
0.002071
-0.004838
0.002987
0.008607
-0.001593
-0.008131
0.001405
-0.000427
0.004276
0.006734
0.000987
0.004818
-0.001803
0.002236
0.004694
0.002652
0.002610
0.001488
0.002318
0.004568
-0.001261
0.001279
0.006900
-0.001760
0.002320
0.001445
-0.000138
0.009023
0.001486
-0.001177
0.005152
