-0.241762
-0.036395
-0.012436
0.003326
0.005019
0.002328
0.002396
0.002287
0.002267
0.002138
0.002983
-0.006048
-0.001307
0.006808
0.005413
0.005803
0.005776
0.009346
0.004690
0.007028
0.005135
0.001208
-0.001657
0.006007
0.006384
0.006292
0.005813
0.008790
0.005175
0.005074
0.005532
0.004307
-0.001792
-0.006377
0.002236
0.003108
0.001700
0.003336
0.002586
0.004670
0.004137
0.005131
0.001571
0.004398
0.004106
0.003750
0.002708
0.001686
0.000739
0.004177
0.002844
0.002643
0.002884
-0.002308
0.004327
0.000288
0.004306
0.003448
-0.000788
0.006764
0.006479
0.005936
0.006652
0.003824
0.001506
0.002881
0.000220
0.004941
0.001456
-0.007613
-0.005108
0.000838
0.005698
0.005565
0.000156
-0.003364
0.002168
0.001890
0.003054
0.004727
0.003560
0.005661
0.004602
0.004049
0.002749
0.004792
0.002504
0.002331
0.004714
0.002817
0.000387
0.001863
0.005291
0.002582
0.003869
0.000655
0.004486
-0.000214
0.006333
0.001072
