-0.114196
-0.007546
-0.015280
-0.005247
-0.000717
0.001998
0.007495
0.003046
-0.000876
0.003866
0.001680
0.001216
0.000764
0.001466
0.003216
0.000853
0.001722
0.000730
0.001408
0.000264
0.000891
0.001069
0.001144
0.000504
0.000897
0.001614
0.000189
0.001274
-0.004277
0.000248
0.003421
0.003540
0.003410
0.003752
0.003793
0.005614
0.003454
0.002811
0.003834
0.003023
-0.001224
0.004501
-0.001313
0.004208
0.003499
0.003961
0.002724
0.007210
0.003094
0.003653
0.004317
0.003848
0.000252
-0.003999
-0.000513
0.001309
0.000965
0.000174
0.001428
0.001496
0.001116
0.001041
0.000404
0.002295
0.000986
0.001569
0.000833
0.002849
0.000476
0.001374
-0.000489
0.001716
0.000993
0.000014
0.001357
0.001288
-0.000566
0.000353
0.000805
0.000678
0.002685
-0.000602
0.000959
0.003001
-0.001127
0.003374
0.001750
0.000657
0.001482
-0.003451
-0.001618
0.002288
-0.002449
-0.000150
0.001274
0.001973
0.002092
0.000812
0.001583
0.000716
