-0.112388
-0.044299
-0.028390
-0.011730
-0.010802
-0.004254
-0.002626
0.003238
0.001384
0.001271
0.001433
0.002920
0.001390
0.000490
-0.002495
0.005335
0.004877
0.005793
0.004947
0.007991
0.004780
0.005135
0.005464
0.002866
0.003136
0.005038
0.005776
0.004607
0.005771
0.006752
0.004596
0.005103
0.005674
0.001142
-0.003670
0.002123
0.001977
0.002802
0.001223
0.001875
0.001864
0.002063
0.002839
0.001961
0.002284
0.001444
0.002883
0.004020
0.001902
0.002295
0.002511
0.001794
0.003125
0.001503
0.003125
-0.001337
0.001180
0.003249
0.001875
0.002920
0.002365
0.002516
0.002080
0.002010
0.002387
0.002748
0.002662
0.002090
0.000641
-0.005330
-0.000512
0.001422
0.002214
0.004370
0.003966
0.002958
-0.000566
-0.001391
-0.005874
-0.001374
-0.000652
0.001007
0.002317
0.002667
0.002295
0.002629
0.002263
0.002473
0.002688
0.003114
0.001649
0.001918
-0.000701
0.002311
0.002387
0.002311
0.002220
0.002317
0.003050
0.002602
