-0.159029
-0.013212
-0.011046
-0.003547
-0.001373
0.000858
0.000553
0.002018
0.002301
-0.002928
0.002304
0.002491
0.002062
0.003174
0.003672
0.000235
0.001746
0.008128
0.001106
0.000260
-0.000614
0.002545
0.006018
0.002438
0.002328
0.002925
0.005581
0.003037
0.000062
-0.001743
-0.004004
0.001702
0.002097
0.001100
0.000177
0.001037
0.006595
0.002847
0.000875
0.003463
-0.000391
0.002957
0.006661
0.000248
0.001043
0.000798
0.003257
0.003191
0.003389
0.000782
-0.003133
-0.001727
0.001320
0.002084
0.000952
0.000883
-0.000081
0.000760
0.000957
0.003696
0.001424
0.002449
0.001309
0.001150
0.001336
0.000900
0.001938
0.001084
0.000776
0.000900
-0.000361
-0.001938
-0.000070
0.003046
0.004510
0.003892
0.006656
0.005499
0.004930
0.005505
-0.000070
0.005667
0.005719
0.005947
0.008700
0.004994
0.006010
0.001735
-0.001878
-0.000142
0.000581
0.000820
0.001400
0.001463
0.001158
0.000652
0.000100
0.001139
0.002641
0.002545
