-0.153486
-0.019048
-0.005888
-0.007757
-0.002022
0.000240
-0.000460
0.001750
0.001716
0.001662
-0.002460
0.002664
0.001101
0.004052
0.002604
0.004545
-0.000569
0.002849
0.007916
0.001917
-0.001276
-0.000253
0.001415
0.003941
0.006632
0.001440
0.002554
0.004684
0.004566
0.000287
-0.000655
-0.005847
0.001062
0.001577
0.001530
0.000544
0.001417
0.000064
0.008569
0.000118
0.001311
0.002416
-0.000318
0.002689
0.005986
0.002589
-0.001946
0.001922
0.003820
0.001986
0.004601
-0.001649
-0.004246
0.002205
0.002337
-0.000043
0.001015
0.001075
0.000660
0.001549
0.002660
0.001349
0.003251
0.000708
0.000730
0.000861
0.000827
0.000955
0.001690
0.000393
0.001090
0.002267
-0.002492
-0.001270
0.002668
0.005487
0.003952
0.006645
0.006171
0.006099
0.006055
-0.000138
0.005874
0.007020
0.007320
0.006510
0.006150
0.004357
0.002319
-0.005072
0.000623
0.001354
0.002054
0.001904
0.000315
0.001919
0.000554
0.000950
0.002061
0.002174
