0.000749
0.002897
-0.001725
0.001159
-0.001229
-0.002770
0.001026
-0.001922
-0.001384
0.000588
-0.001219
-0.001714
-0.002716
-0.001581
-0.012232
0.002891
0.006580
0.006206
0.005391
0.013286
0.007897
0.005732
0.006910
0.002400
-0.003202
0.006271
0.004511
0.004884
0.009965
0.008776
0.006292
0.005732
0.002971
-0.004535
-0.013884
0.000727
-0.002034
-0.000360
-0.002641
0.002929
0.000200
-0.004332
0.000045
-0.000824
0.001277
0.000674
-0.000424
0.001676
0.002732
0.000903
-0.002274
0.000386
-0.003857
0.001554
-0.002956
-0.001538
0.000903
-0.009284
-0.001549
0.002380
0.002897
-0.003276
0.001543
-0.003542
0.001837
-0.000195
0.002380
-0.000094
0.000653
-0.001789
-0.003399
-0.014140
-0.004306
0.006442
0.003446
-0.005660
-0.013213
-0.000019
-0.001416
0.000088
0.001101
-0.002999
0.003051
-0.001219
0.000850
-0.000328
-0.003266
0.001863
0.002700
0.000024
-0.013292
-0.000697
0.000099
0.000466
-0.003276
-0.000856
-0.001810
0.000168
-0.000989
0.002865
