-0.078947
-0.002080
0.001721
0.000420
-0.001635
0.001172
0.001310
0.001309
-0.000882
0.004049
-0.010987
0.006191
-0.005506
0.003347
0.000454
-0.003673
0.007594
-0.004890
0.001669
0.002459
-0.000215
-0.002955
0.005248
0.001702
-0.004993
0.001670
-0.006858
0.004410
-0.010916
0.000660
-0.000780
-0.001071
-0.000659
0.005146
-0.001191
-0.002252
0.004598
-0.002731
-0.001756
0.006380
-0.003212
-0.000438
0.002629
-0.001139
0.001464
-0.006054
0.000660
0.000197
0.001875
-0.001823
-0.000866
-0.002149
0.001241
0.004513
-0.001362
0.002543
0.002167
0.000129
0.001688
0.001585
-0.000471
-0.000454
-0.001670
-0.000369
-0.000214
0.001412
-0.004869
-0.009427
0.004875
0.005851
0.004876
0.007168
0.008726
0.007133
0.005064
0.006519
0.005937
-0.000862
0.005661
-0.002900
0.004944
0.006022
0.005851
0.003950
0.010558
0.003470
0.005029
0.007118
0.004156
-0.001820
-0.011602
-0.002644
-0.000094
0.001292
0.001241
-0.002305
0.001343
-0.000010
0.001601
-0.000265
