-0.079955
0.004787
0.000028
0.001456
-0.001235
-0.000780
0.000901
0.000464
-0.001285
0.000431
-0.009899
-0.004042
0.004303
0.006977
0.004219
0.007532
0.008170
0.007497
0.003428
0.006708
0.004404
0.004253
-0.000595
-0.001839
0.005935
0.006523
0.007027
0.004538
0.009668
0.004638
0.006724
0.006960
0.002974
-0.002039
-0.010219
-0.003287
-0.000108
-0.001166
0.001793
-0.000512
-0.001790
0.000431
0.000043
0.000431
0.004804
-0.001285
-0.002750
0.005511
-0.002934
0.001171
-0.000075
0.000750
-0.000176
0.002163
-0.008132
0.003610
-0.002598
0.002988
0.000867
-0.002262
0.003778
-0.003187
-0.000276
0.002803
-0.001251
-0.002093
0.004552
0.000784
-0.000276
-0.002716
0.002164
-0.006114
-0.000662
-0.005524
0.003155
-0.003135
-0.001454
0.004872
0.000565
-0.000747
0.002971
-0.003456
-0.001084
0.005696
-0.002867
-0.001371
0.001154
-0.002312
0.003829
-0.005088
-0.001504
0.001188
0.003374
-0.001454
-0.003068
-0.001219
-0.002227
0.004856
-0.000612
0.001810
