-0.241057
-0.031375
-0.010543
0.005152
0.004197
0.004024
0.001396
0.002165
0.002095
0.002854
-0.007497
0.000274
0.005945
0.004912
0.005903
0.005308
0.009663
0.004964
0.005945
0.005412
-0.000829
0.002844
0.003987
0.006446
0.006553
0.004034
0.010057
0.004371
0.004964
0.005487
0.005715
-0.000495
-0.005935
0.002490
0.001188
0.002160
0.003503
0.001659
0.004418
0.003784
0.003712
0.002812
0.000886
0.005568
0.002373
0.005365
0.001855
0.000053
0.003620
0.001994
0.002544
0.004378
-0.002416
0.001558
0.002373
0.004193
0.002227
0.001786
0.005417
0.006835
0.005063
0.004969
0.006069
0.002229
-0.000049
0.004230
0.002614
0.001340
-0.002919
-0.008317
-0.001042
0.005338
0.006426
0.001830
-0.005923
-0.000879
0.002809
0.003776
0.002257
0.005117
0.003402
0.003605
0.006191
0.002502
0.005494
0.002081
0.002433
0.004240
0.003335
0.002234
-0.001253
0.006312
0.003471
0.000683
0.002443
0.001627
-0.000929
0.006158
0.006277
0.001488
