-0.224746
-0.014110
-0.007968
-0.001853
0.000980
0.004152
0.004054
0.006948
0.012894
0.007723
0.004891
0.006432
0.010668
0.008071
0.004814
0.002602
0.000988
0.004865
0.006460
0.007019
0.004852
0.005064
0.002932
0.000421
-0.004625
0.002278
-0.001339
0.001652
0.002636
0.005984
0.006136
0.003924
0.002590
0.002443
0.003110
0.000078
-0.001233
0.001080
-0.000269
-0.000860
-0.001964
-0.001218
0.000614
-0.000894
0.003049
0.001161
0.003250
0.001627
0.001750
-0.000698
0.001790
0.001310
0.002002
0.001511
0.002205
0.001832
0.002548
0.002472
0.002585
0.001214
0.002189
0.001530
0.001919
0.001725
0.002284
0.000681
0.001880
0.001796
-0.001364
0.003717
-0.001885
0.002811
0.002766
0.002966
0.003891
0.005573
0.002945
0.003616
0.003127
0.002857
-0.000193
0.003277
0.003180
0.003248
0.005412
0.002857
0.003217
0.002715
0.001153
-0.001879
0.002610
0.001819
0.001960
0.001514
0.003227
0.001856
0.003677
0.003407
0.002461
0.001569
