-0.160791
-0.050886
-0.029446
-0.024833
-0.003654
-0.005396
-0.003171
0.000188
-0.004530
0.002556
0.005356
0.000383
-0.002348
-0.005716
0.000007
0.004545
0.004060
0.007016
0.008772
0.007213
0.006101
0.005594
0.004686
0.002462
0.001754
0.006647
0.005031
0.004536
0.007498
0.008910
0.004542
0.002785
0.003628
0.001370
0.000042
-0.004724
-0.000143
-0.000824
0.000378
0.002189
0.001002
0.002279
0.003964
0.002909
0.004093
0.002486
0.004644
0.003125
0.004884
0.005220
0.005289
0.002783
0.003607
0.006047
0.001575
0.003601
0.001866
0.004024
0.004659
-0.002284
0.003050
0.003128
0.005229
0.001713
0.004447
0.002771
0.004866
0.003604
0.001305
0.005283
0.004183
0.003952
-0.004583
-0.001954
0.005822
0.004225
-0.004808
-0.001576
0.007615
0.002753
0.002981
0.004662
0.003838
0.005520
0.003244
0.002354
0.003943
0.002207
0.004372
0.000531
0.005214
0.001506
0.003676
0.002345
0.003232
0.004713
0.003128
0.005493
0.003316
0.005136
