0.000815
0.005555
0.001715
-0.002272
-0.000233
-0.000872
-0.001351
-0.000472
-0.002755
-0.000924
-0.000673
-0.007038
-0.001376
0.004868
0.000606
0.000819
0.001542
0.003255
0.000702
-0.009330
0.000380
0.001994
0.000111
0.002928
0.002237
-0.001289
0.007329
-0.005864
-0.002677
0.002189
0.000328
-0.001533
0.001972
0.000472
-0.000124
0.001255
0.000376
0.000494
0.010121
0.000346
0.000602
0.000042
-0.004320
-0.011587
-0.005442
-0.001281
0.001350
-0.003203
-0.000124
-0.000115
0.000015
0.000293
0.002368
0.004698
-0.001942
0.005886
0.000563
-0.000798
-0.000672
-0.001607
0.001202
-0.004120
-0.000950
-0.000124
0.000346
-0.005938
-0.000372
-0.000124
0.001907
0.000015
-0.004477
0.002537
0.005159
0.001054
0.005755
-0.000685
-0.000681
-0.000124
0.000176
-0.005042
0.002337
-0.000216
0.000541
-0.001972
0.004772
-0.000381
0.000145
-0.000424
0.000346
-0.000402
-0.011500
0.001585
0.002411
0.003277
0.000550
0.004868
-0.002686
0.000445
-0.000024
0.002455
