0.000523
0.005383
-0.002532
-0.002281
0.002391
0.002752
0.000248
0.001064
0.001441
0.004166
0.001049
-0.004620
-0.012081
-0.004517
-0.006482
0.002651
0.000114
-0.000514
0.002972
0.000364
0.000114
0.002980
-0.002878
0.006843
-0.002179
-0.006043
-0.002721
0.003019
-0.002768
-0.005626
-0.000106
0.005516
0.006081
-0.003105
0.001315
0.001645
0.000397
0.007055
-0.000679
-0.000381
-0.002148
0.005006
-0.002430
-0.006497
-0.000106
0.002101
-0.004684
-0.003129
0.001339
-0.000671
-0.004158
-0.000231
0.000184
0.008484
0.000130
-0.002116
0.002902
0.000020
0.007683
-0.002273
-0.000255
-0.000372
-0.000075
0.000405
-0.002321
0.001803
-0.001786
0.002815
0.001677
0.000278
0.000852
0.000364
-0.002274
-0.001032
0.003671
0.000624
0.000570
0.002274
0.002956
0.000578
-0.001700
-0.007982
-0.004535
-0.001425
0.001677
0.001135
0.002250
0.003208
0.002650
0.001111
-0.001621
-0.002501
-0.002933
-0.005257
-0.000231
0.000405
0.000082
0.000060
0.002430
0.002446
