0.001197
0.004981
-0.000838
-0.000347
-0.000368
-0.011037
0.000703
-0.000188
0.000588
0.002689
0.002803
0.002153
-0.000903
-0.011617
-0.000866
0.004115
0.000940
0.002550
0.001978
-0.001353
-0.000266
0.001536
0.000347
0.000127
0.001667
0.001430
-0.001696
0.005500
0.005933
-0.001267
0.000956
0.002615
-0.000699
-0.011163
0.000641
-0.004605
-0.000682
0.000972
-0.001912
-0.000703
-0.000785
0.000188
0.006064
-0.000229
0.007813
-0.002288
-0.000368
-0.002407
-0.000229
-0.007098
-0.005618
0.002484
-0.002640
-0.000368
-0.000703
0.006423
-0.001140
0.006599
0.000523
-0.000821
-0.000229
-0.000229
-0.000785
-0.007474
-0.000229
-0.000229
0.001495
-0.004740
-0.001397
0.001058
-0.000842
-0.000213
-0.001835
0.007457
-0.000368
-0.000229
0.005831
0.001773
-0.000229
-0.002566
-0.000090
-0.000208
-0.000842
0.000098
-0.000110
0.000343
0.000327
0.001434
-0.001475
0.001320
-0.005688
-0.005055
0.005026
0.002644
0.002930
0.001896
-0.001496
0.001949
-0.000785
0.000445
