0.001394
-0.002170
0.000106
0.001424
0.000870
0.003176
-0.003983
-0.001436
0.003042
0.000106
0.000525
-0.002830
-0.001302
0.003446
0.002847
0.003566
0.000121
-0.006768
-0.004222
0.001664
0.003970
-0.002665
0.000091
-0.001901
0.001499
0.002667
0.001439
0.005677
0.000630
-0.002380
-0.001901
-0.001107
0.000301
0.001664
-0.008730
-0.001931
0.003760
-0.001541
0.000720
0.007714
0.000465
-0.002650
0.000001
0.001484
-0.004432
-0.004732
-0.000164
-0.000448
-0.000179
-0.001032
-0.002290
0.003161
0.002323
0.001873
0.003730
-0.001077
-0.001182
-0.000044
-0.000044
-0.001601
-0.004821
-0.002110
0.001170
-0.000224
-0.000208
-0.001347
0.003700
-0.000254
0.004255
0.002502
-0.000882
-0.000194
-0.001901
-0.000703
0.002458
-0.004612
0.000615
0.001888
0.001424
-0.002605
-0.006499
0.001679
0.004599
0.001933
-0.002320
0.000106
0.003820
0.000121
0.003491
0.000196
-0.000253
0.003191
-0.009509
-0.002350
0.001334
-0.004507
0.002188
0.001529
0.000825
0.001559
