0.006618
-0.000180
0.000207
-0.000626
-0.001035
-0.000449
-0.000490
-0.000490
-0.001462
-0.008827
-0.000765
0.002420
-0.002380
-0.000033
0.002692
0.000231
0.004906
-0.000025
-0.008026
-0.003156
0.002886
0.002812
0.003158
-0.000724
-0.000918
-0.002608
0.000419
0.000849
0.002505
0.004310
0.000988
-0.001827
-0.000281
0.002654
0.007974
0.001546
0.002211
-0.002276
0.002714
0.001143
0.001573
-0.002911
-0.010158
-0.002431
-0.000101
-0.003365
0.004383
-0.004762
0.003898
-0.000607
-0.003501
0.006245
0.000640
-0.000335
0.008500
-0.002494
-0.001190
-0.001440
-0.000961
-0.000980
-0.006725
-0.000531
-0.000825
0.001957
0.000130
-0.007288
0.000286
-0.000607
0.000114
0.005412
0.001995
0.000517
0.003468
-0.000607
-0.000803
-0.000645
-0.003444
0.000340
-0.000705
-0.001038
0.000457
0.000130
0.002673
-0.000566
-0.000858
-0.001247
-0.006978
0.000416
-0.000316
0.000716
0.004811
-0.000354
0.000460
0.001484
0.000476
-0.000204
0.001799
-0.004727
0.002690
0.001473
