0.002739
0.001573
0.000258
0.000834
0.002104
-0.002223
-0.000579
-0.004645
-0.003713
0.000069
0.000622
0.003724
0.001156
0.004069
-0.002212
-0.008286
-0.003760
-0.000101
0.004207
0.001844
0.002869
-0.000042
-0.000770
-0.000945
0.001652
-0.000656
0.002247
-0.000212
-0.000334
0.000792
0.008385
0.001097
0.001387
-0.000061
0.000311
-0.008435
-0.000844
-0.001150
0.002109
0.000579
-0.001593
-0.000486
0.000489
0.002492
0.002492
0.007830
-0.005691
-0.005989
-0.000101
-0.002180
-0.004910
-0.000871
-0.001590
-0.002281
-0.002592
0.003602
0.001166
-0.000101
0.000277
-0.001059
-0.004512
-0.001673
-0.001747
-0.000119
0.000646
0.001732
0.000473
0.004053
0.002470
0.006680
-0.002754
0.001796
-0.001715
-0.003187
0.000011
-0.003365
-0.001407
-0.000448
-0.004286
-0.002153
0.003883
-0.000037
0.001156
0.002003
-0.001675
0.005182
0.000309
-0.002414
0.001860
-0.001686
0.001748
0.000069
0.000301
0.000834
-0.006302
0.004683
0.004032
-0.001256
0.000157
0.002091
