0.002258
-0.002994
0.001781
0.006879
0.000295
-0.002016
-0.000047
-0.001628
0.000098
0.001356
-0.000970
0.001678
0.005506
-0.003912
-0.004771
-0.001881
0.001978
-0.000405
-0.003388
-0.000487
0.002776
0.004336
0.001621
0.000843
0.003387
0.000253
-0.000395
0.000720
-0.001633
-0.006123
-0.000322
0.001501
-0.001628
0.000004
-0.000819
-0.001067
0.003983
0.002341
0.001693
0.004180
-0.000477
-0.002897
-0.000213
-0.001809
0.002175
-0.000705
-0.005026
0.000398
0.000087
-0.003627
-0.002006
0.001056
-0.003466
0.001900
0.002097
0.000315
0.003605
0.001989
-0.000410
-0.000094
-0.000689
-0.007657
-0.005860
-0.000094
-0.000586
-0.001052
0.003766
0.000652
0.002128
0.004641
-0.002814
0.001895
-0.000524
-0.000079
0.001455
-0.002295
0.000595
0.003310
-0.002274
-0.000441
-0.000327
0.001356
-0.001104
0.003512
0.000989
0.002859
0.000300
-0.005932
-0.003109
-0.000094
0.000574
0.003077
0.002356
0.002035
-0.000405
-0.009139
-0.001566
0.000595
0.000404
0.001673
