0.000665
-0.000762
-0.000762
-0.000253
-0.001119
-0.000008
0.000460
-0.002230
0.005273
-0.001364
0.010676
-0.000762
-0.002200
-0.009774
-0.000324
-0.005686
-0.002353
-0.000762
-0.000610
-0.000762
-0.000762
0.006893
0.008769
-0.000762
0.004946
-0.003932
-0.001283
-0.002037
0.005670
0.007056
-0.012476
-0.000008
0.005038
0.005273
0.001939
0.011430
-0.012241
-0.007593
0.005670
-0.002200
0.000828
-0.000762
-0.000610
-0.000762
-0.000762
-0.008908
-0.006114
0.007220
0.005823
0.000828
0.005711
0.004039
-0.010763
-0.003546
-0.000610
-0.000762
-0.000762
-0.000610
-0.000762
-0.002190
0.000817
-0.001955
-0.012435
0.010910
0.000705
-0.001160
0.001337
0.007852
0.004039
-0.000283
0.000665
-0.000762
-0.000610
-0.008897
0.006588
0.003121
0.005202
0.001226
-0.001955
0.006822
-0.000762
-0.001680
0.000308
-0.000803
-0.000569
-0.009733
0.002612
0.010308
-0.016482
0.004641
0.005782
0.002255
-0.001628
-0.003393
-0.014535
-0.003546
-0.000610
0.000665
0.006395
0.006302
