0.000648
-0.000322
-0.001261
-0.000704
-0.000704
-0.000879
-0.000704
-0.000704
0.012844
0.003661
-0.000704
-0.009733
-0.000621
-0.006513
-0.001478
-0.002354
0.005694
-0.007318
-0.000662
-0.001127
0.007933
0.007891
-0.000498
-0.000704
-0.000704
0.005982
0.001453
-0.000498
0.005166
-0.008205
-0.005533
0.012204
0.000648
-0.005274
0.017415
-0.003159
-0.009980
-0.000879
-0.000704
-0.000704
-0.000879
-0.000704
-0.007741
0.006158
-0.002396
-0.009444
0.005941
0.003661
-0.000879
0.000824
0.005136
0.007251
-0.008205
-0.007947
-0.000879
-0.000704
-0.000704
-0.007741
0.006158
-0.002231
0.000648
-0.002396
-0.006431
0.003991
0.000442
0.000813
0.003661
0.012638
-0.002572
-0.001385
0.002134
-0.000879
-0.002396
-0.000498
0.000648
0.000824
0.006952
0.001236
0.005694
-0.000662
-0.007318
0.005694
-0.000456
-0.000704
-0.002231
-0.000621
-0.010661
0.007727
0.001958
-0.009051
0.001030
0.005941
0.006117
-0.006131
-0.016089
-0.004769
-0.000322
0.007798
0.005394
0.000648
