0.000664
-0.000791
-0.000633
-0.000791
-0.000633
-0.000791
-0.000428
-0.000592
0.005319
-0.005528
0.010701
0.003376
-0.001038
-0.006943
0.002848
-0.014509
-0.000791
-0.001038
-0.000791
-0.000592
-0.000428
-0.000269
0.007344
0.007508
0.006246
-0.004595
0.004790
-0.008721
-0.000791
-0.000633
0.001920
-0.001279
0.005319
-0.000222
0.006575
0.000664
0.005923
-0.005892
0.004392
0.007015
-0.014509
-0.000633
-0.007348
0.005518
-0.000386
-0.000791
-0.000633
-0.002412
-0.007712
0.005929
0.001920
-0.000633
-0.000791
-0.000633
0.007790
0.003781
-0.013623
-0.001196
-0.000633
-0.000791
-0.000633
-0.000791
-0.000791
-0.000633
-0.008927
-0.002817
0.007955
0.001028
0.005600
0.003458
-0.002089
0.001193
0.005724
-0.000633
-0.001196
-0.006702
-0.000750
0.007179
0.004955
0.006739
-0.004437
0.004955
-0.000228
-0.000428
-0.000791
-0.000633
-0.000791
-0.001038
-0.013740
0.014669
-0.003509
-0.005481
0.005882
0.005724
-0.007266
-0.010142
-0.008522
0.005923
0.001357
0.006534
