0.000655
-0.000772
-0.000772
-0.000772
-0.000772
-0.000772
-0.000772
-0.000772
0.006260
0.001913
0.008285
-0.001219
-0.000730
-0.003329
-0.007422
-0.002307
-0.000965
-0.000772
-0.007997
-0.000772
0.007305
0.001423
-0.003650
0.008605
0.006453
-0.002010
0.003490
-0.004460
0.012505
-0.014647
0.003853
0.001380
0.008327
-0.000560
-0.000367
0.011737
-0.010554
-0.003904
-0.000772
-0.000772
-0.002392
-0.006612
0.006495
-0.002392
0.000848
-0.001219
-0.001177
-0.008807
0.006132
0.001423
-0.000965
0.000848
0.014294
-0.015626
-0.003009
-0.000772
-0.000772
-0.000772
-0.000965
-0.000772
-0.008039
0.004705
-0.008190
0.001913
0.004343
0.001423
0.006302
0.008775
-0.000899
-0.000155
0.000401
-0.000730
-0.007592
0.006005
-0.000730
-0.001775
0.003853
0.013037
-0.000942
-0.006080
0.005643
-0.000325
-0.000367
-0.000965
-0.000772
-0.000772
-0.000772
-0.001219
-0.015541
0.010032
-0.003692
-0.000475
-0.000282
0.013315
-0.008402
-0.011237
-0.006824
0.000655
0.005982
0.007027
