0.000746
-0.000612
-0.000612
-0.000612
-0.000612
-0.000612
-0.000612
-0.000229
0.000659
0.004403
0.006491
0.001939
-0.000612
-0.008473
-0.005705
-0.003032
-0.000490
-0.000612
-0.000612
0.005552
0.000154
0.002113
0.007553
-0.002144
0.005630
-0.006009
0.004786
0.006404
-0.000099
-0.012295
-0.000786
0.006108
0.001433
0.000869
0.017373
-0.011956
-0.000612
-0.002144
-0.000612
-0.000612
-0.000612
-0.000490
-0.000612
-0.008647
-0.002693
0.001433
0.005899
0.001129
0.013290
-0.000829
-0.004094
-0.002736
-0.009413
-0.000995
-0.002562
0.000111
0.000581
-0.000272
-0.000446
-0.000272
-0.000612
-0.000612
-0.000612
-0.000995
-0.013661
0.012524
0.000869
0.012524
0.001129
-0.003032
0.000111
0.001260
-0.000612
-0.002144
-0.000272
-0.000272
0.008485
0.005595
0.001129
-0.006732
0.004786
0.000111
-0.000951
-0.000533
-0.000229
-0.001970
-0.007498
0.000111
0.006187
-0.009109
0.005978
0.002061
0.005508
0.000355
-0.022916
-0.006183
-0.000786
0.000581
-0.000099
0.011245
