0.000758
-0.000608
-0.000608
0.000758
0.004183
-0.005400
-0.000608
-0.000432
0.004008
-0.005278
0.000251
0.012908
-0.000267
-0.006810
0.002168
-0.013563
-0.000608
-0.000608
-0.000487
-0.000608
-0.000608
0.007345
-0.000432
0.006882
0.006618
0.001451
-0.006634
-0.002238
0.005594
0.007092
-0.014719
0.000758
0.006111
0.004701
0.002300
0.006794
0.005539
-0.016174
-0.001038
-0.001974
0.000031
-0.000267
-0.006425
0.004866
0.000119
-0.001643
-0.013221
0.003842
0.008292
0.000460
0.007907
-0.000223
-0.015744
0.003666
-0.000487
-0.000223
-0.000994
-0.000608
-0.000608
-0.000608
-0.000608
-0.000608
-0.000608
-0.002029
-0.004839
0.005594
0.000758
0.011288
-0.010523
0.012610
-0.000608
-0.000608
-0.000487
-0.012197
0.015562
0.002344
-0.000091
0.001231
0.003666
-0.001247
-0.004112
0.003832
0.001275
-0.000608
-0.001765
-0.009289
-0.004078
0.012181
-0.012538
0.006023
0.004812
-0.000608
0.011454
-0.013265
-0.014973
-0.003692
-0.000652
0.005252
-0.003814
0.011322
