0.000667
-0.000785
-0.000785
-0.000785
-0.000785
-0.000785
0.002685
0.007608
-0.000699
0.006611
-0.003800
-0.007553
-0.007965
-0.002607
0.006567
-0.000785
-0.006513
0.004746
-0.005665
0.015914
-0.000373
-0.000785
-0.000373
0.006198
-0.004951
0.011078
-0.003474
-0.005037
-0.007726
0.008303
0.001535
0.006611
-0.000785
0.009971
-0.001936
-0.010329
-0.000785
-0.000785
-0.000785
-0.000785
-0.000785
-0.000785
-0.000785
-0.002607
-0.006643
-0.008747
0.005786
0.001535
0.007847
0.005374
0.003812
0.003835
-0.017140
-0.000330
-0.002607
-0.000785
-0.000785
-0.000785
-0.000785
-0.000785
-0.000785
-0.000785
-0.000785
-0.000785
-0.001241
-0.002564
0.010057
0.007977
0.000863
-0.000785
-0.008507
0.004137
0.002273
-0.000373
0.011946
-0.001653
-0.000785
-0.007227
0.011730
0.000863
-0.000785
-0.000785
-0.000785
-0.001437
-0.000742
-0.000373
-0.010156
0.001535
-0.000699
0.004377
0.001861
0.005743
-0.009049
-0.016728
0.003965
-0.004994
0.007737
0.006654
-0.000373
-0.002434
