0.009610
-0.003040
-0.000789
0.003350
-0.000733
-0.000838
-0.002008
-0.005138
-0.005848
-0.005065
0.004818
-0.002516
-0.005622
-0.000031
0.009990
0.005020
-0.000684
-0.007453
0.000171
0.007279
0.000865
-0.000733
-0.005952
0.003196
0.000945
0.000889
0.003019
0.000631
0.003325
-0.000483
0.007852
-0.004097
-0.005727
-0.000983
-0.000733
0.008634
-0.003468
0.000163
-0.002911
-0.011157
-0.006324
0.003721
0.001518
0.003874
0.002672
0.000163
0.000421
0.008707
-0.000983
-0.000733
-0.011060
-0.001983
-0.007776
0.002430
0.005334
0.014944
0.002881
0.002777
-0.000604
-0.009228
-0.000838
-0.000959
-0.004670
-0.001693
-0.003500
0.000768
0.008586
0.010538
0.000195
0.003850
0.000236
-0.005017
-0.004597
0.001671
-0.010552
0.000663
0.010562
-0.000063
0.005625
0.005883
0.000413
-0.005428
0.005375
-0.007074
-0.000733
-0.000838
-0.000733
0.000841
0.006601
0.000695
-0.012310
-0.001233
-0.005275
-0.006268
0.000945
0.003891
-0.005146
-0.007098
0.003527
0.008658
