0.005676
0.001018
-0.000638
0.002336
-0.003500
-0.006055
-0.010797
0.000626
-0.001648
-0.000554
0.009969
-0.000553
0.000119
-0.000975
0.003600
-0.001115
0.005368
-0.001593
-0.004398
0.004863
-0.000583
-0.000666
0.004469
0.001244
-0.000526
0.003515
0.004947
-0.000947
-0.001901
0.004357
-0.001311
-0.008889
-0.000583
0.005873
0.003458
-0.006110
-0.004652
-0.007514
-0.005997
0.001018
-0.000441
0.004778
0.004583
-0.000358
0.001999
0.006462
-0.000470
-0.005885
-0.002099
-0.010854
-0.003192
-0.000807
0.008988
0.000568
0.000007
0.010418
0.003207
-0.004960
-0.001593
-0.010010
-0.000583
-0.004679
-0.002827
-0.003641
0.002702
0.004412
0.013674
0.001184
-0.000134
-0.000666
-0.002182
-0.000019
-0.000583
-0.006252
-0.013492
0.013758
0.004047
0.001748
0.005172
0.008033
-0.000214
-0.005408
-0.000835
-0.000666
0.003458
-0.004707
-0.000583
0.005676
0.002871
-0.001454
-0.007009
-0.010910
-0.000134
0.000569
-0.004399
0.007557
-0.000358
-0.010347
-0.000360
0.016284
