0.010987
-0.001677
0.000259
-0.004785
0.003074
-0.011370
-0.001943
-0.009856
0.004961
0.002277
-0.006163
0.000953
0.010640
0.004457
-0.005262
-0.001461
-0.004997
0.008411
0.001295
-0.000989
-0.006006
0.004088
0.000232
-0.000723
0.001056
0.002228
0.005042
0.000232
0.001056
-0.001200
0.005042
-0.000587
-0.007492
-0.001227
0.003817
0.005173
-0.001254
-0.002448
-0.013545
-0.011739
0.001745
-0.000723
-0.000218
0.004375
0.004750
0.000579
0.002569
-0.000267
0.006073
-0.000723
-0.002317
-0.011023
-0.011023
-0.002317
-0.000723
0.009739
0.010374
0.001425
-0.000831
-0.005897
-0.005262
-0.000723
-0.001943
-0.006217
0.001241
0.002510
0.010374
0.012207
0.003015
0.003069
0.000471
-0.000723
-0.007118
0.004641
-0.012004
-0.001227
0.008091
0.010428
-0.001970
0.000286
0.011942
-0.000430
0.000714
-0.000691
-0.005924
-0.000723
-0.000484
0.000102
-0.001786
0.002038
0.006420
-0.010252
-0.005951
-0.006244
0.002624
0.004641
-0.003055
-0.008262
0.001881
0.008172
