0.008232
0.001331
0.003263
-0.010736
0.009455
-0.000602
-0.009105
-0.001554
-0.010660
0.002825
0.004532
-0.005661
-0.004650
0.005589
0.001013
0.008126
-0.004574
0.002463
0.000787
0.005166
0.000228
-0.006643
0.003037
0.001104
-0.000527
-0.000301
0.003445
0.005196
0.000379
-0.000376
0.004426
0.003460
-0.009346
-0.000527
-0.000527
0.007477
0.000983
-0.003140
-0.006205
-0.013876
-0.006417
0.000470
0.000092
0.004321
0.000455
0.003596
-0.000301
0.009153
0.000379
-0.000527
-0.009890
-0.000905
-0.011113
-0.002324
-0.000527
0.006163
0.009742
0.004562
0.003520
-0.005420
-0.010615
-0.000602
-0.000527
-0.009331
-0.002279
0.000152
0.008972
0.011282
0.000409
0.000379
-0.000602
-0.001554
0.000077
-0.001282
-0.010026
-0.004423
0.013623
0.010391
-0.003653
0.011947
0.002010
0.000621
-0.005510
0.000152
-0.001176
-0.000859
-0.000527
-0.001433
0.002040
0.004396
0.001285
-0.009437
-0.000784
-0.006658
-0.004242
-0.000527
0.008715
-0.010750
0.001285
0.010527
