0.007779
-0.000488
0.003539
-0.000768
-0.005199
-0.005390
-0.009442
-0.000799
0.008626
-0.006292
-0.004448
0.008933
0.004349
0.001196
-0.005670
-0.000454
0.005845
0.004537
-0.002514
-0.007788
0.003973
0.003662
-0.000300
-0.000205
0.000977
0.004407
0.003758
0.000137
-0.000362
0.000260
0.007345
-0.004205
-0.005602
-0.000519
-0.000454
-0.000519
-0.010750
-0.001267
0.004629
0.004817
0.003474
0.004410
-0.001144
-0.002012
-0.002234
-0.008379
-0.010316
-0.004666
0.000325
0.008622
0.004130
0.006843
-0.001452
-0.005356
-0.003891
0.002005
-0.004448
-0.002360
-0.009035
-0.004232
0.003539
0.003693
0.005657
-0.000454
0.005657
0.003758
0.003474
-0.003231
0.003348
-0.005602
-0.001831
-0.002671
-0.007102
-0.005882
0.005408
0.010494
0.002292
0.002880
0.005849
0.000478
0.002572
0.000912
-0.004266
-0.001517
-0.000454
-0.000519
0.000420
0.007499
-0.000488
-0.007320
0.000700
-0.000454
-0.011314
-0.000704
0.005220
0.003789
-0.010439
-0.000922
0.001667
0.010248
