-0.175890
-0.009834
-0.011546
0.002743
-0.001745
-0.001195
0.001825
0.001825
0.001898
0.001629
0.001972
0.001874
0.001825
0.001825
0.001825
0.001825
0.002902
0.003956
0.002854
0.000796
0.002046
0.002658
0.002562
0.003836
0.001825
0.003123
0.001531
0.007239
0.002021
0.002021
0.002561
0.000556
-0.005398
0.001432
0.001580
0.001948
0.001923
0.001752
0.002463
0.003980
0.004716
0.004250
0.001556
0.001776
-0.000136
-0.001604
0.001409
0.004642
0.001287
0.006555
0.004886
0.002586
0.003051
0.001433
-0.000184
0.000405
0.002562
0.001091
0.005181
-0.000527
0.001826
0.000576
0.002413
-0.001409
0.002536
0.003099
0.001360
0.004471
0.006160
0.000086
-0.000993
-0.000795
0.001727
0.003565
0.002584
0.005303
0.003222
0.000429
0.001066
0.000234
0.003442
0.002732
0.002094
0.001727
0.001359
0.001703
0.001824
0.000674
0.001458
0.000894
0.004690
0.003930
0.002952
0.001776
0.003050
0.002927
0.004078
-0.000281
0.001678
0.001874
