-0.047473
-0.014292
-0.006153
-0.006916
0.007274
-0.003126
0.001531
0.000890
-0.000972
0.002187
0.006057
-0.000285
0.001024
0.000671
-0.002481
0.000275
0.000287
0.000652
0.000076
0.001220
0.001055
0.001719
-0.002531
0.001469
-0.002592
0.001608
0.006104
0.001623
-0.001003
0.000679
0.003443
0.000003
0.000030
-0.002297
0.000256
0.000022
0.000195
-0.001160
-0.000143
0.005320
-0.000323
-0.000922
0.000352
-0.001590
0.000525
-0.000815
-0.000016
-0.001276
0.001439
0.004276
0.001999
-0.001153
0.003017
0.000310
-0.000108
0.000275
0.000295
-0.001007
0.000214
-0.008105
-0.000181
0.000702
0.002314
0.005297
0.002909
0.001569
0.007466
0.003458
0.005094
0.000990
0.002625
0.003147
0.001569
0.000210
-0.000258
0.000863
0.000264
0.000537
0.000613
0.003059
0.000525
0.000014
0.001496
-0.001038
0.000345
0.000275
0.000264
0.000275
-0.000968
0.001508
0.000264
-0.000112
0.000521
0.000341
0.000022
-0.000539
0.001627
0.000356
0.000183
0.000763
