-0.294127
-0.025081
-0.009549
-0.015468
-0.008421
-0.001857
-0.002130
0.004635
-0.004697
0.003626
0.003880
0.003476
0.004169
0.002936
0.002749
0.005179
0.005946
0.001077
0.006204
0.007689
0.006948
0.001674
0.003693
0.001747
-0.001235
0.004073
0.003460
0.003733
0.006683
0.007309
0.005722
0.005578
0.000099
0.001422
0.003054
0.005325
0.001462
0.003126
0.003330
0.006990
0.003448
0.002920
0.003619
0.003978
0.003899
0.003727
0.000483
0.004245
0.000856
0.007463
0.005817
0.003727
0.005789
0.007341
0.002227
0.002294
0.006056
-0.000715
0.006635
0.004537
0.005322
0.003665
0.004350
0.004297
0.003291
0.001908
0.005110
0.002441
0.006482
0.006369
0.004895
0.005089
-0.000861
0.008221
-0.000457
0.006137
0.008167
0.003260
0.004503
0.002288
0.003725
0.003107
0.003938
0.002474
0.004944
0.003506
0.003725
0.003506
0.003725
0.003506
0.003725
0.003506
0.003679
0.003506
0.003772
0.003220
0.004018
0.003506
0.003825
0.003833
