-0.354635
-0.023247
-0.006061
0.003905
-0.002237
0.004420
0.002950
0.005463
0.006140
0.003282
0.003380
0.004155
0.004889
0.003468
0.004107
0.003841
0.005214
0.004459
0.005053
0.004631
0.004492
0.004891
0.005367
0.004690
0.005509
0.003728
0.004271
0.003649
0.004872
0.008490
0.004396
0.003979
0.000415
0.001693
0.003985
0.005157
0.004758
-0.003307
-0.001452
0.003546
0.005656
0.003895
0.003299
0.001170
0.004494
0.007072
0.006579
0.007516
0.009208
0.005144
0.005240
0.003808
-0.001183
0.003629
0.003800
0.005131
0.006669
0.006337
0.001339
0.005662
-0.000305
-0.002943
0.008142
0.001398
0.001994
0.004924
0.004105
0.005144
0.002959
0.000664
0.005055
0.003321
0.005155
0.006452
0.006924
0.003503
0.002127
0.001155
-0.002546
0.005336
0.003708
0.005411
0.010035
0.004981
0.002075
0.003900
0.003839
0.003251
0.003959
0.003546
0.004013
0.003070
0.003926
0.001706
0.005002
0.006697
0.006677
0.003535
0.000878
0.006459
