-0.323210
-0.010403
0.004426
-0.002704
0.005827
0.005644
0.006022
0.006145
0.004329
0.003120
0.004119
0.004171
0.004166
0.002962
0.006038
0.005027
0.002174
0.002774
0.003870
0.007572
0.005168
0.001623
0.002613
0.003731
0.007831
0.005154
0.003674
0.004567
0.001042
0.003889
0.005083
0.004744
0.004729
0.003121
0.003787
0.001094
0.002780
0.003112
0.003231
0.004017
0.003272
0.003799
0.001700
0.002941
0.003215
0.005896
0.001176
0.003954
0.005141
0.006591
0.002529
0.003166
0.002291
0.002462
0.003243
0.002191
0.003665
0.002660
0.002773
0.000148
0.003300
0.002386
0.003102
0.006333
0.004234
0.003571
0.002867
0.003223
0.002051
-0.001897
0.002177
0.002456
0.003932
0.002619
0.005966
0.005638
0.006083
0.002309
0.003663
0.003148
0.000670
-0.002233
-0.001716
0.001674
0.002490
0.003117
0.005495
0.004887
0.003206
0.004422
0.003075
-0.002224
0.003691
0.004652
0.005066
0.003706
0.002766
0.002663
0.003258
0.004306
