0.000372
-0.000410
-0.000410
-0.000410
-0.000410
-0.000410
-0.000410
-0.000170
-0.000650
-0.000410
-0.000410
-0.000410
-0.000410
-0.000410
-0.000461
-0.000410
-0.000410
-0.000410
-0.000410
-0.000410
-0.000410
-0.000410
-0.000170
-0.000650
0.003382
-0.003369
-0.000410
0.003779
0.000831
0.003413
-0.000618
-0.000202
-0.000650
0.000038
-0.000618
-0.000410
-0.000170
-0.000442
0.003445
0.005394
-0.000410
-0.000170
0.003122
-0.003994
-0.000410
-0.000410
-0.000410
-0.000410
-0.004234
0.003413
0.001173
-0.002682
0.001028
-0.001338
0.003622
-0.004171
-0.000410
-0.000461
-0.000410
-0.000410
-0.000410
-0.000650
-0.000170
-0.000618
-0.003994
0.004247
-0.001181
-0.001243
0.001590
-0.000744
-0.000076
0.002258
0.002164
0.002081
0.001173
-0.001243
0.000423
-0.000410
-0.000410
-0.000410
-0.004316
-0.006203
0.000549
-0.001369
-0.000410
0.000706
0.007571
0.007237
0.002631
-0.000202
-0.000410
-0.000410
-0.000410
-0.000410
-0.000410
-0.001962
0.000965
-0.000170
-0.000410
-0.001243
