0.000404
-0.001112
-0.000337
-0.000337
0.000331
-0.001005
-0.000337
0.000331
-0.001005
-0.000337
-0.000337
0.000331
0.003318
0.003545
-0.000337
-0.000504
-0.000170
-0.000337
-0.000337
-0.000337
-0.000337
-0.000337
-0.000337
0.002964
0.004594
-0.000337
-0.000531
-0.000143
-0.000337
-0.001005
0.000331
-0.000337
-0.000337
-0.001112
0.000438
-0.000337
-0.001005
0.003412
-0.003418
-0.000337
-0.000143
-0.000531
-0.000337
-0.000337
-0.001587
0.000993
0.003351
-0.007668
0.003545
0.000331
-0.000925
-0.000337
-0.000143
-0.000531
-0.000337
0.000966
0.005456
0.000458
-0.000444
0.000438
-0.000337
-0.000337
-0.000337
0.002744
-0.003224
-0.008196
-0.000531
-0.000337
-0.000337
-0.000337
-0.000337
0.003792
0.004574
0.006766
-0.000337
-0.000337
-0.000337
-0.000337
-0.000337
-0.000952
0.000331
-0.000337
-0.000337
-0.000170
-0.003558
0.002717
-0.000337
-0.000337
-0.000337
-0.000337
-0.000337
-0.000337
-0.000337
-0.000337
-0.000337
-0.000337
-0.000337
-0.000337
-0.001199
0.000525
