0.000309
-0.000315
-0.000315
-0.000347
-0.000315
-0.000315
0.002681
-0.003343
-0.000315
-0.000315
-0.000347
-0.000315
-0.000315
-0.000315
-0.000347
-0.000315
-0.000315
-0.000347
-0.000315
-0.000315
-0.000886
-0.000347
0.000256
-0.000315
-0.000315
0.002650
-0.003311
-0.000315
-0.000347
-0.000315
-0.000315
-0.000315
0.000499
0.006190
0.000176
-0.000347
-0.000315
-0.000315
-0.000315
-0.000347
-0.000315
-0.000315
-0.000347
-0.000315
0.006412
0.000937
-0.000347
-0.000315
-0.000315
-0.000315
-0.000347
-0.000315
-0.000315
-0.000347
-0.000315
-0.000315
-0.000315
-0.000347
-0.000315
-0.000315
-0.000347
-0.000315
-0.000315
-0.000315
-0.001108
0.000446
-0.000315
-0.003343
0.001973
0.000800
-0.000643
-0.000347
-0.000315
-0.000315
0.000340
-0.000838
0.000800
0.003379
-0.000050
0.002026
0.000340
-0.000315
-0.000347
-0.000315
-0.000151
-0.000701
-0.007180
-0.000970
-0.000151
-0.000510
-0.000125
-0.000342
0.007443
0.007501
-0.000151
-0.000315
-0.000347
-0.000315
-0.000315
-0.000970
