0.004269
-0.004218
-0.000412
-0.000412
-0.000412
-0.000412
-0.000412
-0.000412
-0.000412
-0.000412
-0.000412
-0.000412
0.004575
0.004523
-0.000201
-0.000623
-0.000201
-0.000412
-0.000412
-0.000412
-0.000412
-0.000412
-0.000412
0.003426
0.005884
-0.000412
-0.000412
-0.000412
-0.000412
0.003247
-0.004071
-0.000412
-0.000412
-0.000412
-0.000412
-0.000412
-0.000380
-0.000412
-0.000412
-0.000412
-0.004281
0.003458
-0.004281
0.003458
-0.000412
-0.000412
-0.000412
-0.000412
-0.000412
-0.000412
-0.000412
-0.000412
-0.000412
0.000431
-0.001255
-0.000412
-0.000412
0.000559
-0.001382
0.000559
-0.001382
-0.000412
-0.000412
0.000431
0.008846
0.008623
0.000527
-0.000169
-0.000412
-0.001382
-0.008950
-0.000654
-0.000412
-0.000412
-0.000654
0.003700
-0.003649
-0.000770
0.000980
0.007761
-0.000201
-0.001140
0.000559
-0.000654
-0.000169
-0.000412
0.003426
-0.004249
-0.000412
0.000559
-0.001382
-0.000412
-0.000412
-0.000412
-0.000412
-0.000412
0.001485
-0.002309
-0.000412
-0.001255
