0.000373
-0.000398
0.000492
-0.001243
-0.000398
-0.000398
-0.000398
-0.000354
0.000373
0.003546
0.004169
-0.000976
0.000373
-0.000398
-0.000354
-0.000398
-0.000398
-0.000131
-0.000620
0.000492
0.003338
0.003501
0.000299
-0.000427
-0.000131
-0.003941
0.003146
-0.000398
-0.000354
-0.000205
-0.000590
-0.000398
-0.000354
-0.000398
-0.001169
-0.003126
0.004228
-0.001480
-0.003941
0.003190
-0.000398
-0.000398
-0.000354
-0.000398
-0.000398
-0.000398
-0.001792
0.001100
0.000581
-0.001984
0.003917
-0.003467
-0.000620
0.001040
0.003310
0.003324
-0.003141
0.002389
0.001263
-0.001287
-0.000354
-0.000205
-0.009056
-0.001258
-0.000354
-0.000398
-0.000398
0.000417
0.007964
0.007357
0.001752
-0.000546
-0.000205
-0.000398
-0.000354
-0.000398
-0.003689
0.002123
-0.003096
0.003116
0.000373
-0.001169
-0.000354
-0.000398
-0.000398
-0.000354
-0.000398
-0.000398
-0.000398
0.000417
-0.001169
-0.000398
-0.000354
-0.000398
-0.000398
-0.000398
-0.000354
-0.000398
-0.000398
-0.001124
