-0.000380
-0.000380
-0.000380
-0.000380
-0.000380
-0.000380
-0.000380
-0.000380
-0.000380
-0.000380
-0.000380
-0.000380
-0.000380
-0.000380
-0.000338
-0.000380
-0.000380
-0.000380
-0.000380
-0.000380
-0.000380
-0.000380
-0.000380
-0.000380
-0.000380
-0.000380
-0.000380
-0.000380
-0.000338
-0.000380
-0.000163
-0.000597
0.000589
0.003705
0.003108
0.000518
-0.001249
-0.002782
0.002891
-0.000380
-0.000380
0.003050
-0.000309
0.003254
0.000547
0.001053
-0.000380
-0.000380
-0.000380
-0.000597
-0.000163
-0.000380
-0.000380
-0.000380
-0.000380
-0.000380
-0.000380
-0.000338
-0.000380
-0.000380
-0.000380
-0.000380
-0.000380
-0.000380
-0.000380
-0.000380
-0.000380
-0.000351
-0.000380
-0.000380
-0.000351
-0.000150
-0.000568
-0.000380
-0.000380
-0.000192
0.004094
0.003890
-0.000828
-0.002870
0.002862
-0.000380
-0.000380
0.003079
-0.000351
-0.011438
-0.000814
-0.001132
0.003079
-0.003188
-0.001032
0.000372
0.010736
0.005018
0.000677
-0.000380
-0.000380
-0.000380
-0.000568
-0.000150
