0.000367
-0.000414
-0.000368
-0.000414
-0.000368
0.003985
-0.004512
-0.000610
0.000367
0.000337
0.001688
-0.003927
-0.000414
-0.000368
-0.000414
-0.000414
-0.000368
-0.000414
-0.000173
-0.000610
-0.000368
-0.000414
-0.000414
-0.000143
0.000847
0.003280
0.003909
-0.000143
-0.000414
-0.000414
-0.003957
0.003174
-0.000368
-0.000414
-0.000368
-0.000414
0.003144
-0.003927
0.004359
0.004210
-0.001000
0.000413
-0.000414
-0.000414
-0.001269
0.000486
-0.000368
-0.000414
-0.000368
-0.000414
-0.000414
-0.000368
-0.000414
-0.000368
-0.000580
-0.001044
0.000486
-0.000610
-0.001044
0.000486
-0.000368
-0.000414
-0.000368
-0.000414
0.000006
0.005081
-0.009693
0.003776
0.002797
0.000741
0.000966
-0.000384
-0.000338
0.003144
-0.000368
-0.003777
0.002995
-0.000414
-0.000219
0.003025
-0.012576
-0.001719
-0.000414
-0.000368
0.000367
-0.001195
0.005772
0.008639
0.003611
-0.000444
-0.000143
-0.000414
-0.001315
-0.003026
0.003144
-0.003867
0.003353
-0.000143
-0.005280
0.003760
