-0.058963
0.000067
0.000925
0.001571
0.000586
0.002717
-0.000880
0.002279
0.002398
0.001725
0.002619
-0.002508
0.003394
0.000704
-0.001557
-0.002422
0.000675
0.000496
0.001218
0.000434
0.000463
0.000463
0.000557
0.000977
-0.005002
0.000132
0.001198
0.001741
0.002880
0.001222
0.000769
0.005067
-0.000002
0.006658
-0.003753
0.000655
-0.000219
0.001243
0.000463
0.000434
0.002279
0.001129
0.000092
0.000733
0.000606
0.001448
0.001394
0.001879
0.000581
0.000789
-0.001210
0.000121
0.000880
0.000921
-0.001215
0.000977
-0.001099
-0.001251
0.002427
0.001173
0.009574
0.000778
-0.001434
0.000499
-0.002030
0.001377
0.004650
-0.000795
-0.011378
-0.001007
0.001627
-0.003186
-0.001324
-0.001505
0.005206
-0.000308
0.002753
0.005566
-0.002859
0.001435
-0.000634
0.001855
-0.001177
0.000880
-0.002068
0.002851
0.000974
0.002484
0.001198
-0.000174
0.000867
0.000838
-0.001076
-0.001912
0.001806
-0.006680
0.005847
0.000231
0.002398
-0.000223
