-0.061298
0.004549
0.001309
0.000912
-0.000268
0.000744
0.001084
-0.001944
-0.001463
-0.001121
0.002002
0.000937
0.000345
0.000581
0.000434
0.000557
-0.004133
-0.000125
0.000818
0.001879
0.000610
-0.000496
0.004717
0.002965
-0.000006
0.004426
0.003198
-0.003210
0.001455
0.000912
0.000557
0.000088
0.002630
-0.001210
0.000981
0.001908
0.001300
0.000116
0.002770
0.001079
0.001292
0.000557
0.000463
-0.001802
0.000566
0.002534
-0.002238
-0.000337
0.000459
-0.000818
0.001806
0.001296
0.005047
0.003063
0.003162
0.000018
-0.003786
0.000863
0.002532
0.000316
-0.005598
-0.005848
-0.000504
-0.001488
-0.000006
-0.000945
0.003687
0.002708
-0.002055
0.005202
0.003517
-0.004671
0.000733
0.002851
-0.001709
0.000615
-0.001814
0.000838
0.001113
0.002554
0.001251
0.002304
-0.001275
0.002255
0.000908
-0.006096
0.004880
-0.005949
0.001218
0.005132
0.000373
0.000675
0.000369
0.000586
0.001263
0.002558
0.002534
0.000758
0.001222
0.000275
