0.000765
0.000269
-0.000753
0.006841
-0.006389
0.002263
-0.003872
-0.003893
0.000225
0.000084
0.002183
0.000330
-0.002831
0.002221
0.000748
0.002101
-0.002787
0.001515
-0.002207
-0.000106
-0.001708
-0.000856
-0.000939
-0.002623
-0.003851
0.000537
0.010479
0.002284
0.002307
-0.002958
0.006173
0.007564
-0.010280
0.002596
0.000788
-0.002288
-0.001000
-0.007217
-0.000332
-0.000625
-0.001375
-0.003352
-0.000338
0.004693
0.010934
0.003985
0.002427
0.000621
0.005920
0.000393
0.001806
0.000724
-0.001272
-0.006115
-0.005225
0.000058
0.006148
-0.011945
-0.005059
0.011891
-0.000359
-0.001853
0.000432
-0.006157
0.002782
0.005861
-0.001253
-0.010611
0.008377
0.000994
0.001555
-0.001748
-0.000296
-0.002456
-0.000856
0.001055
0.000436
0.003409
-0.005369
0.007796
-0.001147
0.002054
-0.002332
-0.000500
0.000600
0.004282
0.000722
0.000767
-0.010566
-0.002829
-0.004536
-0.000730
-0.002039
0.002202
-0.000296
-0.006408
-0.001189
0.008314
-0.001586
0.003802
