-0.144698
-0.035308
-0.011244
-0.006064
0.003634
0.003024
0.002248
0.000669
0.001769
0.000775
-0.005564
0.002431
0.001994
0.004692
0.002919
0.004692
0.001557
0.003603
0.003013
0.002136
0.004263
0.002189
0.001399
0.005705
0.003832
0.001298
0.004163
0.001677
0.003951
0.009413
0.009407
0.001582
0.001070
-0.001945
-0.008415
-0.007318
-0.001903
0.000922
0.002849
0.004452
0.010785
0.001690
-0.004754
-0.008849
-0.003858
-0.001280
0.003275
0.010373
-0.002221
0.006117
-0.008253
0.000961
0.005409
-0.005921
0.001084
0.008099
-0.008927
0.009396
-0.000367
-0.000191
0.003397
0.001977
0.001941
0.003244
0.001930
-0.005216
0.004110
-0.001711
0.013082
0.001482
0.007278
-0.000773
0.004299
0.006184
-0.003707
0.003138
0.011899
0.002078
0.000669
0.002267
-0.000333
0.003659
0.001841
0.000922
0.002094
0.006123
0.002147
0.004185
0.002501
0.002537
0.002136
0.002289
0.002036
0.003820
-0.003490
0.002927
0.006125
0.005777
0.001830
0.005866
