0.000146
0.000110
0.007157
0.017449
-0.009035
0.009879
-0.007373
-0.005312
-0.009557
0.006112
-0.002002
0.000647
-0.002546
-0.003105
0.002294
0.007716
-0.010690
0.007230
-0.000935
-0.001944
-0.007416
0.006664
-0.001502
0.006105
-0.003679
-0.006357
-0.012323
-0.011742
-0.001567
-0.001567
0.001692
0.015286
0.003869
0.016905
0.008776
-0.004289
0.009842
-0.001038
-0.000457
-0.016634
-0.005327
-0.003723
0.003862
0.010372
0.012594
-0.002104
0.006054
0.017456
0.012579
-0.001575
-0.003716
-0.003076
-0.004216
-0.008461
-0.000427
-0.003076
0.007186
-0.001407
0.001213
0.007186
-0.001502
-0.002546
-0.003105
-0.003635
-0.007416
0.003971
-0.011742
0.009879
0.012608
-0.011242
0.008297
-0.008520
0.016948
-0.010668
0.004994
-0.001458
0.001757
0.013646
0.001264
-0.000943
0.001264
-0.000964
-0.004180
-0.011749
-0.001480
-0.013339
-0.001502
-0.004180
0.000139
-0.001465
0.000066
-0.025757
-0.004746
-0.000391
-0.003650
-0.000398
-0.000957
0.000712
0.015279
-0.001494
