0.007534
0.004184
-0.004800
0.006181
0.009595
0.002091
0.011237
-0.003930
0.001350
-0.002353
0.000835
-0.000968
-0.001709
-0.001130
-0.010307
0.004313
-0.007441
0.007662
-0.008697
-0.001838
0.007211
0.007598
-0.014719
0.001995
-0.020065
-0.016232
0.004829
0.000223
0.002059
0.006696
-0.011434
0.008499
0.009144
0.003605
0.005150
-0.013462
0.014135
0.007211
-0.016844
0.005022
0.001640
0.008177
0.006503
-0.016136
0.014747
0.001448
-0.001805
-0.011885
0.006245
-0.000194
-0.015685
0.015649
-0.000549
-0.020097
-0.004059
-0.003319
-0.010790
0.014039
0.016711
-0.003672
0.002091
0.008468
-0.001677
-0.001805
-0.003640
0.008177
0.003380
0.005666
0.013588
0.016647
0.001963
-0.002706
-0.019710
-0.000613
0.001705
-0.011692
-0.008890
0.006889
-0.008890
0.005215
-0.001387
-0.014043
0.012139
0.000191
0.007630
0.000610
-0.002868
0.000771
-0.009437
0.007179
-0.000968
0.000771
-0.003028
-0.001290
-0.001290
-0.000968
-0.012722
0.000997
-0.010467
0.014618
