0.000288
0.001162
0.004013
0.005436
0.002625
-0.010059
0.001850
0.000468
-0.000332
-0.000307
-0.000332
-0.007253
-0.001825
-0.003782
0.003459
-0.002789
0.000302
0.000462
-0.001106
0.003019
-0.001310
0.004433
-0.000721
-0.000566
0.001002
0.000742
0.004018
0.008887
0.002181
-0.011932
0.002610
0.012283
-0.002738
-0.011108
-0.007812
0.007344
0.001856
-0.006404
-0.010139
0.001192
-0.000332
-0.002779
0.008263
-0.002239
0.000053
0.000562
-0.001056
0.001236
-0.004067
0.001701
-0.002184
-0.004042
0.011429
-0.000406
0.001541
-0.000481
0.002785
0.007524
-0.001579
-0.003063
-0.004291
0.000398
-0.000901
-0.008436
-0.004811
-0.003473
-0.005030
0.002640
0.010051
0.000727
-0.004002
-0.001385
0.003808
0.008003
0.001391
0.001416
-0.003727
0.001736
-0.003088
-0.000776
-0.002604
0.000462
0.001181
0.000872
0.002500
0.000023
0.000443
-0.000666
0.000473
-0.000461
0.000852
-0.001905
0.001496
-0.003198
-0.003338
0.005072
0.001391
-0.000412
0.005326
0.000263
