0.000812
-0.000893
0.000812
0.004973
0.000893
-0.000223
0.001604
0.006719
-0.000670
-0.000893
-0.006800
0.008160
0.003572
-0.008931
-0.008424
-0.000264
0.006942
-0.002598
-0.000467
0.007490
-0.009865
-0.001157
0.000386
-0.000893
-0.001949
-0.001015
0.000934
-0.002720
0.001827
0.008586
-0.011407
0.005318
-0.002517
-0.003775
-0.002172
0.007957
-0.000812
-0.006252
-0.002639
0.006292
-0.005318
-0.001604
-0.011489
-0.003796
-0.007571
0.003532
0.014878
0.011184
0.000467
0.003877
0.002253
-0.000893
-0.000893
0.000812
-0.000893
-0.002172
0.010453
0.007571
0.002050
-0.003999
-0.008424
0.004506
0.000853
-0.000467
0.006719
-0.000812
-0.008282
-0.002761
-0.010393
0.002882
0.004892
-0.000467
0.000974
-0.000893
-0.008241
-0.000893
0.004506
0.000853
-0.002172
0.000812
-0.000893
-0.001360
-0.000853
-0.000244
-0.000893
0.006719
-0.000812
0.007734
-0.006820
-0.010169
-0.011022
-0.000426
0.005866
0.000589
0.000812
-0.000467
0.008200
0.006414
-0.005196
0.005237
