0.000795
-0.000906
0.000795
0.004939
-0.006247
0.005058
0.003278
0.006294
-0.000481
0.000489
-0.008186
0.012326
-0.005742
-0.001025
-0.011043
-0.000282
0.006294
-0.008066
0.005404
0.007450
-0.009847
-0.002102
0.001565
-0.002301
-0.000481
-0.000707
-0.001371
-0.006286
0.007105
0.013840
-0.008027
-0.007017
0.012604
-0.009541
-0.007482
0.001259
0.000993
-0.002102
-0.002341
0.000834
-0.001371
-0.000707
-0.009382
-0.006592
0.001140
-0.006672
0.013375
0.011090
0.010744
-0.000175
0.000568
0.000795
-0.000906
-0.000906
0.000954
0.005046
-0.000906
0.009509
0.002495
0.004514
-0.010192
-0.001025
-0.006167
-0.000481
0.009350
-0.001677
-0.001105
-0.002766
-0.010538
-0.000707
0.001339
-0.000906
0.004939
-0.006751
0.006640
-0.002766
-0.000707
-0.006525
-0.000906
0.006640
-0.000906
-0.002766
-0.006592
0.006640
-0.008027
0.013375
0.001458
0.000993
-0.001836
-0.002448
-0.010311
-0.009104
0.001112
0.004860
0.001379
0.000795
0.000568
0.006107
0.001458
0.005205
