0.000802
-0.000906
0.000802
-0.000906
0.000576
0.005862
0.006143
0.000175
0.008546
-0.008062
-0.000906
-0.000479
0.006290
-0.007087
-0.005419
-0.006861
0.008199
-0.002655
0.000843
-0.000052
-0.002735
-0.002575
-0.005379
0.005074
-0.000906
-0.006660
-0.000906
-0.000906
0.006757
0.008933
-0.007127
-0.007328
0.018585
-0.015952
-0.001801
-0.000479
0.002244
0.003566
-0.008263
0.001390
-0.001027
-0.001173
-0.008996
-0.007167
-0.005218
0.000255
0.008265
0.016716
0.004033
-0.002148
0.008586
-0.000906
-0.000906
-0.000253
-0.000439
-0.001333
0.008626
0.008933
0.001270
-0.003082
-0.008449
0.005235
-0.001374
0.001270
0.001270
0.000109
-0.004017
-0.002775
-0.015404
0.007998
-0.000359
-0.001293
0.006757
-0.000479
-0.002615
-0.006780
-0.000680
-0.000906
0.006209
-0.000439
-0.000439
-0.003243
-0.006620
0.006677
-0.000680
0.000802
0.005556
0.001164
-0.000706
-0.007554
-0.011906
-0.002454
-0.000092
0.006797
0.000802
-0.000479
0.006330
0.001591
0.001003
0.005702
