0.000821
-0.000880
0.006679
-0.000880
0.000903
-0.000208
0.001616
0.006721
-0.000660
-0.000880
-0.006779
0.008161
0.003579
-0.004145
-0.014943
0.006034
0.002056
-0.008055
0.005444
0.002262
-0.003212
-0.007973
0.005019
-0.000880
-0.006559
0.005019
-0.006779
0.004553
0.001288
0.009437
-0.005257
-0.005298
0.007351
-0.015574
0.002989
0.008120
-0.004749
-0.002279
-0.002156
0.000862
0.000135
-0.002869
-0.010648
-0.008742
-0.001649
0.002948
0.014403
0.010836
0.005019
0.000862
0.000821
-0.000880
-0.000880
0.006721
-0.000880
-0.000880
0.009560
0.007997
-0.000701
-0.015107
0.003112
0.000396
0.000986
-0.000455
0.006336
-0.006615
-0.002526
-0.010141
-0.008906
0.009135
0.004429
-0.001649
0.002262
-0.000880
-0.002526
-0.006574
-0.000880
-0.000880
0.006213
-0.000414
-0.000880
-0.002746
-0.000675
0.001041
-0.000880
0.002262
0.004168
0.007310
-0.006794
-0.010141
-0.010992
-0.000414
0.005870
0.000601
0.000821
0.000821
0.000601
0.012702
-0.005175
0.005239
