0.000791
0.000949
-0.001055
0.004904
-0.000357
0.007212
-0.004774
0.006249
0.007014
-0.008386
-0.000897
0.001371
-0.002282
-0.003165
-0.008650
0.008095
-0.002097
-0.000897
0.000949
0.000487
-0.005354
-0.000818
0.000369
-0.001161
-0.006237
0.003559
-0.000700
0.002214
0.005590
0.004983
-0.005235
-0.006699
0.009440
-0.008966
-0.004431
-0.000897
0.002214
-0.002084
-0.002743
0.006592
-0.006699
0.004904
-0.005050
-0.020398
0.005326
-0.003930
0.008240
0.016085
0.007897
-0.004207
0.004944
0.000791
-0.000897
-0.000897
0.000949
-0.000897
0.006632
0.008899
0.007053
-0.001359
-0.010114
0.000369
-0.007464
0.007014
0.000830
-0.000739
-0.001095
-0.003205
-0.009573
0.003638
0.001713
0.000909
-0.000858
-0.002163
0.000329
-0.000436
-0.000897
-0.001781
-0.002282
0.001371
-0.000897
-0.003046
0.000369
-0.001477
0.000791
0.006632
-0.000818
0.007633
-0.006765
-0.010074
-0.010918
0.001107
-0.000357
0.006210
-0.000475
0.000791
0.007330
0.005906
-0.005156
0.005168
