0.000808
-0.000893
0.006661
-0.000893
0.000889
-0.000225
0.006013
0.002246
-0.000893
-0.000670
-0.006786
0.008139
-0.002088
-0.002756
-0.010655
0.001597
0.006236
-0.002716
0.001395
0.006419
-0.009845
-0.002088
0.000383
-0.000893
-0.006625
0.005000
-0.006786
0.006317
0.001234
0.012352
-0.009379
-0.001157
0.003603
-0.011931
0.000504
0.006661
-0.005187
-0.003566
-0.000427
0.001578
0.003562
-0.008407
-0.010615
-0.007354
-0.002290
0.008869
0.010306
0.016240
-0.000589
-0.000549
0.002246
-0.000893
-0.000893
0.000808
-0.000893
-0.002169
0.010428
0.008403
0.004960
-0.009196
-0.007050
0.005810
-0.000427
-0.000042
0.000849
0.004534
-0.008488
-0.010149
-0.007435
0.006195
0.000889
0.004798
0.000504
-0.000853
-0.000468
-0.003992
-0.005308
0.004798
-0.000893
0.001193
-0.000893
-0.002756
-0.000691
0.000808
-0.000893
0.002246
0.004149
0.003218
-0.004721
-0.006786
-0.011546
0.000200
0.004149
0.000585
0.000808
0.000808
0.000585
0.007835
0.005081
-0.000204
