0.001014
0.005743
0.014123
-0.004523
-0.006665
-0.001519
-0.009495
-0.001128
-0.001694
-0.001411
0.007993
-0.010545
-0.000953
0.011307
0.002159
0.000987
-0.020662
-0.006733
-0.004268
-0.000333
-0.001411
-0.001411
-0.001411
-0.001411
-0.000132
0.001552
0.003452
0.015201
0.004907
0.002159
0.001405
-0.000320
-0.002260
-0.001384
-0.001384
-0.002516
-0.010774
-0.009010
-0.006126
0.009421
-0.000333
0.007130
0.003291
-0.001209
-0.006113
-0.001411
0.003022
-0.002219
-0.000603
-0.002624
-0.011851
0.006066
0.003022
-0.001141
-0.001411
-0.001694
-0.002058
0.001068
0.001430
0.007063
0.005324
0.006132
0.007628
0.013247
0.009865
0.001417
0.005863
0.002791
0.003653
-0.006436
-0.013563
-0.002260
-0.000333
-0.002205
0.004652
0.004652
-0.001411
-0.000333
-0.001087
0.001903
-0.001411
-0.001169
-0.000252
-0.000992
0.003062
-0.000535
-0.000603
-0.001492
-0.001936
-0.005022
-0.001411
-0.007473
-0.005440
0.009528
-0.012822
0.001310
0.009609
0.008787
-0.005008
0.002401
