0.007647
0.017628
0.010574
-0.001593
0.015253
-0.003381
-0.007088
-0.000723
-0.001423
-0.002226
0.000832
0.007334
-0.010680
0.005045
0.004493
0.002921
-0.004167
-0.015178
-0.009496
-0.004634
-0.001690
-0.000990
-0.001155
-0.001155
-0.000990
-0.002226
-0.000654
-0.000819
0.004475
0.004942
0.009594
0.001805
0.000581
-0.002710
-0.001121
0.000314
-0.001958
-0.005215
0.002625
-0.003564
-0.009445
-0.011050
0.007584
0.001253
0.007704
-0.004566
-0.000990
-0.001155
0.002739
-0.001542
-0.001155
-0.001087
-0.011551
0.002602
0.001487
0.003257
-0.001155
-0.000990
-0.001155
-0.001155
-0.004150
0.002602
0.007015
0.003450
0.014353
0.006143
0.005460
-0.007794
-0.007088
-0.007424
-0.001155
-0.000990
-0.000905
0.003024
0.001686
0.004293
-0.001656
-0.000404
0.002420
-0.004281
-0.000535
0.002927
0.003041
-0.003626
-0.001121
-0.000939
0.002739
-0.000620
-0.001155
-0.000990
-0.001155
-0.011500
-0.003216
0.004777
-0.011250
-0.001827
0.014422
0.003041
0.003274
-0.001742
