0.002164
0.001373
0.005327
0.016455
-0.004743
-0.008434
0.010389
-0.014614
0.001176
-0.005879
-0.001264
0.003351
-0.004510
-0.002385
0.010736
0.001176
0.005560
-0.017218
-0.007247
-0.002385
-0.001264
-0.001264
-0.001544
-0.005582
0.001653
-0.003950
0.003368
0.005774
0.010208
0.003434
-0.001741
-0.003736
0.001522
-0.000620
-0.004544
0.002841
-0.006950
-0.007593
-0.013230
0.010736
-0.007016
0.012648
0.004423
-0.001083
-0.001264
-0.001264
-0.001264
-0.001264
-0.001264
-0.001363
-0.012075
-0.005418
0.012928
0.000121
-0.002385
-0.000143
-0.001083
-0.001527
-0.002121
0.002691
0.004833
0.004867
0.003662
0.005130
0.009368
0.006351
0.010702
0.000218
0.002508
0.004009
0.003679
-0.001233
-0.002945
-0.013230
-0.001083
0.000121
0.001983
0.004439
0.000648
-0.001264
-0.000209
-0.001083
-0.000933
0.001983
-0.001247
-0.003883
0.003007
0.000121
0.002627
-0.001544
-0.001313
-0.001264
-0.000159
-0.003259
-0.011928
-0.009028
0.005791
-0.010330
0.013736
0.007323
