0.010127
0.011037
-0.010065
0.001533
0.000123
-0.005558
-0.006281
-0.000311
-0.002421
0.004763
-0.007441
0.006200
0.004197
0.009217
-0.009168
-0.018589
-0.003581
-0.001761
-0.001261
-0.001471
-0.002577
-0.004964
0.002180
-0.000311
0.000676
0.013898
0.003327
-0.001261
-0.001444
0.002180
-0.005081
-0.002524
0.000256
-0.006374
-0.018959
0.001190
0.004290
-0.000430
0.009824
-0.000034
-0.001261
-0.001747
-0.001761
-0.005518
0.003353
-0.001537
-0.001484
-0.013635
0.010114
-0.000654
-0.002341
-0.001261
-0.000587
-0.002354
-0.000931
-0.000484
0.006330
0.004893
0.006277
0.005380
0.013238
0.013198
0.004510
0.005987
0.002520
0.006357
-0.007838
-0.001551
-0.013635
-0.000601
0.002403
-0.004858
0.008940
-0.000364
-0.000364
0.002456
-0.004898
-0.001694
-0.000430
-0.001457
0.002893
0.003063
-0.006688
0.005093
-0.000364
-0.001471
0.003550
-0.011078
0.002180
-0.012568
-0.007008
0.011207
-0.000167
-0.008958
0.004090
0.010444
0.009217
0.000900
-0.006598
0.006397
