0.007060
0.011843
0.011194
0.009594
0.006943
0.010600
-0.005114
-0.007856
-0.004155
0.002094
0.000289
0.007231
-0.009897
-0.000200
0.005484
0.010636
-0.004418
-0.009540
-0.015982
-0.005424
-0.003663
-0.005796
0.002998
-0.001312
-0.001148
-0.002154
-0.000393
-0.000896
-0.001148
0.000274
0.002954
0.013049
0.006654
-0.002435
-0.001148
-0.001118
-0.002081
0.002360
-0.000024
-0.002332
-0.000422
-0.001844
-0.001428
-0.012606
-0.006048
-0.001592
0.005320
0.007734
-0.000200
-0.001148
-0.001148
-0.001148
-0.001148
-0.001312
-0.003397
-0.009897
0.006210
0.001711
-0.004301
0.002775
-0.000911
-0.001312
-0.001148
0.000985
0.002170
0.003355
0.008284
0.007336
0.005309
-0.007262
-0.003160
-0.011141
-0.001148
-0.001148
-0.001148
-0.001399
0.002582
0.003264
-0.000911
-0.001148
-0.001148
-0.000200
-0.000896
0.001857
0.000078
-0.000987
-0.000039
0.001591
-0.003576
0.002998
-0.001148
0.002998
-0.005457
-0.002154
-0.010962
-0.004549
0.008875
-0.003441
0.002243
0.013330
