0.000603
-0.000257
-0.000225
-0.000257
-0.000257
0.003722
0.000031
0.005918
0.000026
-0.002270
-0.004489
0.005772
-0.000797
-0.011529
0.009468
0.004441
-0.013216
-0.007517
0.007922
0.008676
-0.003820
-0.012535
0.011078
0.007633
-0.008157
-0.000477
0.000785
0.004088
0.001426
0.000603
0.004381
-0.006648
-0.000221
-0.000294
-0.002952
-0.000221
0.002688
0.000886
-0.000257
-0.001300
0.000927
0.000603
-0.002773
-0.011025
0.000351
0.002862
0.000676
-0.000075
0.001325
0.004015
0.000603
0.000603
0.007212
-0.007645
-0.000372
0.000570
0.002400
-0.000367
-0.003990
-0.000477
0.003727
-0.002481
0.003695
-0.002513
-0.001117
0.003585
0.006242
0.009394
0.002753
-0.013102
-0.012965
0.005081
0.001577
0.003228
0.000566
0.000676
-0.002371
-0.005001
0.000753
0.003439
-0.000111
-0.000111
-0.000152
-0.002481
0.002579
0.000031
-0.008976
0.000497
0.000420
0.007102
0.000173
-0.000225
-0.000326
-0.000152
0.000529
-0.000221
-0.000294
-0.003921
0.003475
-0.000870
