0.000288
-0.000378
-0.000378
-0.000378
-0.000420
-0.000378
-0.000378
-0.000378
-0.000420
-0.000378
0.001037
0.010655
-0.001467
-0.000378
-0.001194
-0.007329
-0.001643
-0.000378
-0.000378
-0.000378
-0.000420
-0.000378
-0.000378
-0.001643
0.002315
0.004855
-0.002312
-0.000012
-0.003236
-0.000924
0.004150
0.002261
-0.006948
0.006774
0.004912
-0.001317
0.000123
0.000627
0.002723
-0.003452
0.001823
0.000953
0.000438
0.000153
0.004258
0.001292
-0.006798
-0.001194
-0.001086
0.000330
-0.000420
-0.000378
-0.000378
-0.000378
-0.000420
-0.000378
-0.000378
-0.000582
-0.000216
-0.000378
-0.000378
-0.000378
-0.000420
-0.003671
-0.000039
0.002873
-0.000039
0.002342
-0.009791
0.001484
-0.000108
0.003050
0.000357
0.002966
0.002885
-0.001086
-0.007941
0.004708
0.006300
-0.003494
0.002696
-0.003602
0.003035
0.007413
0.001676
-0.005929
-0.002978
0.002558
-0.002147
0.002042
-0.009041
0.000396
0.000330
0.002396
0.004135
0.000111
-0.000201
-0.000555
-0.000201
-0.001086
