-0.011628
-0.000029
-0.000029
0.000383
-0.000029
-0.000440
-0.000029
0.000094
0.000340
-0.000522
-0.000028
0.000383
-0.000338
-0.000132
0.004988
0.000673
-0.000791
-0.001470
-0.003794
-0.000029
0.000094
-0.000151
-0.000029
-0.000029
-0.001940
0.001865
0.002030
0.003154
-0.005623
0.003055
-0.002191
0.001433
0.002435
0.003570
-0.008479
-0.001262
-0.005067
0.006016
-0.002494
0.005442
-0.004944
0.000690
0.000627
0.003423
0.000587
0.000587
0.001674
-0.006836
0.002639
0.001573
0.000486
0.000669
0.002104
0.001880
-0.004267
0.001904
-0.001550
-0.000440
0.000074
-0.000132
-0.000029
-0.000029
-0.000153
-0.004102
0.002189
-0.000504
0.003528
0.000381
0.002167
-0.004903
-0.000258
0.001015
0.000114
0.001905
0.000772
0.002106
0.002170
-0.001944
-0.002043
-0.001286
-0.001177
0.005069
-0.000009
0.005154
-0.005271
-0.000029
-0.000029
-0.000153
0.006307
-0.000151
-0.005788
-0.000110
0.000340
-0.000318
0.005073
-0.001530
0.001471
-0.001530
0.001883
-0.000440
