0.000014
-0.000220
-0.000220
-0.000230
-0.000220
-0.000220
-0.000014
0.001604
0.008437
-0.001285
-0.001958
0.000780
-0.004305
-0.000234
-0.000556
0.000025
-0.000220
-0.000230
-0.000220
-0.000220
-0.000220
-0.000230
-0.001172
0.004681
-0.002482
0.001189
-0.004100
0.004150
-0.002326
0.001605
0.000803
-0.001936
-0.006221
0.001261
0.003377
0.003748
-0.003869
0.000849
0.002173
0.000410
-0.000542
-0.000152
0.000233
0.000191
0.001464
0.001641
-0.003675
-0.000220
-0.000220
-0.000220
-0.001742
0.001292
-0.000301
-0.000531
0.000449
-0.000506
-0.000220
-0.000230
-0.000220
-0.000220
-0.000230
-0.000220
-0.000220
-0.002568
0.002130
0.000202
-0.000747
-0.000118
0.000407
0.000407
0.001847
0.000012
-0.002765
0.001292
0.001748
0.000818
0.000294
-0.000124
0.000233
0.000095
0.003181
-0.000124
-0.002695
-0.001650
-0.000220
-0.000230
0.002194
0.001062
0.000272
-0.000624
0.000106
-0.000220
-0.000312
-0.000138
-0.000220
-0.000220
-0.000230
-0.000220
-0.000220
-0.000464
