0.000312
-0.000355
-0.000394
-0.000355
-0.000355
-0.000394
-0.000355
-0.000394
-0.000355
-0.000355
-0.000394
0.000351
0.002119
0.001711
0.002891
-0.000394
-0.000355
-0.004252
-0.000029
-0.004224
0.000217
0.003640
-0.000327
0.002879
-0.003777
0.003083
0.002821
0.007454
-0.004632
-0.001441
0.000735
0.000884
0.002891
0.002852
0.000625
0.000993
-0.007987
-0.002229
0.002879
0.000026
-0.001292
-0.000598
0.000461
-0.000394
-0.000355
-0.000355
-0.000394
-0.000355
-0.000394
-0.000355
-0.000355
-0.000394
-0.000355
-0.000394
-0.000355
-0.000355
-0.000394
-0.008626
0.001142
0.004984
0.000896
0.003028
-0.002256
0.002581
-0.004765
0.000527
0.000774
0.003545
0.001942
0.000950
-0.000355
-0.001139
0.004671
0.003856
-0.001209
-0.006737
0.006846
-0.006086
-0.002785
0.004102
-0.000355
0.002891
-0.000394
-0.000355
-0.000394
-0.000355
-0.000355
-0.000394
-0.000327
-0.004726
-0.005000
-0.000355
-0.000394
0.007603
-0.000653
0.000461
-0.000531
-0.000218
-0.000355
-0.001060
