0.000429
-0.000424
-0.000248
0.000548
-0.001071
-0.000248
-0.000248
-0.000275
-0.000042
0.000251
-0.000156
-0.000895
0.004071
0.003836
-0.002333
-0.007207
-0.000248
-0.000275
0.001161
-0.003888
0.001984
-0.000275
-0.000248
0.000575
0.004071
-0.000833
-0.006766
0.008299
-0.003389
-0.000685
0.003867
0.002071
-0.014608
-0.004980
0.008212
0.007185
-0.007297
0.000456
0.004190
0.002722
0.000164
0.000575
0.003428
-0.008792
-0.001627
0.001135
0.002779
-0.000042
0.001103
0.002987
0.000961
-0.005298
-0.000248
-0.000980
0.000456
-0.000248
-0.000248
-0.000070
-0.000248
0.000370
-0.001098
-0.007473
0.003044
0.003602
0.000930
-0.000248
0.003367
-0.007205
-0.005182
0.002923
0.000932
0.003044
0.003218
0.003573
0.000225
-0.002066
-0.005829
-0.000454
-0.000275
0.000193
0.008123
0.008504
-0.008646
-0.001071
0.007594
-0.007413
-0.000042
0.004835
0.003013
-0.007235
-0.002305
0.000751
0.002105
0.001634
0.000047
0.002279
0.000429
-0.000248
-0.000248
-0.000776
