0.000393
-0.000552
-0.000552
-0.000552
0.000519
-0.000552
-0.000284
-0.000016
0.003368
0.000912
0.002423
-0.000394
0.000047
-0.010059
0.001542
0.001054
0.002738
-0.001134
0.014954
-0.002960
-0.005636
0.000346
0.003950
0.003588
-0.000378
0.002329
-0.001622
-0.000552
-0.001622
-0.003684
-0.000520
0.002738
-0.001228
-0.000016
-0.003684
0.002423
-0.002976
0.003274
-0.000929
-0.001323
-0.000489
0.001054
-0.004613
-0.001606
-0.001669
-0.002960
0.004643
0.003746
0.003746
-0.001039
0.001747
-0.006061
-0.000552
-0.000552
-0.000552
-0.000552
0.001227
-0.002031
-0.000819
0.000661
0.002628
-0.002976
0.002030
-0.003448
0.009665
0.008390
-0.011334
0.000393
0.000661
0.003698
-0.000064
0.004045
-0.008485
0.010042
-0.002220
-0.000504
-0.004503
-0.001764
0.006438
0.002880
-0.007982
0.003242
-0.001354
-0.003511
0.003242
-0.006376
-0.003779
-0.000646
0.004974
0.002423
-0.002944
0.002502
-0.000646
0.000519
-0.004581
0.003478
-0.000315
-0.000819
-0.000284
-0.001417
