0.001745
-0.000433
-0.000433
-0.000433
-0.000472
-0.000433
-0.000433
-0.000433
-0.000433
-0.000472
-0.000285
-0.000580
-0.000433
-0.000472
-0.000433
0.005913
0.001045
-0.000433
-0.000472
-0.000602
-0.000263
-0.000433
-0.000472
-0.000580
-0.000285
-0.000433
-0.000433
-0.000472
-0.000433
-0.000433
-0.001111
0.000206
-0.000433
-0.000433
-0.000433
0.000245
0.001536
-0.002528
0.000098
-0.000346
-0.000277
0.001984
0.000084
0.000045
-0.000068
0.002244
-0.002523
0.002301
-0.002315
0.001449
-0.000724
-0.001976
-0.000389
0.001684
-0.000472
0.000159
-0.000580
-0.002993
0.002275
-0.000472
-0.000433
-0.000433
0.000728
0.004084
0.013171
0.003123
-0.002519
-0.000151
-0.000590
-0.001885
0.001627
-0.001993
0.001223
-0.002823
0.001958
-0.003140
-0.000433
-0.000472
-0.000433
-0.000433
-0.000433
-0.000472
-0.000433
-0.000433
-0.000433
-0.001111
0.000206
-0.000433
-0.000433
-0.000433
-0.000472
-0.000433
-0.000433
-0.000433
-0.000433
-0.000472
-0.000433
-0.000433
-0.000580
0.005322
