0.006651
-0.000590
-0.000464
-0.000425
-0.000425
-0.000464
-0.000425
-0.000464
-0.000425
-0.000425
0.002155
-0.003044
-0.000464
-0.000425
-0.000425
-0.000464
-0.000425
-0.000298
-0.000590
-0.000425
-0.000320
-0.000569
-0.000464
-0.000425
-0.000425
0.000197
0.001533
-0.002256
0.001617
-0.001947
0.002099
-0.000151
0.000123
0.002099
-0.002400
0.001912
-0.001866
-0.000400
0.001473
-0.002302
0.001519
-0.002323
0.001600
-0.000509
-0.002404
-0.000464
0.002215
-0.001125
-0.002404
0.001638
0.000113
0.002601
0.012215
0.004398
-0.000812
0.002099
-0.002397
-0.000003
-0.000088
-0.002545
-0.000668
0.001515
-0.000464
-0.000425
-0.002404
-0.001125
-0.000425
-0.000464
-0.000425
0.002215
-0.000464
-0.000425
-0.003103
0.002215
-0.002900
0.000032
-0.000509
-0.000875
-0.000014
0.001638
-0.002443
-0.000509
-0.001040
-0.000425
-0.000425
-0.000464
0.005761
-0.002091
-0.000341
0.001227
-0.001905
0.001227
-0.001905
0.001557
-0.000671
-0.001905
0.001227
-0.001905
0.001227
0.001884
