0.009703
-0.003043
-0.000426
-0.000390
-0.000390
-0.000426
-0.000390
-0.000426
-0.000390
-0.000390
-0.000280
-0.000536
-0.000426
-0.000390
-0.000390
-0.000426
-0.000390
0.000245
-0.001061
-0.000390
-0.000426
-0.000390
-0.000390
-0.000426
-0.000390
0.002227
-0.002460
-0.000157
-0.000068
-0.000236
0.002178
-0.000038
0.000094
0.000116
0.000501
-0.000228
-0.000302
0.001534
0.000077
-0.000638
0.000192
0.000245
0.000091
0.001463
0.000355
-0.000629
-0.000307
-0.000170
-0.002240
-0.000660
0.003543
0.012246
0.003966
0.000391
-0.000390
0.000192
-0.001679
-0.005241
-0.000929
-0.000973
-0.000390
-0.000426
-0.000390
-0.000390
-0.000426
-0.000390
-0.000426
-0.000390
-0.000390
-0.000426
-0.000390
-0.000572
-0.000245
-0.000390
-0.000426
-0.001061
0.000245
-0.000390
-0.000390
-0.000426
-0.000390
-0.000390
-0.000426
0.005753
-0.002496
0.001679
-0.000121
-0.002765
0.001949
-0.002765
0.001512
-0.000457
-0.000360
-0.000457
-0.000360
-0.000457
-0.002227
0.001410
-0.002227
0.002262
