0.008977
-0.001819
0.000987
-0.001819
0.000987
-0.001819
0.000987
-0.002114
0.001282
-0.002114
0.001282
-0.000418
-0.005231
0.001002
-0.000360
-0.001783
-0.000360
0.001002
-0.000360
-0.001783
-0.000360
0.001002
0.000692
0.001706
-0.002093
-0.000472
0.001393
-0.000309
0.000374
-0.000126
0.000040
0.001700
-0.000306
-0.000418
-0.000120
-0.000360
-0.000544
-0.000472
-0.000394
-0.002280
0.001745
-0.000508
-0.000321
-0.001098
-0.000009
-0.000379
0.000954
0.004076
0.012854
0.004994
-0.001431
-0.000415
0.001189
-0.000673
-0.000418
-0.001762
-0.000363
-0.000454
-0.000679
-0.000291
-0.000222
-0.002262
-0.000842
-0.001058
-0.000785
-0.001098
-0.000363
-0.002265
0.001866
-0.002210
0.001866
-0.001693
-0.000162
-0.000360
0.001688
-0.000321
-0.000508
-0.000469
-0.000508
-0.000469
-0.000508
-0.000469
-0.000508
-0.000469
0.004973
-0.000285
-0.000360
-0.002295
0.001246
-0.000544
-0.000508
-0.002147
-0.000508
0.001598
-0.000508
-0.002535
-0.000508
0.001156
-0.000508
0.001673
