0.003096
-0.000665
-0.000532
-0.000483
-0.000483
-0.000532
-0.000483
-0.000532
-0.000483
-0.000483
0.000108
-0.001123
-0.000532
-0.000483
-0.000483
-0.000532
-0.000483
0.002364
-0.003379
0.002412
-0.003085
0.000383
0.001223
-0.002357
0.000015
-0.000242
0.004070
-0.001335
0.001743
-0.002152
-0.000149
-0.000372
0.001565
-0.000394
-0.000301
-0.002721
-0.000439
0.002044
-0.000781
-0.000026
-0.000532
-0.000301
-0.003450
0.002275
-0.000323
-0.000532
-0.000483
-0.000212
0.003033
0.013654
0.007684
0.001453
-0.002156
0.001676
-0.000353
-0.002387
-0.000171
-0.002885
-0.000372
-0.000439
-0.001375
-0.000665
0.002227
-0.003401
-0.000665
-0.000350
-0.000483
-0.000532
-0.000483
-0.000483
-0.000532
-0.000483
-0.000532
-0.000483
-0.000483
-0.000532
-0.000483
-0.000532
-0.000483
-0.000483
-0.001260
0.007862
-0.000829
-0.000186
-0.003037
0.002182
-0.003197
0.002182
-0.003197
0.002253
-0.003268
0.002253
-0.003268
0.002253
-0.001052
0.000037
-0.001052
0.000037
-0.001052
0.005420
