0.009196
-0.002962
-0.000439
-0.000439
-0.000439
-0.000439
-0.000439
-0.000439
-0.000439
-0.000439
-0.000439
-0.000439
-0.000439
0.000198
-0.001076
-0.000439
-0.000300
-0.000578
-0.000439
-0.000439
-0.000439
-0.000439
-0.000439
-0.000439
-0.000243
0.000178
-0.000480
0.000002
-0.000255
0.001476
0.000423
-0.000010
0.000643
0.001276
-0.001786
-0.000378
-0.000418
0.001329
-0.002125
0.001411
-0.000361
0.000039
-0.002823
-0.000439
0.002105
-0.002982
0.001966
-0.000300
-0.000023
0.003900
0.013246
0.005697
-0.000055
-0.002357
-0.000071
-0.000071
-0.000708
-0.000394
-0.002125
-0.000659
-0.000835
-0.000459
-0.000578
-0.000439
-0.000439
-0.000439
-0.000439
-0.000439
-0.000439
-0.000439
-0.000439
-0.000439
-0.000439
-0.000439
-0.000402
-0.000439
-0.000439
-0.000439
-0.000578
-0.000300
-0.000439
-0.000439
-0.000439
-0.000023
0.003456
0.001308
-0.000218
-0.002407
0.001786
-0.002664
0.001447
-0.000516
-0.002248
0.001308
-0.000378
-0.002248
0.001308
-0.000218
-0.002407
0.002121
