0.005560
-0.000437
-0.000473
0.000161
-0.001035
-0.000473
0.000086
-0.000996
-0.000437
-0.000306
-0.000604
-0.000437
-0.000437
-0.000473
-0.000437
-0.000473
-0.000437
-0.000437
-0.000473
-0.000437
-0.000437
-0.000473
-0.000437
-0.000193
-0.000045
0.001282
-0.001742
0.001675
-0.000003
-0.000154
0.000501
0.001360
-0.000267
-0.000324
-0.001818
0.001225
-0.000678
-0.000081
-0.002156
0.001638
-0.000679
-0.000437
-0.000473
0.000086
-0.001071
-0.000361
0.000739
0.003839
0.011199
0.003727
0.000013
-0.000380
0.000984
-0.001743
-0.000324
0.001041
-0.000211
-0.002188
-0.000172
-0.000809
-0.002173
-0.001109
-0.000437
-0.001071
-0.002211
0.000984
-0.000324
-0.001780
-0.000209
0.001359
-0.002189
0.001939
-0.001667
-0.000209
0.001302
-0.001687
-0.000379
-0.000437
0.001749
-0.000755
0.006195
-0.002098
-0.000380
-0.000380
-0.000379
-0.000380
0.000984
-0.000119
-0.002005
0.000984
-0.000119
-0.002005
0.000984
-0.000119
-0.000341
-0.000679
-0.000380
-0.000080
-0.000679
0.001636
