0.000699
-0.000195
0.003097
0.001701
-0.000028
-0.000949
0.000241
-0.000426
0.000117
-0.001009
0.002219
-0.003072
-0.000465
-0.000426
-0.000426
-0.000426
-0.000465
-0.000426
-0.000259
-0.000593
-0.000465
-0.000426
-0.000426
-0.000426
-0.000426
-0.000465
0.000156
-0.000696
0.001907
-0.002212
0.001701
-0.001900
-0.000085
0.002317
-0.000085
0.002206
-0.001818
-0.000337
0.001491
0.000096
-0.002760
-0.000401
-0.000405
0.001658
-0.002511
0.002202
-0.000572
-0.002948
0.002241
-0.000426
-0.000465
-0.000426
0.000717
0.004459
0.012828
0.003075
-0.001900
-0.000731
-0.000081
-0.000021
-0.002503
0.001328
-0.002234
-0.000491
0.001491
-0.003094
-0.001048
0.000156
-0.000426
-0.001009
0.000117
-0.000426
-0.000426
-0.000426
-0.000426
-0.000465
-0.001094
0.000241
-0.000426
-0.000465
-0.000426
0.000241
0.001573
-0.002298
0.001491
-0.002237
0.001491
0.000203
-0.000671
0.000583
0.002266
-0.000273
-0.000007
-0.002323
0.001470
-0.002362
0.001470
-0.000259
-0.000011
-0.000842
