0.000220
-0.000268
-0.000919
0.001896
-0.000415
-0.000415
-0.002801
0.000024
-0.000583
0.006029
-0.000415
-0.000415
-0.000453
-0.000415
-0.000415
-0.000415
-0.000453
-0.000415
-0.000415
-0.000453
-0.000415
-0.000415
-0.000453
-0.000415
-0.000268
-0.000599
-0.000415
-0.000415
-0.000415
-0.000284
0.000236
0.001429
-0.002253
0.001836
0.000285
-0.000463
0.000795
-0.000067
0.002032
-0.001814
-0.000328
-0.000387
0.001516
-0.002324
-0.000328
-0.000453
-0.000415
0.001597
-0.002465
0.001597
0.000258
-0.000621
-0.000919
-0.002427
0.001793
0.002806
0.012081
0.004840
0.002091
-0.002481
0.000036
-0.000148
-0.000674
-0.001895
0.001294
-0.002237
-0.000919
-0.000621
0.000024
-0.001001
-0.000453
-0.000415
-0.000415
-0.000415
-0.001038
0.000171
-0.000415
-0.000453
-0.000415
-0.000415
-0.000453
-0.000415
-0.000415
-0.000453
-0.000415
-0.000415
-0.000415
-0.000453
-0.000415
-0.000415
-0.000453
-0.000268
0.006191
-0.002801
0.001933
-0.000773
-0.000534
-0.000480
-0.002259
0.002248
