0.004411
-0.000475
-0.000644
-0.001172
-0.001172
0.000180
-0.000665
-0.001003
0.000180
-0.000496
-0.000496
-0.000496
-0.000496
-0.000327
-0.000665
-0.000496
-0.000496
-0.000496
-0.000496
-0.000496
-0.000327
-0.000665
-0.000496
-0.000496
0.002190
-0.000496
-0.002061
-0.000413
-0.000351
0.002080
-0.000165
-0.000042
0.000510
0.001483
-0.001917
0.001552
-0.002379
0.001387
-0.002358
0.001449
-0.000306
-0.002527
0.001535
-0.000413
-0.002610
0.002042
-0.000920
0.000097
-0.000496
-0.000496
-0.000051
0.003805
0.012091
0.002825
-0.000289
-0.000227
-0.000334
-0.000104
-0.000314
-0.002531
0.001214
-0.000475
-0.000496
-0.000496
-0.002527
-0.001320
-0.000393
-0.000496
-0.000496
-0.000496
-0.001172
0.000180
-0.000496
-0.000496
-0.000496
-0.003182
0.002190
-0.000496
-0.000496
0.000097
0.002397
0.000045
-0.000079
-0.000903
-0.002127
-0.000413
0.001548
0.000559
0.000473
-0.000413
0.001366
-0.000265
-0.000727
-0.000434
-0.002420
-0.000475
-0.000475
-0.000475
-0.000179
0.009891
