0.010277
-0.000657
0.000161
0.003687
-0.003639
-0.000867
-0.003322
-0.008045
-0.001518
-0.006597
-0.002526
0.002953
-0.005043
0.001399
0.000013
0.007759
0.009584
-0.001643
0.002385
0.003519
-0.004960
0.004547
-0.007919
-0.005087
-0.004352
-0.001960
0.002637
-0.004897
0.008618
-0.000322
0.009501
-0.000174
0.000140
0.008870
-0.007226
0.000851
-0.004269
0.010591
-0.010039
0.007360
-0.010607
0.004380
0.007380
-0.003870
-0.000195
-0.000784
-0.000888
-0.000888
-0.001015
-0.000888
0.000036
-0.001939
-0.000888
0.003225
-0.004205
0.003329
0.000727
0.006290
-0.009431
0.002343
-0.004498
0.004297
-0.005948
0.001819
-0.003805
0.004274
0.004191
-0.000553
0.009711
0.000077
0.007484
0.004884
-0.004625
0.000098
-0.005800
-0.003618
-0.002001
-0.005757
0.000119
-0.006387
0.001567
0.006939
-0.004519
0.010297
-0.000595
0.006373
-0.000112
0.001630
-0.004078
0.003560
-0.013104
-0.002777
0.002974
-0.010018
-0.001015
-0.004246
0.003519
0.000140
0.007170
0.000433
