-0.062774
-0.055537
-0.035338
-0.008889
-0.012281
-0.018616
-0.004180
-0.008767
0.000425
-0.001501
-0.003599
-0.004008
0.003753
0.004584
0.007373
0.010284
0.001288
0.006970
-0.004069
-0.003801
-0.004002
-0.000871
0.001392
-0.004473
0.005227
0.006236
0.011171
0.001809
0.014064
0.003148
0.002640
0.008407
0.002542
-0.003904
0.003392
0.000547
0.000725
0.004561
-0.008064
0.009796
-0.011580
0.005735
0.009318
0.000481
0.000866
0.001331
0.000218
0.002194
0.006622
0.000927
0.000725
0.000622
0.000927
0.000420
0.000927
0.000420
0.001979
0.007012
0.004946
-0.007782
0.007655
-0.004064
0.000824
0.002951
0.001049
-0.001477
-0.003782
0.004499
0.010566
0.004922
0.002053
0.013782
0.005753
-0.000106
0.005453
0.004768
0.001673
-0.002749
0.000768
-0.003299
-0.000914
0.002353
-0.004797
0.009110
0.001331
0.011618
0.004603
0.007214
-0.002149
0.005209
-0.003060
0.000383
-0.003293
-0.000125
-0.003965
0.005349
0.008542
0.006114
0.008059
0.005209
