-0.073293
-0.040540
-0.012678
-0.003227
-0.020365
-0.002102
-0.009501
-0.011989
-0.020720
0.007448
-0.004328
-0.008431
-0.002323
0.004959
0.007008
0.012297
0.013355
0.003462
0.007693
-0.003197
-0.012295
-0.003264
0.005767
-0.017217
0.002471
-0.004438
0.013043
0.006763
0.000789
0.013667
0.007381
0.003089
0.008188
0.006757
-0.009238
0.010114
0.003272
-0.003637
-0.008376
0.007008
-0.007942
0.003400
0.007436
0.005449
0.000343
-0.005881
0.005822
0.003712
0.004648
0.001529
-0.000030
-0.000030
-0.000030
0.001462
-0.000274
-0.000030
0.007436
0.006072
-0.002274
0.001529
-0.007190
-0.001522
0.006941
0.005638
-0.008241
0.009808
0.009191
0.001664
0.008255
0.013355
0.004024
0.008751
0.009368
-0.004010
0.003156
-0.015847
-0.007122
0.010248
-0.002390
-0.007306
-0.007122
0.004458
0.003890
0.010866
0.013043
0.002086
0.007999
0.000845
-0.003258
-0.009299
0.008506
0.002220
-0.010925
-0.008425
0.007821
0.004959
0.004336
0.005895
0.010927
0.008689
