-0.100323
-0.045714
-0.033515
-0.004606
-0.010522
-0.005966
-0.014393
-0.019033
-0.017773
-0.004049
-0.014255
-0.002996
-0.006375
0.006152
0.007218
-0.000621
0.008555
0.005293
0.008361
0.000633
0.002100
-0.001252
-0.000178
0.002939
0.007745
0.006692
0.008999
0.012482
0.005058
-0.004679
0.000667
0.003874
0.005307
-0.001244
0.010446
-0.004804
0.008507
-0.002359
0.005598
0.009123
0.002876
-0.000303
0.006311
0.003797
0.006269
0.003880
0.002765
0.002765
0.006471
-0.000940
0.006866
0.000300
0.005231
0.008535
0.005868
-0.005268
0.009220
0.002523
0.000889
0.001173
0.007025
0.000840
0.000709
-0.000192
0.012260
0.008029
0.003513
0.011720
-0.001133
0.004054
0.005140
-0.002942
-0.010054
-0.001474
-0.002949
-0.000137
0.004281
0.004919
0.010148
0.006124
0.007378
0.006948
0.011339
-0.000470
0.005487
0.000486
0.000562
-0.003953
0.000278
0.002280
-0.001966
-0.013350
-0.001183
-0.000379
0.005826
0.001040
0.002987
0.009476
0.004406
0.002606
