0.020199
-0.016062
0.001823
0.017530
0.001312
-0.010982
0.001952
-0.002488
-0.020270
-0.032124
-0.010982
-0.001564
0.010704
0.004492
0.014039
0.014964
-0.004848
-0.005029
-0.016062
-0.030431
-0.004925
0.002695
0.001209
0.003646
0.000362
0.003775
0.000155
0.021867
0.007983
0.027154
0.003620
-0.005875
-0.010904
0.010807
-0.005746
-0.018551
-0.000666
-0.001280
0.020122
-0.007543
-0.011777
0.022843
0.000362
0.001079
-0.015190
0.012475
-0.001435
-0.001435
-0.001435
-0.001435
-0.002152
-0.001435
-0.001435
-0.001435
-0.002152
0.001952
-0.001331
-0.004925
-0.002152
0.001952
-0.001331
-0.004079
0.008959
0.019249
-0.014317
0.010601
-0.009928
0.010575
-0.017704
0.002851
-0.018577
0.022765
-0.010930
-0.001461
-0.005875
0.026281
0.016683
0.006238
0.012320
0.003775
0.000259
0.000259
0.010575
-0.017626
-0.018551
-0.014369
0.007983
0.017685
0.004492
0.007983
0.004441
-0.024478
-0.025376
0.006186
-0.014369
0.017555
-0.018602
0.015784
-0.005003
0.014065
