-0.122576
-0.071345
-0.016723
-0.015341
-0.005758
0.002045
0.002367
-0.007424
-0.001458
-0.020909
-0.007576
-0.007576
0.002992
-0.003352
-0.014545
-0.008011
-0.000795
0.007595
0.010625
0.008542
0.004735
0.010189
0.010606
-0.002330
-0.004773
0.002348
-0.007481
0.007538
0.013807
0.010019
0.006155
0.003731
0.005663
0.003561
-0.002936
0.004621
0.005208
0.002027
-0.004848
0.008826
-0.006231
0.009470
0.003977
0.007386
-0.005246
0.005549
0.010758
0.005644
0.004583
0.001894
0.001894
-0.000152
0.003561
0.001894
0.003561
-0.000152
0.003030
0.000758
0.003030
0.001515
0.006780
0.009564
0.004034
-0.007727
0.006061
0.005530
0.006989
-0.007235
-0.004602
0.014640
0.000379
-0.001326
0.002879
0.008220
0.016458
0.003220
0.008068
0.003864
-0.005114
0.006023
-0.005341
-0.000777
0.014924
0.003504
0.004167
0.010189
0.008788
0.001705
0.000436
-0.010871
-0.010057
0.002557
-0.003598
0.001837
0.007254
0.001458
0.009072
0.005057
0.008788
0.010038
