0.001911
0.003351
0.026135
-0.000487
-0.002885
-0.004563
-0.007681
-0.029359
0.000477
0.003515
-0.009200
-0.025039
-0.007681
-0.003361
0.020540
0.004071
0.015024
0.011985
0.000715
-0.005601
-0.024319
-0.009841
0.003515
-0.008560
-0.026479
-0.002642
-0.004722
0.009349
0.011906
0.002631
0.023737
0.007268
0.014066
-0.009121
0.022700
-0.007443
-0.000407
0.000471
-0.009846
0.009111
-0.007205
0.020540
0.003669
-0.000249
-0.004166
0.001509
0.000074
-0.000969
-0.000969
-0.000969
-0.000969
-0.000969
-0.000969
-0.000646
-0.000249
0.001509
-0.003446
0.002229
0.005511
0.017745
-0.014881
0.015585
-0.000169
-0.015600
0.006469
-0.005283
0.010228
0.010545
0.006951
0.004791
0.015262
0.012705
0.011906
0.006792
-0.003843
-0.010799
-0.024399
-0.000323
-0.001122
-0.017120
-0.017199
-0.000482
0.000874
0.022059
0.005511
0.009428
0.010630
-0.006241
-0.009200
-0.026479
0.001996
0.003436
-0.005521
-0.024319
-0.013441
-0.009042
-0.000164
-0.000566
0.019179
0.007591
