0.000445
-0.000068
-0.000063
-0.000068
0.000060
-0.000191
0.000544
-0.000166
0.006142
-0.000606
0.000085
-0.001547
-0.004853
0.000879
0.000134
-0.000117
0.002452
0.000662
0.000814
0.001772
-0.001853
0.004712
-0.002164
0.000726
0.001786
0.001011
0.002354
0.000361
0.000445
0.000090
0.003267
-0.004556
0.002483
0.000391
-0.002574
-0.000207
0.000198
-0.001992
-0.001034
-0.000349
-0.000685
-0.001642
-0.001844
-0.000502
-0.002978
-0.000660
-0.003037
-0.000063
-0.000068
-0.000063
-0.000068
-0.000068
-0.001078
-0.006085
-0.005572
-0.001690
0.000031
0.000060
0.000489
0.002299
0.002580
0.000189
-0.001957
0.002334
-0.000063
-0.000679
0.000544
-0.000063
0.002334
-0.001858
-0.000161
0.002709
0.002897
-0.002682
0.000790
0.001895
0.000677
-0.000068
-0.000068
-0.000063
-0.000068
-0.000068
-0.000576
0.000445
-0.000068
-0.000576
0.000445
-0.000068
-0.000063
-0.000068
-0.000068
0.000958
0.004756
0.000317
-0.000063
-0.002317
0.002310
-0.000063
-0.000068
-0.000576
