0.000519
-0.000154
-0.000154
0.002948
-0.003255
0.000015
0.002780
0.004323
-0.000138
0.000519
-0.000154
-0.000154
-0.000322
0.000015
-0.000154
-0.000154
0.000656
-0.001147
0.000045
-0.000154
0.000519
-0.000826
-0.000154
-0.000352
-0.000612
0.001313
0.003269
0.000962
0.002108
0.000045
0.000519
-0.000154
-0.000154
-0.000306
0.000015
-0.000154
0.000641
-0.000276
0.003192
0.003681
-0.002583
0.001772
-0.004324
-0.004523
-0.002338
-0.000154
-0.000154
-0.000154
-0.000154
-0.000306
-0.000780
-0.000413
-0.000092
-0.005318
-0.002659
-0.003545
-0.003026
0.000442
-0.000138
-0.000154
-0.000948
-0.000826
-0.000276
-0.002491
-0.000092
-0.003515
-0.001605
-0.002613
0.009258
-0.001681
-0.002506
0.002948
0.000840
0.002841
0.003666
-0.001513
-0.000092
-0.000154
0.002581
-0.000581
0.000641
-0.000154
0.000519
-0.000612
0.002780
-0.000092
0.003880
0.000335
0.000809
-0.000352
-0.006983
-0.000933
0.000809
0.006172
0.000137
0.000519
-0.000352
0.000045
-0.000154
-0.000810
