0.000385
-0.000165
-0.000028
-0.000289
-0.000028
-0.000303
0.000498
0.001722
-0.002402
0.006406
-0.000303
-0.000165
-0.000151
-0.000165
-0.000165
-0.000165
-0.000151
-0.000165
-0.000165
-0.000151
-0.000165
-0.000165
-0.000151
-0.000165
-0.000814
0.001048
0.002032
0.000968
0.002382
-0.001876
-0.000141
0.001746
0.000498
-0.000165
-0.000165
-0.000151
-0.000165
0.000484
-0.000250
0.001845
0.000844
0.000245
0.002442
0.001609
-0.000878
-0.000014
-0.000790
-0.006107
-0.005185
0.002209
-0.002701
0.002385
-0.000715
0.000223
-0.000127
-0.000677
-0.000553
-0.003015
-0.000151
-0.002726
-0.000165
-0.002800
-0.000993
-0.001904
-0.001587
-0.000528
-0.002203
0.000319
-0.001268
0.000269
0.002170
-0.000493
0.002294
-0.004544
0.005729
-0.000655
0.000844
0.000033
-0.001917
0.001892
0.003130
0.000058
0.000272
0.000498
0.000896
0.002181
0.000968
0.001958
-0.001989
0.002921
-0.000539
-0.001365
0.000132
0.000198
0.000410
-0.000190
-0.000127
-0.000028
-0.000814
-0.000052
