0.000538
0.000235
-0.000493
-0.000919
0.000674
0.000538
-0.000432
0.002619
-0.002210
0.003334
0.000723
0.006064
-0.006459
-0.004699
-0.000129
-0.000129
0.000038
0.003027
0.004563
-0.000722
-0.000006
-0.002561
0.005928
0.000327
0.001833
0.002075
-0.002513
-0.000063
-0.002218
0.003668
0.005831
0.006999
-0.001276
-0.004111
0.000656
0.002926
0.000209
-0.001564
-0.003706
-0.000906
-0.000919
-0.000568
-0.006002
-0.000981
-0.000889
-0.003539
-0.002495
-0.000239
-0.000796
0.002785
-0.003044
0.000977
-0.006482
-0.005661
-0.004234
-0.003685
-0.002531
0.000068
0.002377
0.001759
-0.000537
0.003260
-0.002377
0.002983
-0.000129
-0.000116
-0.000129
0.002983
-0.002574
0.002329
-0.002377
0.000420
0.003050
0.003619
0.000038
-0.003557
0.003773
-0.000129
-0.000906
0.000661
-0.000129
-0.000129
-0.000116
-0.000129
-0.000129
-0.000129
-0.000116
-0.000129
-0.001389
0.000451
0.003940
-0.001722
0.003142
0.003168
0.000161
0.000551
-0.000129
-0.000919
-0.000006
-0.000116
