-0.000964
0.002965
-0.001956
-0.005979
-0.001267
0.000599
0.002026
-0.000301
-0.001728
0.001384
-0.001754
0.002259
0.000738
-0.000026
-0.002178
-0.000109
-0.011086
-0.007398
0.003287
-0.000743
0.003231
0.000013
0.003398
-0.000918
0.001299
0.001557
-0.004533
-0.001894
-0.000007
0.000107
0.000889
0.002353
0.000531
0.002455
0.000392
-0.002065
0.001837
0.000015
-0.002010
-0.003040
-0.001190
-0.000068
0.000098
-0.000243
-0.000068
0.000770
0.001809
0.000770
0.000375
0.002805
0.000301
0.000373
-0.000454
-0.002120
0.002675
-0.000068
-0.000068
0.001092
-0.000252
0.000301
-0.000252
0.003485
0.001856
0.000373
-0.002101
0.002508
-0.000629
0.000043
0.000345
-0.000491
0.000520
-0.000666
0.000345
0.000098
-0.000068
-0.000216
-0.002654
0.002656
-0.000077
-0.000068
-0.000666
0.000345
0.000107
-0.000077
-0.000216
-0.002654
0.002656
-0.002856
0.002905
0.000520
0.003210
0.000292
0.002658
0.000254
-0.000041
-0.001926
0.001809
-0.002607
0.000798
0.002270
