0.000554
0.002066
-0.002279
-0.000048
-0.000044
-0.000048
-0.000188
0.000217
-0.000168
0.000651
0.004729
-0.000044
-0.005287
-0.000670
0.000096
0.001060
0.001588
0.001023
0.002277
0.000815
0.000243
-0.000145
0.000073
0.000317
0.000046
0.000076
0.000357
0.002899
0.001966
0.000457
-0.002302
0.002331
0.002127
-0.004316
0.001896
0.006971
-0.002814
-0.002256
-0.002222
0.001441
-0.002282
0.002214
-0.002306
-0.000623
-0.000382
-0.002149
-0.000071
-0.002931
-0.003969
0.002137
-0.002865
-0.000044
-0.000048
-0.000044
-0.000048
-0.003497
-0.006089
-0.005802
-0.002634
-0.000048
0.000892
0.000327
0.002254
0.002250
-0.001182
0.001973
-0.000335
0.000554
-0.000048
-0.000044
-0.000048
0.000143
0.002187
-0.001229
0.002137
-0.001667
0.004318
0.000936
-0.000623
0.000411
0.000073
-0.000526
0.000434
-0.000044
0.001946
-0.001995
-0.000044
-0.000530
-0.001797
0.002187
-0.000044
-0.000048
-0.000048
0.004997
0.000815
-0.002112
0.002187
-0.000165
-0.000409
-0.000044
