-0.000866
-0.000009
-0.003973
-0.001018
-0.000065
0.001712
-0.002532
0.000405
-0.000567
0.001845
0.002052
0.002403
-0.000438
-0.000464
-0.008465
-0.004608
0.001151
0.000707
-0.001051
-0.003197
0.003138
-0.001453
-0.000065
0.001764
0.000626
-0.000065
0.000571
-0.000168
-0.000231
-0.000438
-0.000168
-0.003071
-0.001365
-0.000050
0.000201
0.002558
0.002192
0.000470
0.000500
-0.000032
0.001770
-0.008366
-0.000062
0.002302
-0.001865
-0.000509
0.000341
0.005132
0.000201
0.000363
-0.000302
0.000522
0.000367
0.000101
-0.000032
-0.000032
-0.000032
0.000097
0.000127
-0.000165
0.003015
-0.000512
-0.001388
0.002639
0.002188
0.000311
0.000736
-0.000191
0.000127
-0.000032
-0.000032
-0.000036
-0.000032
-0.000032
-0.000032
-0.000032
-0.000032
-0.000032
-0.000036
-0.000668
0.000603
-0.000564
0.000500
-0.000165
0.000101
-0.000036
-0.000032
-0.000032
-0.000032
-0.000032
0.004050
0.000123
0.001926
0.000500
-0.000191
-0.002341
0.002276
0.000127
-0.000032
-0.000564
