0.000427
0.002703
-0.001638
0.006068
-0.007647
-0.000587
0.000242
0.000003
0.001026
0.000077
0.005322
0.001091
-0.000182
-0.000015
0.000445
0.002013
0.001017
0.002695
-0.002172
-0.003416
0.003948
0.001625
0.010666
-0.001206
-0.002947
0.002879
0.002483
-0.001831
-0.000421
-0.000743
-0.000126
-0.005997
-0.000688
-0.003085
-0.001831
-0.002845
-0.002919
0.002786
-0.003573
-0.000366
-0.000200
-0.000182
-0.001472
-0.004256
-0.004422
-0.005546
0.000371
0.001948
0.000712
0.002778
-0.001767
-0.000182
0.002528
0.000003
-0.000384
-0.000624
0.000427
-0.000182
-0.000182
-0.000200
0.000003
-0.000384
-0.000182
-0.000015
0.002574
-0.001767
-0.000043
0.005552
0.000851
-0.000338
-0.000937
0.000556
-0.000937
0.000371
-0.000154
-0.000043
-0.000808
0.000427
-0.000182
-0.000357
-0.000182
-0.000043
0.000445
0.003920
0.002528
-0.000025
-0.000827
0.000261
-0.000015
-0.000182
-0.000200
-0.000182
-0.000182
-0.000200
-0.000338
-0.000043
-0.000182
0.002685
-0.003067
-0.000808
