0.000409
-0.000096
-0.000096
-0.000096
-0.000096
-0.000096
0.002638
0.003443
-0.000373
-0.006463
0.000559
0.001894
-0.001210
0.002354
0.002268
0.000323
-0.001803
0.001665
0.001010
-0.000602
0.000631
-0.000049
0.000347
0.002442
0.000892
-0.000096
0.002771
0.000426
0.002360
-0.003392
0.000146
0.010521
-0.000318
-0.002947
-0.002435
-0.000419
-0.001849
0.001382
-0.001858
-0.000697
-0.002435
-0.000096
-0.000049
-0.000490
-0.000419
-0.002885
-0.002497
-0.002466
-0.000206
-0.000246
0.000030
0.000283
-0.000001
-0.000697
-0.004000
-0.005351
-0.005652
-0.001598
-0.003627
0.005782
0.001019
0.002053
-0.001479
0.001990
0.000030
-0.000223
0.000054
0.000030
0.000504
-0.000547
0.000030
0.000283
0.000252
0.001651
0.003610
-0.000096
-0.001541
0.001010
0.000631
-0.000096
-0.002435
0.002242
-0.000096
-0.000697
0.000504
-0.000096
-0.000096
-0.000096
-0.000096
-0.000096
-0.000697
0.005798
0.000883
-0.000096
-0.000096
-0.000096
-0.000096
-0.000096
0.000030
-0.000609
