-0.160053
-0.000412
0.000830
0.000646
0.006440
-0.000262
0.002658
0.002033
0.002202
0.002064
0.003500
0.002970
0.002557
-0.001862
0.004175
0.001906
0.001394
0.000705
0.001365
0.003449
0.000450
0.000831
0.001505
0.001657
0.001043
0.003517
0.003197
0.001295
0.002027
0.001004
0.000493
-0.000515
0.001353
0.000299
0.001865
0.002929
0.000069
0.002240
0.000954
0.002130
0.004620
-0.000216
0.001258
0.001283
0.001237
0.000057
0.001322
0.001039
0.001242
0.000809
0.003769
0.002177
0.000919
0.001841
0.001134
0.002543
-0.001554
0.000643
0.001045
0.000810
0.003596
0.002996
0.001896
0.001136
0.001162
0.001232
0.002440
0.000167
0.001439
-0.001770
0.003630
0.002651
0.001915
0.001778
0.001263
0.001399
0.001086
0.001197
0.000493
0.002124
0.001086
0.001222
0.000229
0.002326
0.000513
0.001959
0.001642
0.000370
0.005171
0.001907
0.005150
0.000695
0.001695
0.003142
0.001114
0.001749
0.002951
0.001905
-0.000036
0.002754
