-0.122886
-0.040525
-0.009765
-0.006176
-0.001070
-0.002464
-0.000277
0.005009
0.005658
-0.000252
-0.000961
0.004591
0.004297
0.002939
-0.001849
0.000666
0.003413
0.002941
0.001315
0.005009
0.002292
0.006455
0.003031
0.005182
0.001819
-0.001075
-0.009469
-0.000990
0.002381
0.002615
0.002321
0.010266
0.003383
0.004769
0.001376
-0.000809
-0.000634
0.002645
-0.000783
0.003592
-0.001461
0.003263
0.003115
0.002497
0.000076
0.002466
0.001993
-0.002524
0.001345
0.003559
0.003886
0.009144
0.002286
0.000960
0.000546
-0.004269
-0.002789
0.003148
-0.000697
0.004565
0.007253
0.007017
0.002644
0.000931
0.001168
0.004831
0.001255
-0.003588
0.005654
0.005595
0.004029
0.006837
0.006688
-0.001018
0.002822
0.001079
0.001581
0.001994
0.001080
-0.000693
0.001315
0.001582
-0.002672
-0.001315
0.001079
-0.000751
0.002055
0.000667
0.008522
-0.002352
0.009437
0.001344
-0.005777
0.007102
0.003645
-0.001638
-0.007280
0.002085
0.004651
0.002051
