-0.141581
0.000198
0.001059
-0.000694
0.006080
0.000441
0.003047
-0.000262
0.003256
0.001439
0.003482
0.001854
-0.000729
0.002513
0.001930
0.004162
0.000415
0.001311
0.000243
0.003925
0.001973
-0.000794
0.001969
0.001277
0.000402
0.000970
0.003726
0.002182
0.002543
0.001093
0.000883
-0.000634
0.000083
0.001164
0.000667
0.000142
0.003077
0.000317
0.002073
0.000874
0.001412
0.004896
-0.000439
0.001191
0.001174
0.000795
-0.000055
0.001585
0.000557
0.000912
0.001061
0.001610
0.003019
-0.001636
0.004721
0.000719
0.001375
0.001934
-0.002298
0.000828
0.000631
0.000849
0.003132
0.002996
0.001710
0.000946
0.000826
0.001109
0.002171
-0.000148
0.001615
0.001330
0.002444
0.000534
0.001533
0.000992
0.001013
0.000885
0.001099
0.001055
0.000981
0.000656
0.000914
0.000816
0.001013
0.002135
0.001046
0.000792
0.004311
0.003250
0.003674
-0.000313
0.002220
0.003638
-0.000108
0.002089
0.003430
0.001031
-0.000309
0.002574
