-0.200796
-0.003301
-0.002883
-0.002079
0.002029
-0.003161
0.001411
0.006028
-0.006055
0.000265
0.000284
0.003356
-0.007097
0.001930
-0.002718
0.003145
0.000927
0.006344
0.003592
0.001542
0.001203
0.002907
-0.000251
0.001133
0.002263
0.002214
0.001548
0.001873
0.001848
0.001895
0.003716
0.001871
0.002881
0.002447
0.002311
0.002058
0.002287
0.001869
0.000045
0.003782
0.001756
0.002011
0.001687
0.001524
0.005308
0.005911
0.002293
0.007261
0.003586
0.000327
0.001041
0.002055
0.003992
0.006465
0.001969
0.004785
0.003329
0.001433
0.002401
0.004984
0.000161
0.002955
0.002010
-0.000779
0.001709
0.001572
0.002219
0.003376
0.004324
0.004618
0.005034
0.002332
0.004559
0.005414
0.002056
0.001166
-0.006817
-0.002803
0.000908
0.002102
0.003445
0.003814
0.003324
0.006995
0.002840
0.003147
0.003422
0.002080
0.002914
0.003814
0.001736
0.003435
0.002354
0.001546
0.001777
0.002612
0.001961
-0.000136
0.001388
0.004639
