-0.120453
-0.032662
-0.006575
-0.000041
0.002639
-0.003283
0.000080
0.001663
0.001161
0.001126
0.001275
0.000671
0.000959
0.002887
0.001354
0.002671
0.000930
0.001208
0.000300
0.002423
0.001319
0.002483
0.004305
0.005543
0.001252
0.004131
0.000174
0.000808
0.000846
-0.001409
0.005093
0.004334
0.003301
0.002204
0.000598
0.001103
-0.000109
0.001421
0.000393
0.002197
-0.000772
0.001310
0.003680
0.006617
0.006039
0.002904
0.004247
-0.000191
0.001941
0.001707
0.000948
-0.001823
0.000726
0.002130
0.005662
0.005204
0.003520
0.003117
0.003287
0.002895
0.000676
0.001786
0.000320
0.001094
0.000180
0.001254
-0.000200
-0.000927
0.004013
0.001464
0.003470
0.000007
0.000565
0.001249
0.002834
0.002989
0.000814
-0.002214
0.001932
0.004039
0.002539
-0.000772
-0.000015
-0.004171
0.001447
0.001882
0.006282
-0.001184
-0.001362
0.000460
0.001909
0.001888
0.004834
-0.002045
0.000900
0.006375
-0.002569
0.001320
0.004822
0.000650
