-0.259164
-0.013832
-0.000975
0.003809
0.000545
0.001951
0.000217
0.001830
0.001483
0.001775
0.003991
0.007218
0.002076
0.000349
0.003717
0.006757
0.002517
0.002347
0.003005
0.003040
0.000846
-0.002274
0.004443
0.002167
0.000426
0.001173
0.002085
0.001799
0.001858
0.001858
0.001693
0.002704
0.001997
0.002583
0.002949
0.005085
-0.000538
0.002131
0.001259
0.005695
0.002893
0.005534
0.003894
0.005306
0.005844
0.002533
0.002209
0.002811
-0.001996
0.002857
0.002713
0.001560
0.003358
0.005213
0.005734
0.005669
0.005633
0.002205
0.004250
0.000997
0.002768
0.001389
0.000032
0.001738
0.003106
0.002081
0.004850
0.004046
0.006247
0.005813
0.004040
0.001662
-0.000934
0.002004
0.003327
0.004332
0.005359
0.006317
0.005532
0.002896
0.005685
0.002872
0.004974
0.002111
0.002438
0.001394
0.002899
0.004945
0.001847
0.001182
0.002584
0.006005
0.004610
0.000873
0.001266
0.004434
-0.004952
-0.002309
0.003273
0.005455
