-0.233950
-0.009101
0.002840
0.006939
0.002023
0.001584
-0.000481
0.001898
0.001602
0.000721
0.004344
0.008113
0.000676
0.001767
0.006494
0.004017
0.002744
0.002437
0.002018
0.002462
0.000371
-0.002701
0.004400
0.001784
0.000182
0.000834
0.001938
0.001803
0.002382
0.002141
0.001870
0.002359
0.002713
0.001448
0.002214
0.006109
-0.001562
0.001349
0.001371
0.002644
0.001573
0.003241
0.002384
0.003583
0.001927
0.000977
0.001455
0.000017
-0.000956
0.002846
0.001493
0.002417
0.003069
0.005882
0.002792
0.006300
0.005282
0.001477
0.002453
0.002125
0.003001
0.001632
0.000361
0.001395
0.003100
0.003687
0.003923
0.005159
0.005755
0.004620
0.002266
-0.001704
0.001499
0.003075
0.002433
0.004601
0.004413
0.005751
0.004324
0.005098
0.003801
0.003922
0.002917
0.001640
0.002107
0.000327
0.003302
0.003823
0.001775
-0.000088
0.002548
0.005427
0.004737
0.000918
0.000129
0.005621
-0.004776
-0.003119
0.002136
0.005328
