-0.127574
-0.026512
-0.013834
-0.006554
0.000977
0.000501
-0.000927
0.002805
0.002639
-0.002391
-0.002599
0.000905
-0.000959
0.001374
-0.000137
0.009383
-0.001470
0.010841
-0.001971
-0.006057
0.007116
0.004805
-0.002125
-0.005517
-0.001192
0.005948
0.004772
0.000924
-0.003628
0.010371
-0.001393
-0.000056
0.000793
-0.000195
0.005285
0.003153
-0.001595
0.005038
0.006142
0.000335
0.000640
-0.000379
0.001842
0.002807
0.000975
0.004660
-0.000871
0.008532
0.004388
0.000854
0.006357
-0.000491
-0.000953
-0.009431
-0.001560
0.000883
0.001466
0.003343
0.005494
0.005731
0.004159
0.003196
0.001028
-0.003123
0.000294
0.002774
0.003044
0.000118
0.000321
0.006287
0.001817
-0.002008
0.003948
0.002394
-0.001307
0.001435
0.002079
0.003374
0.008768
0.001018
0.001795
0.001087
-0.005662
-0.002413
0.003952
-0.000307
0.000370
0.001676
0.011017
0.002351
0.004281
0.003048
0.000057
0.005150
0.001873
-0.003121
0.006007
0.005827
0.004635
0.007054
