0.006263
0.000000
0.000000
0.000000
0.000000
0.000000
0.000000
-0.150950
0.000000
0.000000
0.000000
0.000000
0.000000
0.000000
0.052850
0.000000
0.000000
0.000000
0.000000
0.000000
0.000000
0.049402
0.000000
0.000000
0.000000
0.000000
0.000000
0.000000
-0.013512
0.000000
0.000000
0.000000
0.000000
0.000000
0.000000
-0.006615
0.000000
0.000000
0.000000
0.000000
0.000000
0.000000
-0.032512
0.000000
0.000000
0.000000
0.000000
0.000000
0.000000
0.000000
0.027868
0.000000
0.000000
0.000000
0.000000
0.000000
0.000000
-0.003167
0.000000
0.000000
0.000000
0.000000
0.000000
0.000000
0.027868
0.000000
0.000000
0.000000
0.000000
0.000000
0.000000
-0.020408
0.000000
0.000000
0.000000
0.000000
0.000000
0.000000
0.031316
0.000000
0.000000
0.000000
0.000000
0.000000
0.000000
0.003730
0.000000
0.000000
0.000000
0.000000
0.000000
0.000000
0.027868
0.000000
0.000000
0.000000
0.000000
0.000000
0.000000
0.000000
