0.001771
-0.000192
0.000691
0.000320
-0.001733
-0.003719
-0.000521
-0.000136
0.000249
0.005738
-0.000643
0.000516
-0.000028
0.000272
0.000221
-0.007330
0.001085
0.000207
0.000240
0.004141
0.001705
-0.000065
-0.000633
0.000315
-0.002300
-0.002851
0.000220
-0.000503
0.000122
0.004390
0.000733
-0.000962
0.001047
-0.000207
-0.001339
-0.004465
-0.000441
0.001207
0.000789
0.005221
-0.000831
0.000577
-0.000986
-0.000094
-0.001385
-0.004621
0.000643
0.000296
-0.000010
0.004709
0.001334
0.000329
-0.000253
0.000794
-0.003222
-0.003395
0.000361
-0.000446
0.000686
0.004400
0.000657
-0.000348
0.000066
-0.000141
0.000695
-0.006208
-0.000427
0.000559
0.000902
0.004639
-0.000160
-0.000343
0.001052
-0.000699
-0.000187
-0.004889
-0.000028
-0.000193
0.000888
0.003324
0.001024
-0.001094
0.000197
0.000451
0.000314
-0.006743
0.000141
0.000042
0.001315
0.005020
0.000136
-0.000141
-0.000545
0.000465
-0.000362
-0.005203
-0.000582
0.000653
0.000347
0.003385
