0.005015
-0.004950
-0.000055
0.001305
-0.001742
-0.003922
0.009705
-0.005111
-0.000134
0.000177
-0.000814
-0.000070
0.005383
-0.003689
-0.000063
-0.000048
0.000285
-0.000592
0.001374
0.000940
-0.000664
-0.002092
0.001323
-0.002164
0.001810
-0.000453
0.000067
-0.000786
-0.000281
-0.000087
-0.000349
0.001184
-0.000277
0.000267
0.000023
-0.000009
-0.000009
-0.003059
0.003590
0.000489
-0.001620
-0.000381
-0.002321
0.004896
-0.001398
-0.000453
-0.000281
-0.000420
-0.003002
0.009268
-0.004742
0.000138
-0.006468
0.010349
-0.004459
-0.001674
-0.000768
0.001413
-0.000918
-0.002888
0.005885
-0.002264
0.001627
0.001835
-0.001982
0.001534
-0.001652
0.001219
-0.000055
-0.000717
0.000804
-0.001240
-0.002024
0.001305
-0.000420
-0.000331
-0.000055
-0.000281
-0.000105
0.000962
-0.005401
0.006096
0.005240
-0.006719
0.001960
-0.003048
0.000937
0.008660
-0.006912
0.000317
0.001047
-0.004792
0.007911
-0.004756
-0.000420
-0.000453
0.001653
-0.000281
-0.000284
-0.000592
