-0.000668
0.000917
-0.001031
0.003496
0.000055
-0.000638
0.000372
0.000674
-0.000207
0.000224
-0.002098
-0.001593
-0.000797
-0.002122
0.001193
-0.001776
0.000112
-0.000277
0.000976
0.000224
0.001882
0.000112
0.000891
-0.001474
0.003198
-0.000235
-0.000031
-0.000205
-0.000291
-0.000205
0.001222
-0.000291
-0.003684
-0.000271
-0.002310
0.000112
-0.000392
-0.000190
-0.000291
0.000112
0.000891
0.001971
-0.001443
0.001222
-0.000205
0.001826
0.000325
0.000946
-0.001387
0.001121
-0.000450
0.000055
-0.000291
-0.003708
-0.000122
-0.002314
0.000843
0.000037
-0.001415
0.000875
0.000069
-0.000305
0.003540
-0.000080
-0.000164
-0.000076
0.002742
0.000174
0.000436
-0.000038
0.000887
-0.000207
-0.003937
-0.000190
-0.000392
-0.003482
0.002942
-0.001266
0.000063
0.001217
0.000037
0.002400
-0.001278
0.001473
0.002140
0.001133
0.000325
-0.000038
-0.000299
0.000478
0.000089
-0.002600
-0.000291
-0.003837
0.001191
-0.001331
-0.000080
0.001661
0.000174
0.003244
