0.000784
-0.000139
-0.000139
0.003223
-0.000128
0.000034
-0.000386
-0.000072
-0.007199
-0.000218
0.000157
-0.000732
0.004313
0.000605
0.000353
0.003239
0.000789
-0.000005
0.000543
-0.005040
-0.002394
-0.000134
-0.001275
0.000996
0.000045
0.002976
-0.000139
-0.000139
0.004034
-0.000095
-0.001040
-0.000078
-0.000139
-0.006237
-0.000520
-0.000699
0.001287
0.002949
0.000974
0.000420
0.004604
-0.000503
0.000957
-0.000749
-0.005308
-0.001812
-0.000139
-0.000139
-0.000139
-0.000134
0.003161
-0.000139
0.003161
-0.000139
-0.000139
-0.000139
-0.000139
-0.005414
-0.000950
0.000079
0.000532
-0.000715
0.003939
0.000856
0.000465
0.003502
0.000532
0.001007
-0.001006
-0.007160
0.000515
-0.000744
0.000107
-0.000139
0.003346
-0.000139
-0.000139
0.000045
0.003055
-0.000212
-0.000139
0.000996
-0.001784
-0.006774
0.000347
0.000269
-0.000760
0.004576
0.000812
-0.000055
0.003637
0.000191
0.000526
0.001007
-0.009414
0.000342
-0.000139
-0.000386
0.000107
0.002244
