0.000719
0.000155
0.002791
-0.000227
-0.000227
-0.000227
-0.000227
-0.001428
-0.005451
0.000776
0.000294
-0.000231
0.003432
0.000866
0.003382
0.000306
0.000285
0.000260
-0.000898
-0.005339
-0.000227
-0.000227
-0.000227
-0.000236
0.002791
0.000155
0.000155
0.002791
-0.000227
-0.000227
-0.000236
-0.000227
-0.001940
-0.005030
0.000294
-0.000190
0.000735
0.003088
0.000598
0.002935
0.000812
0.000294
-0.000260
0.000282
-0.006180
-0.000227
-0.000236
-0.000227
-0.000227
-0.000227
0.003173
-0.000227
0.003173
-0.000236
-0.000227
-0.000227
-0.000227
-0.000376
-0.006143
0.000289
0.000255
0.000306
0.001713
0.002110
0.003566
0.000261
0.000294
0.000261
-0.004650
-0.001726
-0.000227
-0.000227
-0.000227
-0.000227
0.002982
-0.000036
0.002209
0.000728
-0.000227
-0.000227
-0.000227
-0.000227
-0.005542
-0.001278
0.000306
0.000704
-0.000160
0.003566
0.000294
0.003484
0.000291
0.000781
-0.000223
-0.004607
-0.001717
-0.000227
-0.000227
-0.000227
-0.000227
0.002218
