0.001361
-0.000229
-0.000229
-0.000229
-0.000229
0.000407
0.004801
-0.000229
-0.000229
-0.000229
-0.000229
-0.000229
-0.000229
-0.000229
-0.000229
-0.005651
0.000301
-0.001787
0.000798
-0.000215
0.000301
-0.001787
0.000798
0.000301
0.003792
-0.000017
0.001134
-0.001593
0.001346
-0.000759
0.000619
0.005672
-0.001699
0.000195
0.000816
-0.001699
0.000195
0.000816
-0.001699
-0.000215
-0.005227
-0.000229
-0.000229
-0.000229
-0.000229
-0.000229
-0.000229
-0.000229
-0.000229
0.004801
0.000407
-0.000229
-0.000229
-0.000229
-0.000229
0.000407
0.004838
-0.001257
0.001420
-0.000215
-0.000851
-0.001257
0.001420
-0.000851
0.000144
-0.004960
-0.001699
0.000195
0.000816
-0.001699
0.000195
-0.000653
-0.000229
-0.000229
0.005368
0.000195
-0.000229
-0.000229
-0.000229
-0.000215
0.000089
0.004944
-0.000229
-0.000229
-0.000229
-0.000229
-0.000229
-0.000229
-0.000229
-0.000229
-0.006416
-0.001257
0.001420
-0.000851
-0.001257
0.001420
-0.000851
0.000144
-0.000602
0.003862
