0.001141
0.000611
-0.000060
0.000328
0.000178
0.000332
0.001451
0.000792
-0.006069
-0.005070
0.000158
-0.000744
0.000142
0.001112
0.000166
0.000110
0.000906
0.004327
0.000372
0.001039
0.000364
0.000154
-0.000392
0.002038
0.000283
-0.001492
-0.007925
-0.000514
-0.000518
0.000719
0.000987
-0.000149
0.001347
0.004897
0.000793
0.000388
-0.000154
0.001152
0.000566
0.001326
0.000336
-0.000925
-0.009101
-0.001225
-0.000056
-0.000388
0.000841
-0.000522
0.001443
0.001023
0.004339
0.000728
-0.000452
0.000328
-0.000072
0.001496
0.000566
0.001395
-0.003072
-0.008648
-0.001581
0.001137
-0.000857
0.000979
0.000267
0.001250
-0.000465
0.005180
0.000336
0.001314
-0.000772
0.001468
0.000110
0.000336
0.000182
0.000008
-0.008835
-0.000829
-0.000049
0.000485
0.000594
0.000534
0.001468
0.003826
0.002030
0.000388
0.000461
0.000832
0.001407
-0.000360
0.000987
-0.001370
-0.009259
-0.001015
0.000247
-0.000343
0.000344
0.001658
-0.000255
0.005038
