0.003288
-0.001786
-0.001205
-0.001001
-0.001761
0.009600
0.000728
-0.000083
-0.000546
-0.000809
-0.000617
-0.000054
0.000782
-0.002137
-0.001932
-0.004607
-0.000876
-0.000246
-0.000411
-0.002233
0.001220
-0.000521
-0.001368
0.000355
0.005939
0.001670
-0.001661
-0.000986
-0.001015
-0.002088
0.009694
0.001580
-0.000137
-0.000876
0.001234
-0.002180
-0.000588
0.001234
-0.002247
-0.000521
-0.006360
-0.000150
-0.002180
0.000796
-0.000150
-0.002180
0.001124
-0.000479
-0.001891
0.005972
0.008620
-0.002416
-0.002452
0.000534
-0.001869
0.007964
0.001978
-0.000905
-0.000396
0.000369
-0.001411
-0.000204
-0.000796
-0.000505
-0.000507
-0.007567
0.000825
-0.000083
-0.000521
-0.000876
-0.001891
-0.000137
0.000878
-0.000521
0.004774
0.002698
-0.000948
-0.000698
-0.001001
-0.002005
0.008228
0.000728
-0.000411
-0.000217
-0.000905
-0.000521
-0.000054
-0.001397
0.000042
-0.000617
-0.005593
0.000056
-0.001178
-0.002153
0.001249
-0.002262
0.001220
-0.002233
0.001220
0.006529
