0.003310
-0.000046
-0.000046
-0.000046
0.004153
0.000045
-0.000241
-0.002123
-0.005656
-0.000241
-0.000241
-0.000241
0.001642
0.000288
0.000738
-0.000046
-0.000046
-0.000046
-0.000046
-0.000046
0.004567
-0.000230
-0.000241
-0.000241
-0.000241
0.000462
-0.000859
-0.000324
-0.000230
-0.000241
-0.000241
-0.003645
-0.004145
-0.000241
-0.000241
-0.000230
0.000116
-0.000931
-0.000241
0.000093
-0.000241
-0.000241
-0.000230
-0.000241
0.002760
-0.000046
-0.001141
0.005937
-0.000241
-0.000230
-0.000241
-0.000241
-0.000241
-0.000241
-0.000241
-0.000241
-0.000241
-0.000230
-0.000241
-0.000241
-0.000241
-0.000241
-0.000241
-0.000241
-0.000230
-0.000241
0.005615
-0.000046
-0.000046
-0.000046
-0.000046
-0.000821
-0.000046
0.000453
0.002260
-0.000241
-0.000241
-0.000241
-0.000230
-0.000241
-0.000157
-0.000324
-0.003895
-0.003895
-0.000241
-0.000230
-0.000241
-0.000241
-0.000241
-0.000241
-0.000241
0.004817
0.000810
-0.000117
-0.000046
-0.000046
-0.000046
-0.000046
0.000288
0.002200
