-0.000860
-0.000267
0.000801
-0.001334
-0.000821
0.000842
-0.000821
-0.000148
0.001316
-0.001829
-0.000405
0.000900
-0.001414
0.000881
-0.001414
-0.000267
0.000208
-0.000267
0.000209
0.001911
0.000844
0.001198
0.000405
-0.002205
0.001810
-0.000287
-0.000128
-0.000267
-0.000267
0.000208
-0.000741
0.000287
-0.000682
-0.000386
-0.000959
0.000426
0.000208
0.000326
-0.001334
-0.000267
-0.000267
-0.000267
-0.000009
0.000189
0.000149
0.002209
0.002049
0.000229
-0.000484
-0.000741
0.000564
-0.000287
0.001039
-0.000267
-0.001434
-0.000248
-0.000148
0.000169
-0.000267
-0.000346
0.001455
-0.002462
0.000208
-0.000267
-0.000187
-0.000821
-0.000802
-0.000187
0.000841
0.002029
0.001258
-0.000779
0.002009
-0.000346
0.000149
-0.000247
0.000326
-0.000168
-0.000128
-0.000959
0.000980
-0.000959
-0.000346
-0.000603
0.000149
-0.000267
-0.000346
-0.000603
-0.000386
-0.000267
-0.000405
-0.000247
-0.000702
0.000900
0.002088
0.000111
0.000665
0.001435
0.000287
0.000345
