0.002145
0.000039
0.000610
0.000514
0.000020
0.001264
-0.007459
-0.000584
0.000259
0.001254
-0.000317
0.000738
0.003323
0.000909
-0.000317
-0.000317
0.000144
-0.000294
0.001328
-0.007593
-0.001064
0.001559
-0.000344
0.000555
0.003767
0.000117
0.000808
0.001085
0.001565
-0.000957
0.001384
-0.006022
-0.000299
0.000218
-0.002304
0.001849
0.003130
0.001807
-0.000451
-0.000276
-0.000202
-0.000202
0.000102
-0.000179
-0.005598
-0.000132
0.000407
0.000541
-0.001284
0.005015
0.001914
0.000094
0.000131
0.000039
0.001844
-0.001473
-0.004640
0.001439
-0.002515
0.001001
-0.000870
0.005581
0.001849
-0.001981
-0.001428
0.000240
0.000927
0.000010
0.001347
-0.006441
-0.000510
0.000403
-0.000432
-0.000202
0.005342
0.001094
0.000035
0.000610
-0.000377
0.000979
-0.000418
-0.005142
-0.000373
0.000485
-0.001312
0.001254
-0.000640
0.004835
0.000218
-0.000317
0.000259
-0.000870
0.000144
-0.000317
-0.006160
-0.000885
0.000255
0.001707
0.000265
0.002743
