0.000452
0.000234
-0.000684
-0.000066
0.000024
-0.000785
-0.000512
-0.000257
-0.000504
0.000253
-0.000157
0.007874
0.003879
-0.000903
0.000536
-0.000183
-0.000902
0.000470
-0.000257
-0.000066
-0.000357
-0.001041
-0.005026
-0.000220
-0.001040
0.000526
-0.001032
0.000434
-0.000239
-0.000192
-0.001177
0.000216
0.000826
0.002981
-0.000740
-0.000039
-0.000220
-0.000512
0.000016
-0.000521
-0.000475
-0.000103
-0.000411
-0.000786
0.003482
-0.000193
-0.000539
0.000224
-0.000294
-0.000693
0.000280
0.007219
0.000707
0.000471
-0.000812
0.001126
-0.000631
-0.003925
-0.002369
-0.000120
-0.000394
-0.000239
-0.000921
-0.000155
-0.000383
0.000727
0.000135
-0.000257
0.002872
0.000325
-0.000777
0.002018
-0.000865
0.000516
-0.000292
-0.000784
0.000390
-0.000083
-0.000922
0.000490
-0.000366
-0.006500
0.000516
-0.000257
-0.000320
-0.000821
0.000498
-0.000211
-0.000320
-0.000102
-0.000211
0.004018
-0.001012
-0.000257
-0.001040
-0.000249
0.000035
0.000170
0.000126
0.001653
