0.000975
0.000517
-0.000137
0.000270
0.001057
0.000340
0.001152
-0.004375
-0.005348
-0.000765
0.001171
0.000050
0.000222
-0.000223
0.001022
0.000207
0.002106
0.001587
0.001071
-0.000618
0.000824
0.000036
0.000542
-0.000173
0.000505
-0.008321
-0.000100
0.000390
0.000353
0.001192
0.000418
0.000604
-0.000741
0.005053
-0.000620
0.000661
0.001204
0.000527
0.000332
0.000234
-0.000075
-0.001883
-0.007739
0.000850
0.000011
0.000282
0.000131
0.000761
0.000561
0.001007
0.004031
0.000591
0.000222
-0.000421
-0.000037
0.001474
0.000388
-0.000989
-0.007185
-0.000470
0.000528
-0.000013
0.000135
-0.000160
0.001095
0.000367
0.004522
0.001020
-0.000051
0.000233
0.000209
0.001318
-0.001121
-0.000025
-0.001565
-0.006435
0.000265
0.000340
-0.000089
0.001515
-0.000136
0.000223
0.000838
0.003982
0.000169
0.001363
0.000538
-0.000099
0.000504
0.001084
-0.000701
-0.007923
-0.002895
0.000064
0.000677
-0.000088
0.000711
-0.000115
0.001783
0.003226
