0.003767
-0.000809
-0.000209
-0.000099
-0.000985
-0.008437
-0.000981
0.000913
-0.000218
-0.000688
0.005120
0.002226
-0.002126
0.003142
-0.000767
-0.008552
0.000075
-0.000325
-0.000494
0.000648
0.000873
0.006425
0.000405
0.001172
-0.000525
0.000154
-0.006697
0.000070
0.000374
0.000270
0.004847
-0.001139
0.001837
-0.000841
0.000391
-0.003546
-0.001489
0.000541
0.001014
0.002962
0.002361
-0.000251
0.001722
-0.000316
-0.006610
-0.000460
-0.000136
-0.000043
0.000456
0.005622
0.000918
0.000211
0.000284
-0.001799
-0.004496
0.002040
-0.000826
-0.001303
0.000775
0.005058
-0.000584
0.000648
0.001674
0.000273
-0.005826
-0.003208
0.001090
-0.001075
0.002302
0.001642
0.008096
0.000510
-0.000220
0.000036
-0.001004
-0.006909
-0.002365
0.004926
-0.001331
-0.000485
0.002767
0.001908
0.000335
0.000231
-0.000612
-0.008403
-0.002819
0.001293
0.000220
0.001361
0.004179
0.000039
0.000366
-0.000170
-0.001720
-0.003622
-0.000680
0.001090
-0.000048
0.004585
