0.001619
0.000321
0.000913
-0.000159
-0.000145
-0.007458
0.000276
-0.000123
0.000253
0.000105
0.000372
0.004163
0.000714
0.000057
-0.000200
-0.004072
-0.000237
-0.000006
-0.000181
-0.000138
0.003980
0.000051
0.001987
-0.000600
0.001322
-0.007597
-0.000419
0.000100
-0.000243
-0.000086
-0.000032
0.004886
0.001162
-0.000145
0.000122
-0.004661
-0.000092
0.000351
0.000607
0.004353
-0.000236
0.000900
-0.000913
0.000782
-0.000574
-0.005779
-0.001076
0.000893
-0.000203
-0.000119
0.000092
0.004233
0.001442
0.000292
0.000354
-0.004109
0.000059
-0.000454
0.000949
0.005251
-0.000484
0.000092
0.000057
-0.000086
0.000622
-0.006702
-0.000954
0.000285
0.000801
-0.001011
0.000670
0.004185
0.000936
0.000102
0.000511
-0.004752
-0.000346
0.000904
0.000069
0.005149
-0.000810
0.000703
-0.000192
0.000049
-0.000192
-0.007356
0.000778
0.000230
0.000441
-0.000117
0.004443
0.000597
0.000652
-0.000192
-0.000781
-0.005556
0.000952
-0.000200
0.000962
0.002636
