0.005186
-0.000013
-0.000356
0.000293
-0.000154
-0.001108
0.001085
0.001551
-0.009455
-0.000560
-0.000722
0.000211
0.001633
0.000496
-0.000075
-0.001679
0.002708
0.003481
0.001428
0.000067
0.001447
0.000739
0.000231
0.000252
-0.000946
-0.009637
0.000251
0.001085
0.000658
-0.000276
-0.001474
0.001064
0.001836
-0.001332
0.005086
0.000821
-0.001881
0.000881
0.001936
-0.000176
0.000210
-0.000054
-0.007889
0.001490
-0.001110
0.001935
-0.001414
0.001125
0.000029
-0.000195
0.004172
0.001856
-0.000215
-0.000519
-0.001514
0.003014
-0.002307
0.002384
-0.000763
-0.009089
0.000333
0.000618
-0.000154
0.000515
0.000920
0.000453
0.000799
0.005145
0.000310
0.000190
0.002160
-0.002774
0.003237
-0.000804
-0.000134
-0.009150
-0.000053
0.000130
0.001471
-0.000276
-0.000033
0.000151
0.001877
0.002506
0.000700
0.000922
-0.001292
0.001491
-0.000399
0.001062
0.000697
-0.004459
-0.005962
0.002078
-0.001476
0.001916
0.001307
0.000231
-0.000864
0.000881
