0.006015
-0.000191
0.001014
0.000550
-0.000901
0.000193
0.000927
-0.001198
-0.001154
0.000904
-0.003151
-0.004536
0.001555
-0.001420
-0.000428
0.000926
-0.001561
-0.000516
0.000578
-0.001286
-0.001294
0.004308
0.000844
-0.001730
0.000401
0.001600
-0.002958
-0.000961
0.000771
-0.000975
-0.001398
-0.000028
0.001075
0.001569
-0.002077
0.001430
0.000268
-0.000354
0.001074
0.007176
0.002687
-0.000665
0.000527
-0.000494
-0.001694
0.000194
-0.005633
-0.000428
0.000816
-0.000295
-0.000738
-0.000924
-0.000324
0.001000
-0.000206
-0.001360
0.004552
0.000839
-0.000620
0.000038
0.000371
0.000912
-0.000665
-0.001404
-0.000435
0.001643
-0.001160
0.002185
-0.002818
-0.000184
-0.002151
-0.000457
-0.000969
0.000549
-0.001102
0.000682
-0.001626
0.000742
0.002051
-0.000302
0.003768
-0.000893
0.000180
0.000941
-0.000960
0.000180
0.000941
-0.001419
0.001984
-0.000984
-0.001686
-0.000207
0.000038
-0.003188
0.001628
-0.000843
-0.002618
0.002212
-0.000296
0.003026
