0.003939
-0.000860
0.000412
-0.000777
-0.000318
0.000287
-0.000380
-0.000443
0.001414
-0.000317
-0.000380
-0.002507
0.002207
-0.001131
-0.001298
0.001769
-0.003197
0.000955
-0.002549
0.001414
-0.000339
-0.002404
-0.000714
-0.000193
-0.000277
0.000078
-0.000193
0.001789
-0.000151
0.000621
-0.002342
0.010802
0.000121
0.000080
0.000204
-0.001048
0.000121
-0.000463
-0.000463
-0.000463
0.001038
-0.001965
-0.000463
0.001038
-0.001923
-0.000463
-0.000463
-0.000317
-0.000463
0.000892
-0.001798
-0.000630
-0.000317
-0.000609
-0.000463
-0.000421
0.000204
-0.003217
0.003041
-0.001882
-0.000463
-0.000609
-0.000902
-0.000463
-0.001048
0.000038
0.001707
0.009613
-0.002466
0.001497
-0.002279
-0.000130
-0.000776
-0.000443
0.001497
-0.002279
0.001456
-0.001923
-0.000380
0.001226
0.000350
-0.000777
0.000266
-0.000047
-0.000798
-0.001215
0.001789
0.000120
0.000955
-0.001215
0.002039
0.000120
-0.002300
-0.001882
0.001518
-0.000255
-0.000985
-0.000380
-0.002279
0.008279
