-0.000917
-0.004834
0.005197
0.000440
0.000327
-0.000369
-0.000568
0.002085
-0.002123
-0.001180
0.000096
0.000157
-0.000337
-0.002996
0.004741
-0.000972
-0.002252
0.002332
0.000937
-0.000388
0.000051
-0.000510
-0.001867
-0.000093
-0.000616
-0.000324
-0.004029
0.007683
0.003529
-0.001889
-0.000856
0.002444
0.002987
0.000837
-0.001331
0.000545
0.001001
-0.004070
0.002380
0.001017
-0.003246
0.001543
-0.001472
0.004311
-0.006512
-0.000638
0.000067
-0.000199
0.000205
0.002688
-0.000940
-0.002486
0.004446
-0.004564
-0.000202
0.003160
-0.004350
-0.000029
0.004186
-0.004026
0.000812
0.002845
0.000260
0.000703
-0.004042
0.001607
0.003942
-0.000196
0.001591
0.000234
0.003134
-0.003044
-0.001925
0.002954
-0.001944
-0.002422
0.004648
-0.004183
-0.003233
0.005351
-0.004013
0.000270
-0.000388
-0.009520
0.001302
-0.002457
-0.002807
0.003628
-0.000430
0.000905
0.002021
-0.001886
0.001588
-0.001623
0.002092
0.001197
-0.001764
0.004055
-0.004487
0.007012
