0.001042
0.000201
-0.000399
-0.002634
0.001235
0.005647
0.001170
-0.000472
-0.000880
-0.000491
-0.000279
-0.001073
0.000773
-0.000880
-0.000399
-0.006501
-0.000399
0.000201
-0.001000
-0.000371
-0.002939
0.001844
0.000635
-0.000151
0.004880
-0.000519
-0.000399
-0.000399
-0.000399
-0.001616
0.003726
0.002027
0.000274
0.000551
-0.001500
-0.000057
-0.000399
-0.000399
-0.000399
-0.000509
-0.005827
-0.000658
-0.000953
-0.002135
0.001593
0.000081
0.001789
0.000865
-0.004435
0.008647
0.002770
-0.001571
0.000773
0.000293
-0.000971
0.010190
-0.001405
-0.001657
0.000708
0.000710
0.000515
-0.000216
-0.001138
-0.002689
0.001825
-0.003576
-0.002208
-0.001000
-0.002569
0.002019
-0.000279
-0.000538
-0.000261
-0.001360
0.006571
0.001207
-0.001645
-0.000399
-0.000399
-0.000971
0.005370
0.001402
-0.001000
-0.000399
-0.000399
0.001835
-0.001140
-0.001276
-0.002587
-0.000308
-0.003631
-0.000399
-0.001480
0.001337
-0.000519
-0.000880
-0.002569
0.001188
0.000219
0.004799
