0.002209
-0.000310
-0.000325
-0.000096
0.000939
-0.000307
-0.001321
0.001494
0.000006
0.000427
-0.000495
0.000203
0.000999
-0.001748
0.001052
-0.000427
0.006769
-0.001128
-0.002386
-0.000829
-0.007342
-0.001125
-0.001166
0.005976
0.001019
0.000038
-0.000487
-0.000427
-0.000284
-0.000119
0.000912
0.000116
0.000030
0.000051
0.000018
0.001363
-0.000307
-0.000352
0.000125
-0.000648
0.000038
0.005988
-0.000010
-0.001241
-0.002368
-0.005487
-0.001933
-0.002851
-0.000063
0.008102
-0.000731
-0.000021
-0.000310
0.001097
-0.000409
-0.000116
0.000337
-0.000743
0.000832
0.000233
0.000954
-0.001411
-0.000397
0.001198
-0.000299
0.006191
0.000891
-0.002708
0.000796
-0.007706
-0.002270
-0.000865
0.003769
0.002430
0.001458
-0.001879
0.001026
-0.001748
-0.000078
0.001276
-0.000071
-0.000038
0.000083
-0.000083
0.001408
-0.000266
-0.001456
0.000909
-0.001748
0.000107
0.008845
-0.002270
-0.000501
-0.001065
-0.002466
-0.006734
-0.000850
-0.000949
-0.000588
0.004640
