0.003313
0.001353
-0.001029
-0.000702
0.001332
-0.004101
0.000401
-0.000482
0.000469
-0.005082
-0.001845
0.000630
-0.000265
0.000516
0.004870
0.000787
-0.001286
-0.000050
0.001180
-0.001003
0.002910
-0.000828
-0.001795
0.000979
-0.001328
0.000302
0.001773
-0.002371
0.003260
-0.003193
-0.002692
0.000372
0.000126
0.001445
-0.001127
0.003774
-0.000307
0.000315
-0.000372
0.000693
0.000804
0.002078
-0.000755
-0.000205
0.000830
-0.004380
-0.001255
-0.000192
0.000462
0.000554
-0.003065
-0.001406
0.000827
0.000924
0.000231
0.003528
-0.000121
-0.001041
0.001528
-0.002010
0.004400
-0.000826
0.000513
0.000031
-0.000127
-0.001364
-0.001732
-0.000070
-0.000073
-0.002638
-0.000418
-0.000025
0.000398
0.000467
0.003009
0.000413
-0.000257
0.000939
-0.001583
0.000054
0.002024
0.000568
-0.000502
0.000181
-0.002489
-0.000502
0.000466
0.000050
-0.001145
-0.004316
0.000958
-0.000193
-0.002172
0.003535
0.001597
0.000502
-0.000348
0.000527
-0.000369
0.002238
