0.000070
-0.005143
0.002862
0.000054
0.000388
-0.003261
0.005460
0.001999
-0.001541
-0.001779
0.001346
-0.000409
-0.001604
0.001346
-0.000425
-0.001412
-0.006371
0.000118
-0.000440
-0.003039
0.003066
-0.001811
0.001058
-0.000089
0.000245
0.003896
-0.001141
0.001202
-0.000090
-0.000711
0.001760
0.005076
-0.000855
0.000135
0.001218
0.000277
-0.005892
0.005299
0.001760
-0.002161
0.002892
-0.008092
-0.000216
0.000149
-0.001955
0.001553
-0.000185
-0.000376
-0.000010
-0.000185
0.001888
0.004709
-0.000123
-0.002082
0.001902
-0.001301
0.003688
0.000342
-0.000169
-0.002720
0.003401
0.000181
-0.003150
0.000422
0.001121
-0.005877
-0.001030
-0.000614
0.001026
0.000230
-0.005015
0.004358
0.002222
-0.003373
0.004088
0.003116
0.001042
-0.001812
0.002510
-0.001891
0.001648
0.001344
0.000564
0.001919
-0.002752
0.001504
-0.000439
-0.002066
0.001584
0.001442
-0.004904
-0.004984
0.001966
0.003387
-0.006514
0.000229
0.004964
-0.005829
-0.000026
0.005841
