-0.001455
-0.000399
-0.000283
0.001661
-0.000054
-0.000961
0.001246
-0.000403
-0.005527
0.001098
-0.003185
0.001494
0.000145
0.002239
-0.000366
0.002534
0.001825
0.000507
-0.000283
0.000113
-0.000564
-0.000795
0.001069
0.000606
-0.000087
-0.005821
-0.002096
-0.001239
0.001892
0.001397
-0.001588
0.000837
0.002268
0.002828
0.000404
-0.000419
-0.000354
0.000586
0.000259
-0.000267
0.001447
-0.000300
-0.008441
-0.000020
0.002483
-0.001518
-0.000053
0.000574
0.000392
0.001858
0.001611
0.000129
-0.000283
0.000475
-0.000054
0.001871
0.000026
-0.000567
-0.004869
-0.000053
-0.000880
0.000605
0.000159
0.002007
-0.000992
0.004987
-0.001109
0.002567
-0.000860
-0.001041
0.000014
-0.002096
0.001991
-0.000168
0.000374
-0.008012
0.000689
-0.000795
0.003620
-0.000583
-0.001849
0.001166
0.005633
-0.000254
-0.000763
0.001642
-0.001920
0.003255
0.000572
-0.000663
0.000014
-0.002112
-0.006629
0.000540
0.002567
-0.001518
0.000161
0.000226
0.000376
0.005516
