0.002203
0.001041
-0.001394
0.001233
-0.001473
-0.000337
-0.000214
0.000093
-0.000233
-0.000522
-0.000365
-0.000390
-0.000848
0.000737
-0.001353
-0.000443
-0.001253
0.000633
-0.000657
-0.001969
0.000947
-0.001507
0.001041
-0.000873
0.000423
0.000288
-0.000465
-0.001394
0.001274
-0.000274
-0.000192
0.006415
0.000737
-0.000889
-0.000308
-0.000195
-0.000195
0.001738
-0.000698
0.000887
0.002259
-0.000330
-0.000308
-0.000308
-0.000848
0.000232
-0.000773
-0.000522
-0.001702
-0.000660
-0.000145
-0.002091
-0.000870
-0.000424
-0.000308
0.000272
-0.003033
0.001835
-0.000870
-0.000233
-0.001987
-0.000308
-0.000308
0.008885
0.000947
-0.001987
0.000156
-0.000308
0.006339
-0.000657
-0.000311
0.000021
-0.000233
-0.000848
-0.000889
0.000272
0.000344
-0.001099
-0.000443
-0.000713
-0.001762
-0.000415
-0.000817
-0.000289
-0.001912
-0.000848
-0.000308
-0.000308
-0.000465
-0.000173
-0.000192
0.004713
-0.000233
-0.001721
-0.000161
-0.000641
0.000232
0.001584
-0.000173
0.004597
