0.011374
-0.000214
0.003447
-0.000648
-0.004489
-0.002280
-0.001015
0.001712
-0.000736
0.004490
-0.001743
-0.001180
0.003493
0.002140
0.000380
0.000576
0.001035
-0.002760
-0.001412
0.001278
-0.009431
-0.003199
0.003152
-0.002388
0.001484
-0.000736
0.003219
-0.000132
0.001862
-0.000369
0.001810
-0.002264
-0.006973
-0.004593
0.003503
0.000096
-0.000488
-0.000596
0.001882
0.002553
0.002352
0.000251
-0.000947
0.001546
0.001066
-0.000059
-0.007216
0.002631
-0.002176
0.001531
0.000855
0.007572
0.001190
0.001077
0.000240
-0.000870
-0.006803
0.003219
0.000060
0.000060
-0.000813
0.000436
0.001051
0.002946
0.001061
-0.002089
0.003116
-0.002786
0.003173
-0.003483
0.000694
-0.007660
0.000240
-0.001510
0.000916
-0.002858
0.005594
0.000767
-0.001995
0.000638
-0.000245
-0.004345
-0.004315
0.003369
-0.000452
0.001495
0.000359
0.001598
0.006663
-0.004944
0.001903
0.001516
-0.000937
0.000266
-0.006942
-0.003803
0.000545
-0.000369
0.001035
0.002744
