0.008008
-0.005425
0.005366
0.001256
-0.002027
0.001024
-0.002490
0.001775
-0.009519
0.001042
-0.001105
-0.000723
0.005481
-0.003360
-0.001637
0.004449
-0.000562
0.002624
0.001179
-0.002618
0.005218
-0.003600
0.001594
0.001931
-0.005899
-0.002585
-0.000629
0.003074
-0.000639
0.003329
-0.004171
-0.000299
0.002882
-0.000916
0.003506
-0.004289
0.004565
-0.000644
0.000212
0.000671
-0.007269
0.003994
-0.005367
0.001245
0.003786
-0.004154
0.003639
-0.001758
-0.001901
0.008277
0.002472
-0.002336
0.001066
0.000861
-0.003148
0.003447
-0.003006
0.001893
-0.001369
-0.008999
0.002026
0.000863
-0.003318
0.004589
-0.005043
0.001748
0.000826
0.000011
0.005761
0.001236
-0.005952
0.003197
-0.003274
0.003252
-0.000203
-0.002669
-0.002274
0.004292
-0.004496
0.000667
0.001049
-0.000860
0.005737
-0.004306
0.003683
-0.000865
0.002946
-0.000988
-0.003053
0.003134
-0.003225
-0.005151
0.004561
-0.002345
0.002456
-0.002658
-0.000571
-0.000915
0.001373
0.001336
