0.005073
-0.003381
0.000221
0.001374
0.006023
-0.000613
-0.000149
-0.001455
-0.005519
-0.003122
-0.003787
0.002269
0.000598
0.001389
-0.000084
-0.000849
-0.000072
0.000336
-0.000906
0.000679
0.000130
0.004810
-0.001118
0.001288
-0.001688
0.001331
-0.001560
0.000791
-0.000516
-0.001603
0.001214
-0.001814
-0.005858
-0.003182
-0.000821
0.000319
-0.001559
0.001491
-0.003341
0.001753
-0.001930
0.001499
-0.000799
0.001310
0.000310
0.001111
0.004807
-0.000465
0.000148
0.000031
0.000181
-0.000064
0.000960
-0.000781
0.000253
-0.000380
0.001202
-0.001022
0.000273
-0.000380
0.000327
-0.000918
0.001077
-0.000255
0.008299
-0.002278
-0.000083
0.002317
-0.004006
0.000077
0.000822
0.001254
0.001687
-0.000973
0.001088
-0.002176
-0.000454
-0.003925
0.003596
-0.002962
0.002886
-0.002343
-0.005346
-0.000220
-0.001297
0.000994
-0.001201
0.000815
-0.001127
0.000761
0.003859
-0.000280
-0.001360
0.000684
0.003848
-0.002584
-0.001190
-0.000293
0.001518
0.005006
