0.000067
0.000398
0.000382
0.000569
0.001557
0.001740
0.000542
0.000468
-0.000061
0.000304
0.000763
0.000569
0.002530
0.000258
0.000250
0.000258
-0.002023
-0.005315
-0.009798
-0.003852
0.000001
0.000258
0.000250
0.004736
0.001631
0.000460
0.000250
0.000258
-0.002318
-0.008128
-0.000202
0.000258
0.000250
0.005503
0.001059
0.001464
-0.000392
0.001223
0.000499
0.000725
0.000511
0.000398
0.000947
0.001126
0.000612
0.001102
0.000499
0.000308
0.003013
0.000009
0.000507
0.000250
0.000258
0.000250
0.000195
0.000312
0.000258
0.000250
-0.001299
-0.004482
-0.007860
-0.000995
0.000258
0.000250
0.000771
-0.000213
0.000207
0.000250
0.000507
0.000001
0.000258
0.003413
0.000421
0.002982
-0.000038
0.000001
0.000507
0.000048
0.000149
-0.006416
-0.004681
0.000468
-0.000458
0.000250
0.000258
0.006721
0.000308
0.000250
0.000055
-0.000252
-0.000820
-0.008451
-0.000178
0.000250
0.000258
0.002020
0.004706
0.000639
0.000293
0.001456
