0.001629
0.000189
0.000852
-0.001733
-0.000226
0.001124
0.003663
-0.000258
-0.000520
0.000085
-0.000136
-0.000226
-0.000226
0.000189
-0.000240
0.001267
-0.007097
-0.000745
-0.000817
-0.000154
-0.000036
-0.001923
0.000726
-0.001143
0.001804
0.005639
-0.000641
-0.000226
-0.000240
0.000261
0.000117
0.002309
0.001271
-0.000641
0.000483
-0.000118
-0.000713
0.000261
0.000261
0.000712
-0.001562
-0.004390
-0.001264
-0.000641
-0.000226
-0.001737
0.001199
-0.000226
-0.001665
0.000501
0.006928
-0.000713
-0.000226
0.000856
-0.001322
-0.000226
0.004633
-0.001733
0.001267
0.000085
-0.002045
-0.000226
0.001579
-0.000122
-0.000118
0.000139
-0.004824
-0.001336
-0.000226
-0.001057
0.000189
-0.000051
-0.000416
-0.000226
0.004701
0.000486
0.001732
-0.002185
0.000401
-0.000348
-0.000122
0.004335
0.000143
-0.000122
-0.002135
0.000694
-0.000226
0.000261
0.000383
0.000572
-0.000745
-0.004043
-0.002063
-0.000745
0.000067
-0.000226
-0.000606
0.000035
-0.000226
0.004407
