0.007072
0.000978
-0.000462
-0.000611
-0.000818
-0.002256
-0.000462
0.002921
0.000920
-0.002836
-0.000986
-0.000873
-0.003399
-0.001212
-0.001266
0.004341
-0.001343
-0.000296
-0.000296
0.001143
-0.000297
-0.001810
-0.000240
-0.000707
-0.000242
0.000227
0.001349
-0.002352
-0.000242
0.000358
0.001329
-0.001810
0.001272
0.006526
0.003239
-0.001283
-0.001548
0.000659
-0.001060
-0.000986
0.000023
-0.000986
0.000062
-0.000331
-0.000631
-0.003453
0.001872
0.001443
-0.002426
0.000585
0.000136
-0.000536
-0.000222
0.000022
-0.001472
-0.000462
-0.000650
0.000434
-0.001340
-0.000480
-0.000482
-0.002199
0.000883
0.000062
-0.000650
-0.000051
0.008715
0.001405
0.000170
-0.000240
-0.002221
0.001329
-0.001811
-0.000240
0.001049
-0.001810
0.001739
-0.000707
-0.001810
0.001274
-0.000297
-0.000707
-0.000165
0.004752
-0.002688
-0.004334
-0.000836
-0.001060
-0.002725
0.002454
0.001257
-0.002574
-0.000183
-0.000386
-0.000611
-0.000388
-0.000818
-0.000219
0.002323
0.008567
