0.003802
-0.001378
-0.000084
0.001324
0.000114
0.001087
0.000361
0.001650
-0.002624
-0.008728
0.000549
-0.001694
0.002030
0.000217
0.000671
0.006944
0.001027
-0.000070
0.000118
-0.000070
0.001432
-0.001384
-0.000257
0.001852
0.000509
-0.008890
-0.003671
0.001353
-0.002006
0.000819
-0.001852
0.001171
0.001091
0.006876
0.000287
0.000114
0.000529
-0.000104
0.001699
-0.002065
0.001906
-0.000657
-0.001641
-0.009789
0.001926
0.000222
-0.001611
0.001600
0.000331
-0.001384
0.007813
0.001111
-0.000124
-0.001279
0.001863
0.000415
0.000228
0.000509
-0.000124
-0.009760
-0.001344
-0.000173
0.000796
0.001556
0.001695
0.001872
0.004410
-0.000010
-0.000183
-0.000282
0.000331
-0.000771
0.002494
-0.000010
-0.001333
-0.002761
-0.006703
-0.000070
-0.001458
0.002494
-0.000538
-0.000657
0.000731
0.006362
0.002203
-0.000266
0.000376
0.001432
-0.001625
-0.000203
0.003521
-0.001304
-0.009020
-0.002352
0.001417
-0.001739
0.000143
0.000271
0.001639
0.004756
