0.002792
-0.000108
-0.001786
0.002047
-0.000108
0.000058
-0.000108
-0.000687
-0.000108
0.000361
-0.000108
0.000058
-0.000108
-0.000687
-0.000108
-0.001786
-0.000108
0.006502
-0.000326
-0.000421
0.001496
-0.002279
0.001496
-0.002279
0.001496
-0.002279
0.001496
-0.002279
0.001496
-0.002178
-0.000623
-0.000160
-0.000623
-0.000160
-0.000623
-0.000160
0.001431
-0.002214
0.004584
0.001090
-0.000392
-0.000392
-0.000392
-0.000392
-0.000392
-0.000392
-0.000392
-0.000392
-0.000392
-0.000356
-0.000392
-0.000392
-0.000392
-0.000392
-0.000392
-0.000392
-0.000392
-0.000392
-0.000392
-0.000356
0.000765
0.002928
0.001496
-0.000312
-0.000449
-0.002279
0.001496
-0.002258
0.001496
0.000100
-0.002713
0.001496
-0.002279
0.001518
-0.002279
0.001496
-0.002279
0.001496
-0.000312
-0.002323
0.001496
-0.002135
0.005901
-0.000108
0.002047
-0.001786
-0.000108
-0.000687
0.000058
0.002039
-0.001786
-0.000687
-0.000108
0.000058
0.002047
-0.000108
-0.001786
-0.000108
-0.000687
0.003427
