0.001096
0.001771
-0.000047
-0.004027
0.008273
-0.009135
-0.003972
0.003299
-0.002030
0.000089
0.002054
-0.000785
-0.000655
0.009182
-0.005317
0.001887
0.000189
0.000389
-0.000555
-0.000431
-0.000520
-0.000540
-0.001674
0.002004
0.000151
-0.002506
0.003907
-0.001728
0.002969
-0.000915
-0.001544
-0.001761
-0.000354
0.000175
0.000950
-0.002214
0.001366
0.005056
-0.001661
0.002762
-0.001623
-0.000039
0.000029
0.000413
-0.004179
-0.002076
0.000413
0.002863
-0.001660
0.003685
0.000638
0.003507
-0.003888
-0.000500
-0.003013
0.001527
0.001603
-0.001623
-0.000101
0.000797
-0.001124
0.006265
-0.000218
0.000182
-0.001000
-0.000801
0.003085
-0.001354
-0.000500
-0.003065
0.002471
-0.000315
0.000867
0.005979
-0.004541
0.000237
0.000804
0.000519
-0.000402
-0.008242
-0.000485
0.002064
-0.000678
0.000812
-0.003296
0.003268
0.007505
-0.001270
-0.001775
0.002693
0.000927
-0.000039
-0.002944
-0.007151
0.000036
0.003291
0.000504
-0.001776
-0.000855
-0.001647
