0.011188
-0.000762
-0.000080
0.001362
-0.008377
-0.000543
-0.001373
0.001831
-0.001356
0.001813
0.004420
0.001076
0.000126
-0.001747
-0.000385
-0.006711
0.000693
-0.000077
-0.000177
0.001444
0.004701
0.003524
0.000043
-0.000125
0.000615
-0.006407
0.000157
-0.001523
0.001744
-0.000331
0.005010
0.000134
0.000451
-0.000319
-0.000424
-0.006311
-0.000837
-0.000823
0.000997
0.001806
0.001673
0.001555
-0.000239
0.000945
-0.006834
0.000622
-0.001676
0.000671
0.000926
0.005059
-0.000432
0.001432
0.000548
-0.003246
-0.003919
0.001805
-0.001505
0.000156
0.001088
0.006891
-0.001792
0.001330
-0.000604
-0.001329
-0.001159
-0.005924
-0.001536
0.000222
0.001224
0.000887
0.002494
0.001146
0.000821
-0.000256
-0.001277
-0.007410
0.002495
-0.001764
0.001616
0.001054
0.004710
-0.000256
0.000820
0.000135
-0.001628
-0.008479
-0.000640
0.001850
-0.000744
0.003770
0.002495
0.000407
0.000095
0.000021
-0.005580
-0.001581
0.000552
-0.000130
0.000095
0.003883
