0.002045
-0.000002
0.000808
-0.000792
-0.004610
-0.001190
0.000737
-0.000068
0.001030
0.004290
0.000082
-0.000262
-0.000192
-0.000199
-0.001438
-0.004095
0.000168
0.000559
0.000129
0.003391
0.001516
0.000429
0.000482
0.000835
-0.006223
-0.000390
-0.000128
-0.000208
0.000764
0.003617
0.000872
-0.000437
-0.000106
-0.000199
-0.003143
-0.002010
-0.000232
0.000461
0.000511
0.005077
0.000168
-0.000116
-0.000084
-0.000040
-0.004904
-0.000036
-0.000202
-0.000135
0.000063
0.003655
0.001800
0.000639
0.000157
-0.000196
-0.005079
-0.001317
0.000145
0.000515
0.000355
0.004974
0.000280
-0.000454
-0.000199
-0.000192
-0.001317
-0.004273
0.000805
-0.000027
0.000037
0.003384
0.001287
0.000795
0.000290
0.000342
-0.005576
-0.000320
-0.000199
-0.000208
0.000053
0.004901
0.000315
-0.001133
0.000589
-0.000199
-0.003277
-0.001838
0.000670
-0.000569
0.000610
0.005842
-0.000607
0.000467
-0.000668
0.000607
-0.005586
-0.000001
-0.000399
0.000063
-0.000135
0.003598
