0.002897
-0.001879
0.001201
-0.000277
-0.001654
-0.000043
-0.005633
-0.000156
-0.001972
0.001221
-0.000380
0.000032
0.009357
-0.000090
-0.000380
-0.001850
0.001277
-0.000277
-0.008085
0.000538
-0.000325
-0.000277
0.000415
-0.000633
0.004629
0.005630
-0.001972
0.001641
-0.000277
-0.000044
-0.001952
-0.007187
-0.000277
0.001576
-0.000352
-0.000764
0.001146
0.005958
0.000088
-0.000259
-0.000651
0.001248
-0.000277
-0.008525
-0.000577
0.001735
-0.002038
0.001201
-0.000296
0.008870
0.001510
0.000022
-0.000269
-0.000277
-0.000362
-0.008759
-0.000849
0.000228
0.001333
-0.001962
0.001510
0.002748
0.006136
-0.000090
0.000930
-0.000371
-0.000184
-0.000259
-0.006934
-0.000296
0.000237
-0.000661
-0.000390
-0.001270
0.008720
0.000284
-0.000221
0.000846
-0.001887
0.001370
-0.008619
0.000846
-0.001887
0.000247
0.000593
-0.000287
-0.000258
0.008233
-0.000754
0.001595
-0.001869
-0.000418
0.001333
-0.008928
0.001258
-0.001953
0.000069
0.001641
-0.002168
0.009197
