-0.001299
0.000415
0.000455
0.002010
0.000236
0.001947
-0.000150
0.000898
0.000878
-0.002005
0.000817
0.000395
-0.002005
-0.000130
0.000777
-0.001440
0.000334
-0.001562
0.000314
-0.000150
-0.000735
0.000092
-0.000150
-0.000251
0.000334
-0.001581
-0.000251
0.002673
-0.001398
0.004147
-0.001419
0.001846
-0.000675
0.000859
0.000837
-0.001783
-0.000895
0.000778
-0.000675
-0.000271
-0.000895
0.000232
-0.000271
-0.000271
-0.001218
0.000132
0.000153
-0.000675
-0.000189
0.000091
-0.000613
0.000475
0.001745
0.000740
0.000256
0.002027
-0.000352
0.000859
-0.000695
0.000879
-0.001541
-0.000130
-0.000392
-0.000875
0.000353
-0.000271
-0.000271
-0.000372
-0.000150
-0.000271
-0.000735
-0.000352
-0.000794
-0.000897
0.001463
-0.001440
0.003155
-0.001581
0.002030
0.000296
0.001866
0.000415
-0.000251
-0.000835
0.000859
-0.000816
-0.000130
0.000192
-0.000856
-0.000271
-0.000271
-0.000251
-0.000271
-0.001400
0.000313
-0.000835
0.000375
0.000232
-0.000835
0.000918
