0.002013
0.000313
-0.000008
-0.000395
-0.002186
-0.004526
0.000254
0.000556
-0.000563
0.001339
0.005037
-0.000007
-0.000731
0.000263
0.000347
-0.006143
0.000505
-0.000598
0.000294
0.001339
0.005162
0.000049
0.000352
0.000630
-0.005790
-0.000654
0.000768
-0.000798
0.000196
0.003445
0.001392
-0.000217
-0.000015
-0.000436
-0.000082
-0.006000
0.000562
0.000732
-0.000649
0.005001
0.000834
0.001009
-0.000564
0.000926
-0.006000
-0.000579
-0.000015
0.000616
0.000120
0.004549
0.000145
0.001205
-0.000454
0.000860
-0.003904
-0.003490
0.000834
0.000077
-0.000479
0.002914
0.002772
0.000145
-0.000158
0.000153
-0.000529
-0.005285
0.000194
0.000261
0.000808
0.001458
0.004024
-0.000102
0.000184
0.001220
-0.006539
-0.000629
0.000776
-0.000806
0.000439
0.001998
0.001771
0.000187
0.000018
0.000153
-0.000680
-0.006581
0.001017
0.000428
0.001059
0.003486
0.001306
0.000682
-0.000909
0.000707
-0.005327
-0.000394
0.000035
0.000120
-0.000116
0.003303
