0.003009
-0.000223
-0.000869
0.002382
-0.001691
-0.006998
-0.000223
0.002322
0.001216
-0.001005
-0.001162
-0.000723
0.005645
-0.000057
0.000965
-0.000057
-0.001067
-0.000202
-0.000922
-0.006299
-0.000807
0.001070
0.000070
0.002862
0.005325
0.001091
-0.001536
0.002497
-0.000275
-0.004934
-0.003725
0.001571
-0.000649
0.001309
0.000026
-0.000274
-0.001744
0.005800
-0.000650
-0.000702
0.001059
-0.001337
0.001656
0.001132
-0.006915
-0.001921
0.000341
0.002185
-0.001307
0.002467
0.006669
0.001164
0.000830
-0.001296
-0.000911
-0.007091
0.001894
-0.001171
0.001163
-0.000994
0.000537
-0.000077
0.005154
0.000486
-0.001442
-0.001859
0.000308
0.001321
0.000340
-0.004986
-0.003516
0.001340
0.001644
-0.002339
0.002291
0.007231
0.000174
0.000121
-0.002235
0.002071
-0.008946
0.001016
0.001101
0.000163
0.000350
-0.002182
-0.000755
0.006458
-0.000547
-0.000764
0.001726
-0.002161
0.002488
-0.000723
-0.007509
-0.000118
0.002029
-0.001995
-0.000170
0.005991
