0.001008
-0.000199
-0.001056
0.000082
0.001115
0.000308
0.000269
0.000305
0.000734
-0.001079
0.001019
0.000457
0.002655
-0.000191
-0.000199
-0.000199
-0.000199
-0.000191
-0.000199
-0.000199
-0.000199
-0.000191
-0.000199
-0.000199
-0.000199
-0.006479
-0.000654
-0.000199
-0.000199
-0.000199
-0.000191
-0.000199
-0.000199
-0.000199
-0.000191
-0.000199
-0.000199
-0.000199
-0.000199
0.003955
0.000699
-0.000142
-0.000694
0.001253
0.000373
0.001076
-0.000809
0.000777
-0.000003
-0.000068
-0.000188
0.000942
-0.000990
0.000895
0.000478
0.000409
0.000382
0.000652
0.000186
-0.000365
0.000040
0.002994
0.000194
-0.000199
-0.000199
-0.000191
-0.000199
-0.000199
-0.000199
-0.000191
-0.000199
-0.000199
-0.000199
-0.000191
-0.000199
-0.003648
-0.003493
-0.000199
-0.000191
-0.000199
-0.000199
-0.000199
-0.000191
-0.000199
-0.000199
-0.000199
-0.000191
-0.000199
-0.000199
0.003245
0.000175
0.000753
-0.000775
0.000135
0.001442
0.000417
0.000039
0.000911
-0.000674
0.000425
