0.002284
0.000105
0.001227
-0.000038
-0.004539
-0.002058
0.000151
-0.000173
0.000873
-0.001156
-0.000288
0.001348
0.004512
0.000140
-0.000022
0.000743
0.000196
-0.001395
0.001476
-0.002955
-0.002862
-0.000244
0.000227
0.000017
0.002432
0.002284
0.000105
0.001227
-0.000038
-0.004539
-0.002381
0.000460
-0.000482
0.001197
-0.001171
-0.000288
0.001362
0.004512
0.000140
-0.000022
0.000758
-0.000069
-0.001145
0.001534
-0.002910
-0.002965
-0.000244
0.000227
0.000017
0.002432
0.002342
0.000370
0.000904
-0.000038
-0.004437
-0.002484
0.000460
-0.000482
0.001197
-0.001171
-0.000288
0.001362
0.004512
0.000140
-0.000022
0.000758
-0.000069
-0.001145
0.001534
-0.002807
-0.003054
-0.000244
-0.000038
0.000017
0.002683
0.002342
0.000370
0.000904
-0.000038
-0.004437
-0.002161
0.000151
-0.000173
0.000873
-0.001156
-0.000288
0.001348
0.004512
0.000140
-0.000022
0.000743
0.000196
-0.001395
0.001476
-0.002749
-0.003054
-0.000244
-0.000038
0.000017
0.002683
