0.001186
0.000220
-0.003919
0.004871
-0.000769
-0.001994
0.005793
-0.000769
-0.004445
0.005561
0.000462
-0.001671
-0.000030
-0.000542
-0.000161
0.003308
0.000505
0.002652
-0.002476
-0.000807
0.002372
0.000264
0.000322
0.001412
-0.000547
-0.004315
0.002363
0.000867
-0.002539
0.001933
0.000665
-0.001058
-0.003326
-0.002703
-0.001140
0.001263
-0.002153
0.001465
0.000394
-0.001029
0.000158
-0.000276
-0.000875
0.000187
-0.000609
-0.000875
0.000201
0.002102
-0.001671
0.005427
-0.001598
-0.001193
0.001842
0.003342
0.001292
0.000761
0.000293
-0.000667
-0.001999
0.001012
-0.000792
-0.000918
-0.001565
0.001803
-0.001936
0.000413
-0.000204
-0.001806
0.001784
0.001301
-0.011142
-0.000436
-0.000122
-0.003726
0.002088
0.000756
0.000375
-0.002105
0.002450
-0.005231
0.004239
0.002339
0.003704
-0.001439
-0.001898
0.006791
-0.005386
0.000587
0.003048
-0.003876
0.004128
0.000640
0.000857
-0.000773
-0.002713
0.000814
-0.000257
-0.000209
0.002044
-0.001960
