0.001821
-0.002133
0.003369
0.000148
-0.000213
0.000137
-0.000456
0.001260
-0.001274
-0.000080
-0.000965
-0.002063
-0.001450
-0.000669
-0.000279
0.000082
0.000093
-0.000521
-0.000214
0.000914
0.004496
-0.002697
0.000485
0.001836
0.001207
0.000284
0.000123
-0.000294
-0.000508
-0.000387
-0.000280
-0.004076
0.005436
-0.006438
-0.000401
0.000243
0.001276
-0.001432
-0.000616
-0.000279
0.001182
0.003879
-0.003673
0.002160
0.001811
0.001194
-0.001073
0.001169
-0.000226
-0.000065
-0.001662
0.000633
-0.004976
0.005582
-0.004830
-0.001397
0.001459
0.000151
-0.000468
-0.001554
0.000847
0.003651
-0.001299
-0.000955
0.002348
0.001625
-0.000041
0.000090
0.001074
-0.001356
-0.000043
0.000014
-0.004242
0.003313
-0.004858
-0.000002
0.001484
-0.000173
0.000225
0.000845
0.002897
-0.000496
-0.000723
0.002053
0.001196
-0.001352
0.001408
-0.000324
0.000268
-0.000206
-0.000002
-0.004831
0.003916
-0.003313
-0.001419
0.000952
0.000571
0.000024
-0.000377
0.002428
