0.001009
0.002918
0.000713
0.001436
0.000411
0.001165
-0.000458
0.001055
0.000349
-0.004011
-0.011642
-0.003020
-0.000651
0.001025
0.002943
0.001391
-0.000414
0.000279
0.002818
0.000541
0.005566
0.000926
-0.002580
0.003427
0.000736
-0.003984
0.004885
-0.001033
-0.000094
-0.000721
-0.007046
0.001397
-0.000337
-0.000010
0.003790
0.003960
-0.002494
0.001258
0.003650
0.001398
0.001312
0.000635
0.002523
0.000154
0.000278
0.005151
-0.002510
-0.001631
-0.010422
-0.003863
-0.002912
0.001700
0.000109
0.000396
-0.003151
0.001063
0.003976
-0.000388
0.000232
0.002250
-0.000024
0.003270
0.003363
-0.001756
-0.000475
0.002377
0.003434
-0.000468
-0.000321
-0.006779
-0.005123
0.000963
-0.000879
-0.001484
0.002096
0.000744
0.001823
0.001584
0.000326
0.001578
0.003720
-0.001981
0.003388
0.001755
-0.000686
0.000636
0.001972
-0.004262
-0.002650
-0.008978
-0.006367
-0.001521
0.000550
0.004062
-0.001119
-0.001429
0.002741
-0.000963
-0.000583
0.002012
