0.000762
0.000029
0.000714
0.000270
0.000292
0.001351
0.000051
0.000051
-0.000163
-0.000193
0.000103
-0.000193
0.000133
-0.000000
0.000755
0.000455
0.000381
0.000348
-0.000082
0.000725
-0.000237
-0.000148
0.000122
0.000111
0.000011
0.000051
0.001343
0.000322
0.000966
0.000033
-0.000111
0.000059
-0.000193
-0.000130
0.000070
0.000033
0.000788
0.000544
0.001284
-0.000611
0.000729
0.000070
0.000248
0.002798
-0.000193
-0.000193
-0.000185
-0.000193
-0.000193
-0.000193
0.003176
-0.000193
-0.000193
-0.000185
-0.000193
-0.000193
-0.003428
-0.003428
-0.000193
-0.000193
-0.000193
-0.000185
-0.000193
0.003176
-0.000193
-0.000193
-0.000193
-0.000193
-0.000193
-0.000185
-0.003354
-0.003502
-0.000193
-0.000193
-0.000193
-0.000193
-0.000185
-0.000193
0.003176
-0.000193
-0.000193
-0.000193
-0.000193
-0.000193
-0.000185
-0.006664
-0.000193
-0.000193
-0.000193
-0.000193
-0.000193
-0.000193
0.003183
-0.000193
-0.000193
-0.000193
-0.000193
-0.000193
-0.000193
0.002554
