-0.000666
-0.000195
0.000053
-0.000380
-0.000252
-0.000418
0.003610
0.006030
-0.000189
0.000610
-0.000318
-0.000067
-0.000366
-0.000806
0.000430
-0.000812
0.000461
-0.005116
-0.000401
-0.000466
-0.000252
-0.000015
-0.000304
-0.000143
-0.000889
0.000422
-0.000146
-0.000155
0.002428
-0.000138
-0.000189
-0.000195
-0.000195
-0.000189
-0.000195
-0.000675
0.000484
-0.000332
-0.000018
0.001738
-0.000015
-0.000335
-0.000001
-0.000195
-0.000189
0.002225
0.006727
-0.000789
0.000425
-0.000189
-0.000769
-0.000135
-0.001814
-0.003558
0.000499
-0.000189
-0.000803
-0.000186
0.000519
-0.000195
-0.000195
0.000005
-0.000001
0.001917
-0.000375
0.001578
0.000479
-0.000315
-0.000064
-0.001009
0.000262
-0.001608
0.000167
-0.000543
0.000436
-0.000021
-0.002396
-0.003081
-0.000794
-0.000161
-0.000146
-0.000161
0.000499
-0.000146
-0.000275
-0.000064
-0.000129
0.002608
0.000005
-0.000195
-0.000138
-0.000247
0.000033
-0.000423
-0.000132
0.000130
0.001595
-0.000660
0.000470
0.000282
