0.000371
0.000364
-0.000409
-0.000186
-0.000226
-0.003444
0.000281
-0.000693
-0.000210
-0.003558
0.000251
0.000096
0.000142
0.001091
0.004405
0.000042
-0.000584
0.000632
0.000280
0.003841
-0.000256
-0.000226
-0.000226
-0.000822
-0.000279
-0.002663
0.000222
0.000167
-0.003892
-0.000272
-0.000186
0.000364
-0.000893
0.004735
0.000211
-0.000272
-0.000186
-0.000272
0.000402
-0.000180
0.004111
-0.000600
0.000863
-0.000407
-0.003048
-0.000511
0.000035
0.000715
-0.004256
-0.000226
-0.000232
-0.000226
-0.000226
0.004524
0.000463
-0.000226
-0.000232
-0.000226
-0.000226
-0.000180
0.003702
0.000048
0.000002
-0.000549
0.000002
-0.003069
0.000573
-0.000862
-0.000341
-0.003262
-0.000232
-0.000202
-0.000196
0.001025
0.004033
-0.000310
-0.000232
-0.000885
0.000356
-0.000202
0.000510
0.002226
0.000571
-0.000976
0.000518
-0.001015
-0.002854
-0.000226
-0.000226
-0.000226
-0.004323
0.000074
0.000120
0.000175
0.003326
0.001613
0.000105
0.000786
-0.000440
0.003016
