0.001536
-0.000780
-0.000297
-0.000297
-0.000297
-0.000176
0.000066
-0.000660
-0.000003
-0.000694
0.000118
-0.000608
0.000014
-0.000229
-0.000556
0.000413
-0.000816
-0.000712
0.000222
-0.000278
-0.003028
0.001206
-0.002248
-0.000229
0.001240
-0.000435
0.000066
0.004213
0.000949
-0.000278
-0.000297
-0.000297
-0.000297
-0.000297
0.000014
0.006064
-0.001127
-0.000003
-0.000401
-0.000780
-0.001750
0.000321
-0.000058
-0.000007
0.000044
-0.000285
0.000423
0.000873
-0.002892
-0.000333
-0.000469
-0.000816
-0.000608
-0.001800
0.001068
-0.001577
0.000946
-0.001318
0.001085
0.006548
-0.000297
0.000186
-0.000677
-0.000401
0.005009
-0.002077
0.001483
-0.000280
-0.000677
-0.001281
0.001189
-0.000297
-0.000297
-0.000193
0.000014
-0.000229
0.001155
-0.001577
0.001102
-0.000762
-0.003633
-0.000264
-0.000906
-0.001560
-0.000401
-0.000608
-0.001127
0.000430
-0.000418
-0.002076
-0.000280
-0.000263
-0.000057
0.009346
-0.001385
-0.000816
0.000222
-0.000816
0.000222
0.003903
