0.002682
-0.001643
0.000515
-0.001860
0.000288
-0.002669
-0.004317
-0.000154
-0.000093
-0.001277
0.000869
0.003704
-0.000395
0.003288
-0.001213
0.001110
-0.000090
0.000163
0.000841
-0.004201
-0.000395
-0.000350
-0.000090
0.000026
0.003488
-0.000154
0.002446
0.000551
-0.000090
-0.000270
0.000163
-0.000026
-0.002095
-0.004723
-0.000398
0.000215
-0.000090
-0.001277
0.001021
0.005630
-0.000090
0.000804
0.000215
-0.000093
-0.000014
-0.003484
-0.000230
-0.001229
0.000853
-0.000138
0.003536
0.002236
-0.000093
0.000792
-0.000090
0.000853
-0.000579
-0.006576
-0.000275
-0.001457
-0.000676
-0.001442
0.004318
0.000038
0.002798
0.000212
-0.001021
0.000777
-0.000026
0.001106
-0.003295
-0.001289
-0.000154
-0.000334
0.000792
0.003027
-0.000090
0.002718
0.000368
-0.000411
-0.000090
0.000243
-0.006623
-0.000154
-0.000395
-0.000346
-0.000142
0.000087
0.004455
0.002377
0.000295
-0.000414
-0.000026
0.000215
-0.000740
-0.003643
0.000231
0.000291
-0.001646
0.004540
