0.003741
-0.001810
-0.002114
0.001518
-0.003082
-0.006442
-0.001940
-0.001384
-0.001906
-0.001527
-0.001726
0.002323
-0.001721
0.002202
0.003296
-0.001148
0.001890
-0.001004
-0.000019
-0.003164
0.001298
-0.000243
-0.000694
0.000555
-0.000991
0.002798
-0.001051
0.005363
-0.001243
0.001294
-0.001565
0.001380
-0.001316
-0.006691
0.001188
-0.000149
0.000602
-0.000195
-0.000127
0.007443
0.002161
-0.001138
0.001389
0.000614
-0.000813
-0.002187
-0.000424
0.002071
-0.000506
-0.000506
0.003884
0.002942
0.000689
-0.002935
0.000093
-0.000944
-0.001730
-0.007038
0.001583
-0.003091
0.000723
-0.001899
-0.001102
0.002773
0.001892
0.001953
-0.001317
0.002202
-0.000839
0.001403
-0.005619
0.001389
-0.000267
0.000067
0.001220
0.001988
0.001631
0.001736
0.000509
-0.000041
-0.001209
-0.000613
-0.003604
-0.000912
0.000985
-0.002234
0.000270
0.004121
0.004421
-0.000099
-0.000194
-0.000089
-0.000991
-0.003092
0.002224
0.000090
0.000140
0.000162
-0.000350
0.004819
