0.003966
0.001159
0.001402
0.001201
0.001053
0.007237
-0.000133
-0.003045
-0.003531
-0.008597
-0.003605
-0.003161
-0.002876
-0.001324
0.006541
0.001823
0.003121
0.000672
-0.000416
-0.003414
-0.002981
0.000767
0.001115
0.006140
-0.000268
0.004661
0.001759
-0.002042
-0.006453
0.000735
0.004145
0.001252
0.000862
0.000640
0.001653
0.004408
0.000809
0.000735
0.001295
-0.000088
0.000735
0.000693
0.000418
0.000588
0.005073
0.001432
0.000735
0.000387
0.001020
-0.000595
0.001844
0.003500
-0.001799
-0.002031
-0.006074
-0.004196
-0.002022
-0.001557
0.002222
0.004798
0.001219
0.001947
-0.000554
-0.004217
0.000058
-0.000026
0.000248
0.008863
0.003099
0.004239
0.004376
-0.001873
-0.003256
-0.000775
0.000376
0.001104
0.011258
0.001970
0.000251
0.001000
0.002563
0.000262
0.006267
-0.003415
-0.003795
-0.003636
-0.003795
-0.003636
-0.003636
-0.003795
-0.003922
-0.008470
-0.003636
-0.003795
-0.003636
-0.003795
-0.003636
-0.003795
-0.004132
0.003742
