0.002403
-0.004022
0.004196
-0.000094
-0.005341
0.005310
-0.003493
0.006006
-0.007383
0.000221
0.000583
-0.000763
0.004521
-0.004486
0.000714
0.001261
0.000138
0.002840
-0.000707
-0.003131
0.003146
-0.004672
0.004381
-0.000670
-0.004208
-0.000791
0.000890
0.005106
-0.004588
0.000593
-0.001162
0.000435
0.004251
-0.002536
0.002571
-0.001961
0.001902
0.000519
-0.004644
0.004326
-0.003976
0.004437
-0.003604
-0.000429
0.000323
-0.000698
0.004251
-0.004282
0.001345
0.004957
-0.002564
0.002738
-0.000772
-0.001051
0.001169
-0.000596
0.002376
0.000463
-0.007253
-0.001617
0.001178
-0.000819
0.002905
-0.002239
-0.000716
0.002654
-0.002081
0.004567
-0.000651
-0.004486
0.004205
-0.004523
0.004985
-0.000605
-0.004319
-0.000642
-0.000252
0.004651
-0.004273
0.001243
-0.001004
-0.001329
0.006034
-0.002499
0.001735
-0.000094
0.000528
0.000881
-0.003084
0.003351
-0.005489
-0.002332
0.004883
-0.003335
0.002413
-0.001812
-0.000094
0.003694
-0.003827
0.003731
