0.003080
0.000951
-0.001210
0.001244
-0.001316
-0.004792
-0.000539
0.001059
-0.000330
-0.000191
-0.000330
-0.000196
0.005042
-0.000404
0.000209
-0.001469
0.000967
0.000018
0.000404
-0.006451
-0.000396
0.001899
0.000119
0.001704
0.002811
0.001426
-0.000568
0.000626
0.001337
-0.000005
-0.005624
-0.000116
-0.000711
0.000209
-0.001469
0.000832
0.001793
0.002644
0.000116
-0.000214
-0.000330
0.000158
-0.000256
-0.000465
-0.005907
0.002853
-0.001442
-0.000261
0.000766
0.001923
0.003387
0.000055
-0.000034
0.000273
0.000288
0.000980
-0.005605
-0.000404
-0.000307
0.000209
-0.001144
0.000042
0.003959
0.001659
-0.000172
-0.000330
0.000134
0.000134
-0.000507
-0.004810
-0.001390
0.001918
0.000547
0.000022
-0.000428
0.005297
0.000077
0.001997
-0.001321
-0.001492
0.001896
-0.007148
0.001157
0.000367
-0.000330
-0.000330
-0.000330
0.004828
0.000092
-0.000214
-0.000307
0.000134
0.001329
-0.000558
-0.007204
-0.000428
0.001788
0.000249
-0.000866
0.003643
