0.004113
-0.000051
-0.000287
-0.002203
0.001155
-0.001939
0.001477
-0.000493
-0.002162
-0.000394
0.001419
-0.000695
-0.000092
-0.000349
-0.000716
-0.000068
-0.000435
-0.002162
-0.000390
0.001155
-0.001881
0.001481
-0.002203
0.001159
-0.001819
-0.000914
0.000316
0.001279
-0.002398
-0.000349
0.002125
0.002968
0.007265
-0.001219
0.000915
-0.001781
-0.000452
0.000230
-0.000918
-0.000431
-0.000013
-0.000332
-0.000794
-0.000154
-0.000229
-0.000637
0.001597
-0.000452
-0.002265
-0.000976
-0.000472
0.000251
-0.001257
-0.001058
-0.000332
-0.000675
-0.000394
-0.000390
-0.002100
0.001217
-0.000328
-0.001819
-0.000332
-0.000390
-0.000253
0.010140
0.003424
-0.002302
-0.000010
0.001155
-0.001881
-0.000390
-0.000654
-0.000006
0.001217
-0.001819
-0.000328
0.001861
-0.002460
-0.000270
-0.000270
0.001220
-0.000270
-0.001757
0.001220
-0.001757
-0.000267
-0.000208
0.001923
-0.000205
-0.002340
0.002125
-0.002477
0.001985
-0.000003
-0.000147
-0.002480
-0.000205
-0.000208
0.008776
