-0.001424
-0.002351
0.005924
-0.000055
0.000479
-0.000338
-0.000872
-0.001841
0.003732
-0.000610
-0.004684
-0.001865
-0.001127
0.001668
0.000961
-0.000266
0.000558
0.000006
-0.000624
0.006290
0.000499
-0.001796
-0.002075
0.002426
-0.000149
-0.000338
0.001234
-0.005873
-0.001465
0.003153
-0.001203
-0.000745
-0.000355
-0.000473
0.001692
0.002257
0.000630
-0.000473
-0.002258
0.002236
0.001399
0.000396
-0.002323
0.000131
-0.001617
-0.000576
-0.001379
0.000003
0.001364
0.000741
-0.000211
-0.001313
0.003494
0.001881
-0.001672
0.001082
-0.000779
-0.000693
0.001030
0.001158
-0.004760
-0.000848
-0.002247
0.001802
0.002292
-0.001448
-0.002227
0.001626
0.004184
0.002178
-0.000896
0.000200
-0.000803
0.000796
0.001912
-0.002120
0.001599
-0.007173
0.001168
0.000248
0.001737
-0.002351
-0.000362
0.001251
0.000113
-0.000328
0.003860
-0.000958
-0.000473
0.001802
0.000282
-0.001575
-0.001203
0.000386
-0.001651
-0.000107
-0.002068
0.000006
0.001482
0.002074
