0.001740
0.000098
0.000057
0.000156
-0.000367
0.004860
-0.000486
0.000334
0.000891
0.000020
-0.000836
0.000295
-0.001699
0.000721
-0.001288
-0.003536
-0.004623
-0.000213
0.000770
0.000132
-0.000308
-0.000396
-0.001600
-0.000245
0.000738
-0.001736
0.000777
0.004274
-0.000291
-0.001206
0.001504
0.001935
-0.000422
0.000697
-0.001026
0.000592
-0.000208
-0.000235
-0.000272
-0.001247
0.000658
0.002176
-0.000308
-0.000293
-0.000308
-0.000006
-0.000595
0.001083
-0.001624
-0.000281
0.000393
-0.001096
-0.000308
0.007079
-0.000870
0.000971
0.000470
0.000431
0.000789
-0.000070
-0.000296
-0.001298
0.000694
-0.000269
-0.000410
-0.003159
-0.001908
-0.004414
0.000641
-0.000094
-0.000220
-0.000006
-0.000658
-0.001310
-0.000515
0.000132
-0.001096
0.000020
-0.000016
0.007303
-0.000272
-0.000082
-0.000233
-0.001585
0.000770
-0.001385
-0.000293
0.000996
-0.000583
-0.001021
0.002990
0.001112
-0.000053
-0.000926
0.000665
-0.000162
-0.000021
-0.000277
-0.000053
0.000650
