0.000090
-0.000152
0.000044
0.004916
-0.000651
-0.000122
0.000937
0.000211
-0.001453
-0.000016
0.001542
-0.003223
-0.004010
0.001421
-0.001922
0.001043
-0.001559
0.001028
-0.000182
-0.001060
0.003009
-0.000107
0.000014
-0.001045
0.005627
-0.000258
-0.000273
-0.000258
0.000166
0.000982
-0.000258
-0.000243
-0.001680
-0.006264
0.000529
-0.001166
0.000120
-0.000167
-0.000273
-0.000258
-0.000258
0.002056
0.001557
-0.001075
0.000831
0.004462
-0.000440
-0.001241
0.000982
0.000166
-0.000273
-0.000258
0.001406
-0.000893
-0.008109
0.001406
-0.002981
0.002102
-0.001151
-0.000228
-0.000258
0.000982
0.000952
0.001602
0.000180
0.004386
0.001391
-0.001423
0.000044
0.001421
-0.000258
-0.000198
0.000105
-0.006627
0.000801
-0.001665
0.000226
0.000120
0.001542
-0.001408
0.001209
0.002132
-0.000228
-0.001120
0.003630
0.002283
-0.000077
-0.001196
0.000090
0.001966
0.001134
-0.001574
-0.005749
0.000649
-0.001892
0.001028
0.000362
0.000286
0.000059
0.001950
