0.006587
-0.000010
-0.000279
-0.000269
-0.003640
-0.013648
-0.005887
-0.001684
-0.000572
0.001966
-0.002234
0.005907
0.001922
-0.000139
-0.001706
0.001481
-0.000020
-0.001207
0.001936
0.000381
0.000437
0.002359
-0.001660
0.001980
-0.001294
0.001535
-0.001737
0.001966
0.000573
-0.000863
0.000012
-0.000139
-0.000129
-0.000129
0.000423
0.001501
-0.000117
-0.001338
0.000045
0.001537
0.000716
0.000371
0.000405
0.002261
0.000144
0.000326
-0.001640
0.001643
-0.000216
0.000314
-0.000139
0.005550
-0.000226
-0.000129
-0.003304
-0.011597
-0.005132
-0.000635
0.000314
0.004255
0.002700
0.000433
-0.001781
0.001535
-0.001597
0.000251
0.001384
0.000737
0.000524
0.000401
0.002239
-0.001249
0.001503
0.000294
-0.000366
-0.001403
0.001794
-0.000432
-0.000052
-0.000216
0.000433
-0.000139
-0.000129
0.000130
0.000217
0.000195
0.001287
0.000045
-0.001164
0.002110
0.001374
0.000057
0.001667
-0.001282
0.001471
0.000261
-0.001684
0.001491
0.000433
-0.000604
