0.000303
0.001019
0.000156
-0.000072
-0.000077
-0.000283
0.000536
-0.000663
0.002088
-0.001906
-0.000202
-0.000728
0.002023
-0.001819
0.001345
-0.000267
0.000069
-0.002220
-0.000479
-0.000126
-0.000332
-0.000332
-0.000332
0.001616
-0.002286
-0.000397
0.001220
-0.000104
-0.000294
-0.000397
-0.000375
0.006777
0.000585
-0.000066
-0.000565
-0.000858
-0.002519
0.002267
-0.002481
0.001095
0.000021
-0.000419
0.000607
-0.001428
-0.000251
-0.001092
0.000254
-0.000381
-0.000419
-0.000419
-0.000419
0.001008
-0.001808
0.000167
-0.001005
-0.000419
0.000254
0.001632
-0.001591
-0.001765
-0.000587
0.000205
-0.001005
0.002267
-0.002519
-0.000858
-0.000381
0.007471
0.002180
-0.000419
-0.000419
-0.000381
-0.002351
-0.000354
-0.000397
-0.000441
-0.000001
0.001220
-0.002286
0.000004
-0.000565
-0.000375
0.000069
-0.000267
-0.000267
-0.000207
0.001350
-0.000055
-0.000202
-0.001900
0.001621
-0.000137
0.000389
0.000075
-0.000072
-0.002448
0.002234
0.000221
0.000026
0.006114
