0.003713
0.000296
-0.001056
-0.000632
0.001129
-0.008123
0.002193
-0.001917
-0.000860
0.000930
0.001051
-0.000750
0.004745
-0.000988
0.000172
0.000446
-0.000668
-0.000074
0.001474
-0.005824
-0.001910
-0.000501
0.001303
0.003737
0.005417
-0.000953
0.001780
0.000602
-0.000013
-0.002077
-0.006558
-0.000629
0.001990
-0.001455
0.000154
0.001428
-0.000622
0.004634
-0.000131
-0.000383
-0.000440
-0.000291
0.000734
0.001972
-0.007903
-0.001593
0.002435
-0.001316
0.000282
0.007225
0.002044
-0.000469
-0.001216
0.000239
-0.000006
-0.007771
0.001528
-0.001220
0.000859
0.001763
0.000624
0.000154
0.001496
0.000012
0.001567
-0.002127
0.000314
0.002065
-0.001323
-0.002298
-0.006326
0.001706
-0.000412
-0.000163
0.006851
0.003332
-0.000266
-0.000451
0.000126
0.000246
-0.007508
-0.001280
0.001424
-0.001885
0.001012
-0.000579
0.000346
0.007058
-0.001451
-0.000230
-0.001273
0.001841
0.001321
-0.001309
-0.002277
-0.005924
0.000403
0.001545
-0.001227
0.006940
