0.005004
-0.000151
-0.000406
0.000810
-0.007448
-0.002368
-0.000014
0.000760
-0.000191
0.000459
0.002440
-0.002779
0.005669
-0.000988
0.000008
0.000618
0.000975
-0.000624
0.000723
-0.006798
-0.001311
-0.001430
0.000017
0.000400
0.007455
0.003403
0.000689
-0.000406
0.000820
-0.006953
-0.002813
-0.000042
0.000897
0.000213
-0.000123
0.002509
-0.002876
0.005607
-0.000534
-0.000142
0.000558
0.000907
0.000076
0.000014
-0.006593
-0.001584
-0.001476
0.000064
0.000400
0.007455
0.003412
0.000692
-0.000419
0.000820
-0.006543
-0.003056
-0.000210
0.000897
0.000213
0.000291
0.002045
-0.002826
0.005607
-0.000534
0.000568
-0.000151
0.000907
0.000076
0.000054
-0.006428
-0.001771
-0.001495
0.000076
0.000269
0.007573
0.003412
0.000692
-0.000201
0.000592
-0.006702
-0.002878
0.000222
0.000287
0.000213
0.000222
0.001109
-0.001616
0.005669
-0.000583
0.000481
0.000086
0.000630
0.000086
0.000123
-0.005815
-0.002384
-0.001495
0.000076
0.000369
0.006438
