0.004527
-0.004071
0.002716
-0.002641
-0.000270
-0.000888
0.003519
-0.001475
-0.000565
-0.002878
0.002218
-0.002013
-0.001229
0.005962
-0.005443
0.010382
-0.008365
0.004343
-0.002973
0.000376
0.007239
-0.011400
0.002344
0.001645
-0.000162
-0.002560
0.001273
0.000215
-0.000565
-0.003376
0.011171
-0.006873
0.009279
-0.001731
0.003536
-0.005434
0.000349
0.002734
-0.002614
-0.000005
-0.000727
0.000510
-0.003542
0.000699
0.002438
-0.000050
-0.005263
0.002734
0.000977
0.001936
-0.005232
0.000977
0.002474
-0.001619
0.000327
-0.001153
-0.000063
-0.001731
0.000865
-0.003282
-0.003542
0.008221
-0.002601
0.002443
-0.004806
-0.000377
0.007925
-0.003345
0.001017
0.003124
-0.004286
-0.002085
0.003639
0.000717
-0.005949
0.003841
-0.004837
0.001658
0.002053
-0.002547
-0.001171
0.002496
-0.003156
0.002976
0.005500
-0.008639
0.006943
-0.004026
-0.002524
0.003236
-0.005954
0.003994
0.001622
-0.002547
-0.001108
0.001210
-0.002695
0.001492
-0.002309
0.006827
