0.005480
-0.000229
0.000109
0.001345
0.002026
-0.003532
-0.000157
0.002721
-0.000576
-0.009891
-0.004723
0.004480
-0.000708
0.000534
0.000142
-0.000455
0.000905
0.000164
-0.000239
0.006660
0.001652
0.002937
0.000541
-0.001796
-0.000327
0.002723
-0.001969
-0.001045
0.003147
-0.002343
-0.011911
-0.000766
0.000323
0.000152
0.000954
0.001806
0.000683
-0.001432
0.000971
0.002170
-0.000385
0.008026
-0.006161
0.001633
-0.001887
0.000689
0.003153
-0.000560
-0.001307
-0.007614
-0.003160
0.000839
0.001479
0.003166
0.001220
0.003690
-0.000035
0.000345
-0.002786
0.002032
0.005815
0.002717
-0.003703
0.000711
0.005225
-0.002084
-0.000881
0.001472
-0.000603
-0.008817
-0.005458
0.000362
0.000092
0.001577
0.001170
-0.006470
0.002106
0.000467
0.002040
0.004647
0.002717
0.001115
0.001783
-0.000675
-0.000687
0.001656
-0.001091
-0.001255
-0.004137
-0.005670
-0.004265
0.000512
0.004727
-0.005244
0.003750
-0.000095
-0.001809
0.001501
0.003042
0.000839
