0.002258
-0.002200
0.000594
0.002864
0.000796
-0.002140
0.000843
-0.001487
-0.000274
0.001033
-0.001855
0.000510
-0.007347
0.000820
0.001022
-0.002770
0.000522
-0.000916
0.002519
0.001473
-0.002141
0.004528
0.000356
-0.001546
0.001426
-0.000036
0.000820
0.000522
-0.001843
-0.000464
-0.004922
0.005408
-0.007513
0.001105
0.002864
-0.002901
-0.002081
0.001438
0.000249
0.004041
-0.003543
0.002282
0.001984
-0.000904
0.001069
0.001152
-0.001344
0.000819
0.002258
-0.007252
0.009046
-0.007109
0.001901
0.000843
-0.004066
0.004041
-0.002164
-0.003222
0.006834
-0.002545
0.000665
0.001010
0.002745
-0.002604
0.005051
-0.002925
-0.003305
0.003078
-0.001808
0.002056
-0.003947
0.001438
-0.001689
0.000047
0.000796
-0.000143
-0.000892
-0.000084
0.002460
-0.001320
-0.000904
0.004421
-0.000167
-0.001522
0.003411
-0.000928
-0.000108
0.000689
-0.001403
-0.004387
0.002246
-0.002319
0.000463
0.002924
-0.003198
-0.001035
0.004635
-0.004209
0.001010
0.004100
