0.002545
-0.002164
-0.002831
0.005334
-0.000367
0.000121
0.002531
-0.001957
-0.000218
-0.003992
0.005811
-0.002982
-0.000178
0.006498
-0.003486
0.000694
-0.000354
0.002106
-0.002106
-0.002887
0.006293
-0.000452
-0.000055
0.003158
-0.002693
-0.000492
0.003361
-0.001560
0.002652
-0.001984
0.000284
0.000190
-0.000795
0.004897
-0.004146
0.003704
-0.000249
-0.002162
-0.000878
0.002186
-0.004474
-0.001899
-0.001796
0.001709
0.000353
0.000603
-0.000904
-0.002229
0.003994
-0.003901
0.002418
-0.004255
0.002939
-0.003502
0.000259
-0.001355
-0.001763
0.001461
0.003227
0.001051
-0.003457
0.005535
-0.000561
0.000460
0.001492
0.004400
-0.003854
-0.001602
-0.000851
0.001339
-0.000015
-0.000521
-0.000191
0.003292
-0.004733
0.004511
-0.007303
0.000025
0.000777
-0.002202
-0.000574
-0.001257
-0.000646
-0.001368
0.000188
0.000902
-0.001589
-0.004594
0.004291
0.005633
-0.002998
-0.002367
0.001831
-0.002710
0.001586
-0.002010
0.005633
-0.000777
0.000217
-0.001243
