0.002047
-0.000182
0.000969
-0.000037
-0.000729
0.001847
0.001870
-0.006771
0.004606
-0.001017
0.001198
-0.000919
0.001285
0.004346
-0.000168
-0.000120
-0.000216
-0.000126
-0.000291
-0.008873
-0.003405
0.000176
-0.000787
0.000238
-0.000518
0.004651
0.000554
0.001277
-0.001221
0.001010
-0.000771
0.003239
-0.006384
0.001033
0.002225
0.000615
0.000187
0.000977
-0.000093
0.000238
0.005827
-0.001297
-0.000216
-0.000423
-0.001207
-0.007328
-0.000485
-0.000107
-0.001627
0.000568
0.006171
0.001291
-0.000126
0.000061
0.000394
0.002430
-0.001339
-0.003554
0.002522
0.000179
-0.000056
0.000927
-0.000787
0.006438
-0.000202
-0.000485
-0.000126
-0.000196
-0.008512
-0.001526
-0.001448
-0.000210
-0.000202
-0.000829
0.005345
-0.000045
0.001209
-0.000938
0.001198
-0.001039
0.004799
-0.006074
-0.001504
0.002603
0.001343
0.000137
-0.001076
0.000974
0.005247
-0.000160
-0.000485
-0.001532
-0.000126
-0.000692
-0.008154
-0.000120
-0.000409
-0.000202
-0.000560
0.003777
