0.005484
0.001111
-0.000105
-0.000484
0.001037
-0.000554
-0.001428
0.002364
-0.002700
-0.000429
-0.000697
-0.002557
0.001277
-0.004030
-0.000282
0.004150
-0.002005
0.001273
-0.000679
-0.001715
0.001273
-0.000429
-0.000587
-0.001715
-0.000337
-0.000337
0.001041
-0.000282
-0.000282
-0.000227
-0.000227
-0.000171
-0.002193
0.009978
0.000196
-0.000429
-0.000429
-0.000429
-0.000429
0.001287
-0.001572
0.000288
-0.001594
0.001162
-0.002483
-0.000161
0.000071
0.001361
-0.002450
0.000053
0.001181
-0.000337
-0.001605
-0.001410
-0.000697
-0.000734
-0.002145
0.000986
-0.000337
-0.001660
0.001041
-0.001660
0.001236
0.001930
0.007869
-0.000429
-0.001950
-0.000392
-0.000142
0.000986
-0.000337
-0.001660
0.001041
-0.001660
0.001615
-0.000855
-0.001605
-0.000282
-0.000282
0.001096
-0.001605
-0.000227
0.001670
-0.000748
0.004136
-0.001752
-0.002336
-0.000778
-0.001858
-0.001359
-0.000054
-0.000069
-0.000050
-0.000679
-0.000767
-0.000410
0.001592
-0.002575
0.001001
0.009078
