0.001181
-0.000532
-0.003316
0.005404
-0.002832
-0.000767
0.006425
-0.001682
-0.001303
0.004032
-0.001708
0.000397
-0.000740
0.001600
-0.001316
-0.003551
0.005822
-0.003904
-0.000271
0.005483
-0.000413
-0.001643
0.004411
-0.002741
0.001652
0.000344
-0.000350
0.003574
-0.003709
-0.000519
0.003770
0.000331
0.002619
0.000384
-0.002324
0.001769
-0.001997
-0.000218
0.000959
0.001037
-0.003186
-0.005813
0.002828
-0.000767
-0.001185
-0.000976
-0.001774
0.001559
-0.001067
-0.000022
-0.000872
0.001926
-0.003604
0.002658
-0.002009
0.003076
0.001482
-0.000676
-0.003578
0.003679
0.000083
-0.000297
0.003652
0.001704
-0.000008
-0.001146
-0.000283
-0.000532
-0.000753
-0.000244
-0.001708
-0.000950
0.000672
-0.001748
-0.000439
0.000005
-0.001735
-0.000426
0.000148
-0.000466
-0.006402
0.001821
0.000802
-0.001669
0.000592
0.001482
-0.003801
0.002828
0.000711
0.000004
-0.000061
0.003391
-0.003369
-0.001904
0.004881
-0.005055
0.001848
0.001011
0.000436
-0.000113
