0.006922
0.033032
0.012972
0.008411
-0.000760
0.002016
-0.007364
-0.002878
-0.001952
-0.001854
-0.002544
-0.002945
0.000754
-0.005736
-0.002394
0.003667
-0.002631
-0.004246
-0.001375
0.001352
0.000753
0.002676
0.000554
-0.000244
0.001307
-0.004079
-0.001784
-0.001991
0.001445
-0.002433
-0.003493
-0.002436
-0.001614
0.001714
-0.002645
-0.003795
-0.002811
-0.006323
-0.001596
0.002429
0.001687
-0.000451
-0.000227
0.000796
-0.000694
0.002145
-0.000449
-0.002944
-0.002526
0.001099
0.002018
0.000631
-0.001077
-0.001611
-0.000804
-0.002695
-0.002393
-0.003309
-0.002754
-0.002431
-0.001700
-0.002170
-0.002739
-0.001118
0.002549
0.000303
0.001457
0.000964
0.004171
0.001677
0.001463
0.000921
-0.001139
0.000834
0.000301
0.000233
0.001436
0.001975
0.000476
0.000156
-0.001385
0.002645
0.000634
-0.000304
0.001483
0.001142
-0.001430
-0.000164
-0.001100
-0.001942
0.000969
-0.000883
-0.000572
-0.000365
-0.000426
-0.000035
0.001297
0.000306
-0.000905
-0.001108
