0.010373
0.036398
0.016383
0.007402
0.007147
-0.005844
0.001831
-0.003773
-0.011319
0.002584
-0.004791
-0.008164
0.003147
-0.001375
-0.002013
-0.001664
0.000673
-0.002754
-0.003698
-0.004536
-0.000219
-0.004784
-0.000393
0.000066
-0.002600
0.002593
0.001669
-0.001879
0.001800
0.000257
-0.003431
-0.001550
-0.001459
0.001143
-0.000712
-0.005731
-0.000949
-0.001984
-0.000545
-0.000293
0.000003
-0.004018
-0.003073
-0.002136
-0.005725
-0.002493
0.001137
0.003620
-0.000677
-0.000375
-0.000389
-0.000311
0.000026
-0.000408
0.000211
0.000428
-0.003117
-0.003957
-0.000965
0.001866
0.001181
0.000468
-0.001538
-0.001883
-0.003807
-0.002579
-0.000369
-0.001442
-0.001989
-0.000522
-0.002211
-0.001843
-0.001838
0.000418
-0.000174
-0.000526
0.000039
-0.001038
-0.001483
-0.001011
-0.001053
-0.001372
0.000132
0.001184
0.001163
0.001985
0.001890
0.001792
0.001818
0.001855
0.001540
0.001744
0.001420
0.001578
0.001434
0.001256
0.001698
0.002089
0.001261
0.002075
