-0.256679
-0.008976
0.005084
0.005417
0.002470
0.000135
0.006478
0.000886
0.004259
0.000381
0.001559
0.002260
0.003032
0.001489
0.002753
0.001452
0.000361
-0.000218
0.008703
0.005071
0.005716
0.003238
0.003418
0.004842
0.000102
0.012142
0.008071
-0.000620
-0.001847
0.001542
-0.005622
-0.003673
0.004801
0.007123
-0.004867
0.007320
-0.000390
0.007952
-0.001285
-0.003164
0.004682
0.008337
0.010197
0.010602
0.000401
0.002593
0.004944
-0.003091
-0.009923
-0.004302
0.005896
0.002380
0.007895
0.014424
-0.003301
0.001395
0.002573
0.003504
0.000434
-0.000390
0.002576
-0.000653
0.007739
-0.002246
0.000434
-0.002057
0.001665
0.002683
0.002786
0.002819
0.006578
0.004735
0.010057
0.005367
0.001682
0.001891
-0.003317
-0.006879
-0.007002
0.001972
0.008527
0.002876
0.002224
0.004402
-0.000038
0.002260
0.003118
0.002384
0.002244
0.000188
0.000348
0.002174
0.003524
0.007279
0.012724
0.005247
0.002141
0.008211
0.003455
0.005916
