-0.112503
0.003036
0.001123
0.000454
0.001460
-0.000565
0.000888
0.001055
0.000119
0.001823
0.000999
0.001069
0.001111
0.001363
0.001964
0.001391
0.001672
0.001881
0.001320
0.000957
0.001669
0.000342
0.000720
0.001600
0.002157
0.006501
0.002546
0.001029
0.002607
0.001251
-0.000316
-0.006214
-0.006284
-0.000958
0.000831
0.000944
0.001252
0.001738
0.001710
0.004151
0.003667
0.004546
0.002174
-0.000328
-0.002103
-0.004661
-0.000139
0.001028
0.003304
0.005522
0.001515
0.005022
0.000288
0.000958
-0.000733
0.002146
0.001056
0.000862
0.001865
0.000831
0.001180
-0.000089
0.000021
0.000666
0.001352
0.002076
0.001306
0.001795
-0.002172
0.001125
0.001251
0.001599
0.000399
0.001181
0.001014
0.003039
0.003834
0.001853
-0.000118
0.000831
0.000999
0.000999
0.000860
0.001264
0.000691
0.001055
0.001237
0.000998
0.000330
0.001823
0.000831
-0.000537
0.001306
0.000455
0.001908
0.004770
0.001055
0.000301
0.001054
0.001739
