-0.010190
0.027264
0.007401
0.000010
0.000959
-0.003184
-0.003311
-0.001002
0.001220
0.000305
0.001096
-0.000840
-0.001240
0.002704
-0.000258
0.002531
-0.000207
-0.001722
0.000055
0.000291
-0.001362
-0.002493
0.000739
0.000907
-0.001888
0.001612
-0.000135
0.003721
0.001794
-0.000264
0.000938
0.000832
-0.002203
0.000176
-0.000058
0.000533
0.001009
0.000395
0.002758
-0.000134
-0.002135
-0.002684
0.002232
0.000131
-0.000123
0.000628
0.000970
0.000265
0.000491
-0.003036
0.000722
-0.000768
-0.003413
-0.001440
0.000834
-0.000455
0.001391
0.002101
0.001091
0.001206
-0.001652
-0.000587
-0.001778
-0.003014
0.000058
-0.002275
-0.004170
-0.001074
-0.000872
-0.000041
-0.000352
-0.001538
0.001673
0.001112
-0.001223
0.001958
0.000742
0.000839
0.000373
0.001191
-0.001516
-0.002048
-0.003151
-0.000661
-0.002017
-0.002139
-0.000485
-0.000084
-0.001327
0.000099
-0.000599
0.000245
0.001195
0.001527
-0.000489
0.000346
-0.001336
-0.001173
-0.001527
-0.000994
