-0.041225
-0.012525
-0.008892
0.002175
0.000585
0.000672
-0.000377
-0.002842
-0.002814
0.002534
0.001087
0.000251
-0.000377
0.000742
0.000442
0.000414
0.000972
0.000240
-0.000531
0.000251
0.003371
0.000955
0.003158
-0.001388
0.006579
0.002071
0.003535
0.004267
0.001070
0.004930
0.002043
-0.002197
-0.004854
-0.010869
0.001813
-0.000705
0.000906
-0.003836
0.003305
0.000076
-0.002640
0.006819
-0.002044
0.007977
0.005540
0.006579
-0.005771
0.001502
-0.002535
-0.002804
-0.013836
0.007709
-0.004634
0.002311
0.000219
0.007900
0.010268
0.002716
-0.003634
-0.000858
0.000585
-0.007535
0.000868
-0.005269
0.009065
-0.002853
-0.001880
0.004424
-0.003547
-0.006329
0.000934
0.000519
0.006677
-0.003940
0.007119
0.000923
0.002977
0.009459
-0.001908
-0.000618
0.000414
-0.001099
-0.001503
0.004027
-0.002640
-0.008247
0.011129
-0.002504
0.005435
-0.004913
0.002939
-0.007093
0.004114
0.000557
0.001568
0.007841
0.000983
0.002628
0.001098
-0.000203
