0.010297
0.018646
0.010221
0.001793
-0.002262
0.001033
0.000694
-0.001597
0.001294
-0.002134
0.001222
-0.000005
-0.000439
0.000011
-0.002522
-0.005317
-0.003332
-0.000935
-0.001861
0.000013
-0.001096
-0.000989
0.000219
0.000039
-0.000915
-0.001660
0.000491
-0.001782
0.002346
0.000692
0.003453
-0.000181
0.002556
0.003476
-0.001346
0.000763
-0.003300
-0.000967
0.000063
-0.000979
-0.001448
-0.003402
-0.002470
-0.000587
-0.002002
-0.001818
-0.000043
0.000803
-0.001068
0.002926
-0.001165
-0.000085
-0.003677
-0.002382
-0.003044
-0.001672
0.001361
0.000501
0.001249
0.000393
-0.000795
0.002886
0.003956
0.003854
0.003772
0.001635
0.000477
-0.002603
-0.001666
-0.000782
-0.000878
-0.002317
0.002293
-0.000952
-0.001932
0.002431
-0.001562
-0.001608
-0.001476
-0.000164
0.000427
0.000429
0.001187
-0.001430
-0.003187
0.002583
-0.000134
-0.002398
-0.002560
-0.000082
-0.001220
0.001985
-0.000654
-0.001636
0.000503
-0.002028
0.000787
-0.003063
-0.000594
-0.001558
