-0.002329
-0.000359
0.000273
0.001011
0.000496
0.000736
0.001041
0.000313
0.000501
0.000123
0.000180
0.000296
0.004857
-0.000379
0.000709
-0.007847
0.000371
-0.000498
0.000795
-0.000938
-0.000508
0.001113
0.000507
0.002231
0.001271
0.002390
-0.000689
-0.000468
-0.002978
-0.000584
0.000160
0.001662
0.001000
0.001060
-0.002703
-0.000607
-0.000148
-0.002487
-0.002070
0.000077
-0.000889
-0.004658
0.001261
0.001116
0.000500
0.004033
-0.000310
-0.000448
0.000133
0.000213
-0.003456
0.000875
-0.000280
0.000706
0.001636
0.001195
0.000514
0.003445
-0.001705
0.000431
-0.000231
0.000914
-0.000518
-0.000072
-0.003724
-0.000059
0.001239
-0.001964
0.000265
-0.006576
-0.003920
0.000714
0.001550
0.001165
0.000609
0.000321
0.001457
0.000762
-0.002185
0.003710
0.002846
-0.000819
0.001294
0.000206
-0.001491
-0.001381
-0.000852
0.000775
0.000183
-0.000382
0.000239
0.000239
0.001179
0.000736
0.001232
-0.000928
-0.000098
0.001233
0.000494
-0.000052
