-0.024924
-0.002276
-0.001156
0.002091
0.001439
-0.000844
-0.000059
-0.000272
0.002162
-0.001860
0.000636
0.002257
0.001969
0.000356
0.000432
0.000177
-0.000059
-0.000740
-0.001014
0.009435
0.005139
0.006666
-0.004620
-0.003325
0.000087
-0.001496
0.001188
0.000290
0.000182
0.002691
0.002488
0.006434
0.001259
0.000413
-0.001879
-0.006657
0.000319
0.000187
-0.001501
0.006425
-0.000910
0.004024
0.002238
-0.001591
-0.000381
-0.004261
0.000087
-0.000343
-0.001307
-0.001075
-0.000357
0.000239
0.002086
0.003027
0.006515
-0.009067
0.001462
0.002025
0.000650
-0.001302
0.000290
-0.001302
0.001878
-0.003065
-0.004942
-0.008235
-0.003250
0.001576
-0.001964
0.000087
0.000087
0.000087
0.001949
-0.001609
0.002852
0.004303
0.006713
-0.004308
-0.000305
-0.000348
-0.001515
0.002162
-0.004573
0.004954
-0.003590
-0.009010
-0.003458
0.004360
0.007313
0.004014
-0.002469
-0.000177
0.002979
0.001547
-0.001047
-0.000348
0.000087
0.000272
0.002299
0.001907
