0.001799
-0.000626
-0.018800
-0.008510
-0.007384
-0.001898
-0.005836
-0.007995
-0.002074
0.000585
0.001195
0.004701
-0.005475
-0.004521
0.000325
0.002915
0.001088
0.000439
-0.003392
0.000474
0.000289
0.001419
0.003266
0.003237
-0.001545
0.003561
0.002149
0.003649
0.003392
0.005506
-0.006021
-0.001717
0.000825
0.004006
-0.002480
0.002513
0.006918
0.001020
0.000909
0.000293
0.007645
0.003967
-0.006235
-0.000477
-0.001246
-0.005213
-0.000516
-0.001603
-0.000477
0.004772
0.003133
0.001052
-0.001155
-0.003200
0.004844
0.003130
0.000293
0.003419
0.005139
0.000611
-0.003535
0.000179
-0.002175
-0.011987
-0.003639
-0.000405
0.000364
0.005606
-0.001347
0.003130
0.001458
0.006519
0.002438
-0.000626
0.000439
0.000325
0.000293
0.002292
-0.002149
-0.000003
-0.000146
0.001490
-0.003022
-0.002807
0.005603
-0.002450
-0.002074
0.003600
-0.000691
0.002945
0.010310
-0.003885
-0.013153
0.000653
0.000799
-0.001535
0.003061
0.003130
0.001273
0.003639
