-0.008740
0.002124
-0.001988
-0.000169
0.004183
-0.004892
0.005248
-0.000103
-0.000900
-0.000529
0.003916
0.009170
0.003804
-0.008222
-0.008091
0.005836
-0.003421
-0.000351
-0.000254
-0.000475
0.000118
0.001988
0.003165
0.006851
0.000737
-0.001543
0.000110
-0.000227
-0.000378
-0.000475
-0.003219
0.000606
-0.012868
-0.003646
0.000195
0.001337
-0.000339
-0.000351
-0.002600
-0.001048
0.007122
0.000040
-0.000521
0.003297
0.004327
0.001043
-0.005492
-0.000223
-0.003579
-0.001694
-0.000351
-0.003173
-0.004625
-0.000951
-0.000045
-0.000509
0.006727
-0.002612
0.008686
-0.000854
-0.000494
-0.002906
-0.008346
-0.000339
-0.002449
0.002104
0.004907
0.005426
-0.002403
-0.001179
-0.000885
0.000757
-0.011134
-0.001482
0.001984
0.000242
0.000342
0.011450
0.001573
0.001063
0.006003
0.003819
-0.001354
-0.000521
-0.000207
0.000118
0.002306
0.000107
0.000122
0.001725
-0.001648
0.001883
-0.000207
-0.004079
0.002685
0.000319
-0.000351
-0.000378
-0.000351
0.000602
