-0.011969
0.000160
0.002055
0.000039
0.000104
-0.000592
0.000327
0.000903
-0.000592
0.001071
-0.000109
0.003773
-0.000825
-0.000323
-0.004884
-0.002348
0.003114
-0.002784
0.000206
-0.000778
0.001191
-0.001605
0.001070
0.000318
0.001981
0.001795
-0.000035
0.000309
0.001154
0.000253
-0.000137
-0.001289
0.000857
0.000011
-0.005617
-0.000546
-0.000527
0.000039
0.000875
0.000002
-0.001735
0.000912
0.001210
0.000903
-0.003964
0.002473
0.002937
-0.000091
0.000578
-0.000639
-0.000035
0.000401
-0.001289
0.000838
-0.002320
-0.000332
-0.000146
0.002222
0.001015
0.001609
0.000764
0.000931
-0.001642
-0.003026
0.000104
-0.000759
0.002696
0.001507
0.000299
0.002389
-0.001540
0.001702
0.000049
-0.000797
0.000773
-0.004447
0.000494
-0.000880
-0.000639
0.004906
0.000624
0.001498
-0.000184
-0.001512
0.000977
0.000234
0.000754
-0.000472
0.000671
0.000718
0.000495
0.000522
0.000076
0.001674
-0.002023
0.001043
0.000234
0.000271
-0.000704
0.001024
