-0.002892
-0.000853
-0.000015
-0.000360
0.000124
0.000721
-0.000168
-0.001664
0.000213
0.001049
0.000527
-0.000588
-0.000223
-0.000571
0.000578
0.000325
0.001327
-0.000070
0.000478
0.000948
0.000215
-0.000105
0.000004
0.000758
0.002802
0.000887
-0.001342
-0.001639
-0.001651
-0.000036
-0.001072
0.000824
-0.000080
-0.004030
-0.000067
0.000364
0.004045
0.000258
0.001085
-0.001582
-0.001057
0.001127
-0.001732
0.000069
-0.000425
0.001070
-0.001308
0.000291
-0.001470
-0.000150
-0.000215
0.002412
0.000961
-0.000080
0.002347
-0.000626
-0.000522
-0.000371
-0.000377
-0.000400
-0.002540
-0.000318
0.000002
-0.000297
-0.000061
0.002661
-0.000328
0.000957
0.000933
0.001121
-0.001184
-0.000091
-0.001382
-0.000933
-0.000640
-0.000771
-0.000619
0.002987
0.001007
0.000560
0.001214
-0.005521
-0.001133
0.002354
0.001614
0.001858
0.000209
0.000184
-0.000138
-0.000754
-0.004932
-0.002032
0.000839
0.004397
0.000540
0.001083
0.000226
-0.000128
0.000809
0.000185
