-0.024231
0.001885
-0.001029
0.000955
0.002323
0.001065
0.002156
0.000077
0.000726
0.001730
0.000996
-0.000683
0.000446
0.003952
0.007782
-0.001823
-0.002470
-0.007679
0.001001
0.000312
-0.000038
0.000548
0.000567
-0.001269
-0.002455
0.005993
0.002786
0.003937
0.000684
-0.001782
0.000510
0.000544
0.000533
-0.001025
0.002163
-0.001820
-0.007497
-0.001209
0.000297
0.000548
0.000312
0.000749
-0.001120
0.003022
0.001437
0.002570
-0.002242
-0.008485
-0.002382
0.003907
0.000510
0.004006
0.000544
0.000119
-0.000477
-0.000978
0.000510
0.000418
-0.005167
0.002447
-0.000900
0.004064
0.002528
0.002825
0.001999
-0.000603
-0.004214
-0.000408
-0.000403
0.005248
0.003336
0.002980
0.002258
-0.001326
-0.001714
-0.002410
-0.003505
-0.004108
-0.008379
-0.004147
-0.004451
-0.001467
0.005473
0.001791
0.001064
0.001630
0.001809
0.000355
0.000510
0.000890
0.002461
0.001063
0.002061
0.000815
0.000380
0.000947
0.000936
0.000221
-0.002203
0.003387
