0.001222
0.002647
-0.003619
0.003720
-0.004969
-0.000961
0.003536
0.000747
-0.001222
0.001650
0.002325
0.000020
-0.000778
0.000325
0.000403
-0.000486
-0.000486
-0.000486
-0.000808
-0.000233
-0.000486
-0.004539
-0.006417
0.009014
0.000403
-0.000486
-0.000708
-0.000555
0.003536
-0.000486
-0.002769
0.007136
-0.008400
-0.002003
0.000403
-0.000142
0.002325
-0.003244
-0.001628
-0.000486
-0.000333
0.000525
0.002364
-0.000080
0.000647
-0.000250
0.002547
0.000678
-0.002900
0.002739
-0.000494
0.000878
0.000678
0.001253
0.001083
0.001083
-0.000150
-0.000058
0.003306
0.001122
-0.000486
-0.000264
-0.005811
-0.000342
0.000808
0.002739
0.000403
-0.000486
-0.009175
0.004317
0.002364
0.000181
-0.000747
-0.000364
-0.000172
0.001070
-0.000486
0.005358
-0.010431
0.002556
-0.000264
-0.000555
-0.000486
-0.000486
0.000656
0.002425
-0.004608
0.003567
-0.002861
0.002931
-0.003789
0.003428
-0.001253
0.000770
0.000011
0.000295
0.002992
0.000403
-0.000486
-0.001375
