0.001210
0.002635
-0.003633
0.003707
-0.001015
-0.005099
0.000614
0.002918
-0.002916
0.003292
-0.000136
0.003515
-0.003289
-0.000661
0.003839
-0.000499
-0.000499
-0.000499
-0.000499
-0.000721
-0.000347
-0.000751
-0.002905
-0.004492
0.005132
0.000391
-0.000499
-0.000499
0.003778
-0.003512
-0.001622
0.003525
-0.000185
0.000694
-0.001641
-0.004775
0.000927
0.002221
-0.003674
-0.001509
-0.000570
0.003525
-0.000246
-0.000408
-0.002916
-0.000257
0.003292
-0.000125
0.000886
-0.001268
0.000249
0.002605
0.001625
-0.000095
0.002726
-0.000257
0.001067
-0.000166
-0.000075
0.003292
0.001108
-0.000499
-0.000276
-0.005827
-0.003451
0.006305
-0.002754
0.003525
-0.005797
0.001199
0.002048
-0.002916
0.003333
-0.001034
0.003556
-0.007475
0.003525
-0.000276
0.009692
-0.009719
-0.006616
0.003525
-0.000499
-0.000499
-0.000499
0.000391
-0.000499
-0.000347
0.000169
-0.000408
0.003312
-0.000479
0.000147
-0.003745
-0.000166
0.003504
0.004566
-0.002875
0.001584
-0.000246
