0.001228
0.002632
-0.003545
0.000442
-0.002113
-0.004826
0.003472
0.003507
-0.002674
-0.000088
0.002318
0.004470
-0.003299
0.002352
0.000791
-0.001396
0.000419
-0.000456
0.003442
-0.004419
-0.000237
0.003223
-0.001703
-0.013719
0.008433
0.000419
0.003507
-0.003487
-0.001204
-0.000706
0.000695
0.000043
0.003100
0.002567
-0.009008
0.000419
-0.000272
0.002475
-0.003172
-0.001645
-0.000456
-0.000237
0.000384
0.000135
0.002943
-0.003460
0.003284
-0.000084
0.003219
0.000288
-0.003514
-0.000241
0.007531
0.000695
-0.000180
-0.000211
-0.003426
0.003496
-0.000026
0.003538
0.000695
0.000419
-0.000583
-0.003613
0.000572
-0.002831
0.003691
-0.000456
-0.006230
0.003937
-0.005451
0.002602
0.001819
0.000104
-0.000548
0.000538
-0.000456
0.006250
-0.006606
-0.004918
0.003507
-0.000521
-0.000456
-0.000456
0.000695
-0.000798
-0.000333
-0.000644
0.002663
-0.003295
0.002502
0.000787
0.000008
-0.000214
0.000039
-0.000303
0.003595
0.000419
-0.000456
-0.001331
