0.000334
-0.000257
-0.000446
0.000963
0.004396
-0.006713
-0.000477
0.001274
0.003176
-0.001204
0.001956
-0.001325
0.003464
0.000304
-0.000257
-0.000477
-0.000545
-0.000477
-0.004485
0.003532
-0.000545
-0.000477
-0.005644
0.003433
0.000456
-0.000257
-0.000477
0.003502
-0.004023
0.003312
0.004366
-0.004023
-0.005402
0.000402
-0.000135
0.003282
-0.000082
-0.005462
0.000524
-0.001477
0.003433
-0.003174
0.002312
0.000804
0.003297
-0.000234
-0.002863
0.002395
-0.002742
0.001994
0.005191
-0.003545
0.002646
0.000986
-0.000234
-0.000052
0.000827
0.002714
-0.004553
0.005570
-0.001173
-0.000727
-0.000477
-0.000477
-0.000795
-0.005273
0.003532
-0.004932
0.000107
0.000365
0.000554
-0.000575
-0.000082
0.002501
0.000524
0.000524
0.003524
0.004093
-0.013570
0.002282
-0.004303
0.003502
-0.000477
-0.001477
0.000456
-0.000477
0.000402
0.003684
-0.004182
0.000115
0.003396
-0.000143
0.003585
-0.000166
0.000152
-0.001795
-0.000514
-0.000416
-0.000386
0.000334
