0.000332
-0.000266
-0.000458
0.000969
0.006894
-0.009186
-0.000559
0.001284
0.003218
-0.004305
0.007492
-0.002999
0.003632
-0.001227
0.000402
-0.000489
-0.000489
-0.000489
-0.000742
-0.000236
-0.000559
-0.000489
-0.008549
0.002458
0.004584
-0.000489
0.000585
0.000079
-0.001249
-0.001126
0.003541
0.000485
-0.004305
-0.001572
-0.000266
0.000432
0.002580
-0.003231
-0.001502
0.003541
-0.000559
-0.004296
0.001030
-0.000428
0.003532
-0.000336
0.000445
-0.000245
-0.000022
-0.000336
0.003663
0.003602
-0.002838
0.002925
0.003532
-0.003707
-0.000061
0.003157
0.000777
-0.004082
0.004737
-0.001502
-0.000489
-0.000489
-0.000489
-0.000742
-0.004466
-0.001065
-0.003921
0.002772
0.000362
0.000554
-0.000589
-0.000092
0.002528
0.000524
0.000524
0.000210
0.007654
-0.010068
-0.001319
-0.000489
-0.000489
-0.000489
-0.000489
-0.000489
0.000332
-0.000843
0.000109
0.000271
-0.000336
-0.000245
0.003685
0.002864
-0.003707
0.000808
0.001890
-0.000428
-0.000397
0.000332
