0.000335
0.000520
-0.001506
0.004631
-0.001326
0.004344
-0.010307
0.000424
0.000645
0.000060
0.001834
0.000024
0.000729
0.003639
0.000400
-0.000281
-0.000460
-0.000460
-0.000526
-0.000460
-0.000460
-0.000526
0.000400
-0.001386
-0.008251
0.002390
0.000454
0.003466
-0.000526
0.000645
0.002360
-0.002796
0.003519
-0.001296
-0.004607
-0.000245
0.000454
0.003221
-0.000066
-0.005348
0.000520
-0.001440
0.003370
-0.003101
-0.000066
0.003125
0.003245
-0.002587
-0.001201
0.000759
0.001954
-0.001810
0.006495
-0.002730
-0.000400
0.006674
-0.003567
-0.000048
0.000735
0.002516
0.000448
0.000000
-0.000705
-0.000526
-0.000460
-0.000526
-0.001320
-0.000675
-0.000257
-0.007702
0.000550
0.006280
-0.003316
-0.000932
0.003525
0.000400
0.000335
0.000305
0.004099
-0.006441
-0.005091
0.002910
0.000000
-0.000675
-0.000556
-0.000215
-0.000526
-0.000245
0.000215
0.002689
-0.000311
0.000974
-0.000137
-0.000131
0.003549
-0.003226
0.002910
-0.001201
0.000335
-0.000460
