0.000360
-0.000449
0.000704
0.002322
-0.000387
0.001138
-0.005097
-0.000916
0.003509
0.000764
-0.000295
0.000794
-0.000297
-0.000169
-0.000295
0.002759
0.000360
-0.000449
-0.000449
-0.000513
-0.001445
0.000548
-0.000513
-0.000916
-0.010016
0.010425
0.002854
-0.000449
-0.004406
-0.000513
-0.000200
-0.000449
0.003319
0.006033
-0.010763
0.003196
-0.004157
0.000953
0.002852
-0.005000
-0.000698
-0.000513
0.000548
0.003447
-0.000356
-0.000297
0.000047
-0.000359
0.000296
-0.000513
0.000920
0.003101
-0.000200
0.004785
0.001542
-0.001697
-0.000202
-0.000110
-0.000020
0.003381
0.000360
0.000360
0.000548
-0.002193
-0.005346
0.001326
0.002667
0.000702
-0.000449
-0.005655
0.000014
0.000953
0.003072
-0.003908
-0.000482
-0.000636
0.003758
0.004318
0.004911
-0.013226
-0.002039
-0.004157
0.003509
-0.000513
-0.000449
-0.000449
0.003540
-0.003505
-0.000572
-0.000107
0.002261
-0.003284
0.000204
-0.000297
0.003193
0.000201
0.000137
-0.000359
0.003288
0.000453
