0.010705
-0.007279
-0.010722
0.003708
-0.000615
0.001805
0.000696
0.003172
-0.004261
0.001848
0.013630
0.003166
-0.008597
0.004287
0.010933
0.001035
0.002932
-0.005130
0.002088
0.005026
-0.001952
-0.001108
-0.008080
-0.003264
0.013384
0.004022
-0.011529
-0.002143
-0.000843
-0.002432
-0.001638
-0.001903
-0.001373
-0.002722
-0.000554
-0.001638
-0.001872
-0.001638
-0.002697
-0.000578
-0.001909
-0.001367
-0.001638
-0.001638
-0.001638
-0.001872
-0.001638
-0.001638
-0.001373
-0.001903
-0.000578
0.001861
-0.001638
-0.004871
0.001571
0.002070
0.002335
0.003129
0.002045
0.009344
0.000382
0.009301
0.015768
0.006603
0.002840
0.004478
0.002864
0.002864
0.001799
0.000746
-0.000578
-0.001367
-0.002956
-0.000554
-0.001638
-0.001367
-0.001909
-0.001638
-0.001638
-0.001638
-0.001638
-0.001872
-0.005924
0.002920
-0.002968
-0.000578
-0.001638
-0.001638
-0.002697
-0.000578
-0.002956
-0.002161
0.008272
-0.008585
-0.002186
-0.000030
-0.006189
-0.003750
0.002938
0.002372
