-0.002450
0.002905
-0.003104
-0.009275
-0.001177
-0.000883
0.005354
-0.006270
-0.001144
-0.002483
-0.000328
0.000260
0.003851
0.008488
-0.009209
0.010774
0.011394
0.003199
-0.001112
0.004048
-0.001112
0.000260
-0.007283
0.004472
-0.001340
-0.002548
-0.007413
-0.000981
0.002742
0.007345
0.011362
0.015965
0.003395
0.003199
-0.000295
-0.015544
-0.004735
-0.003136
0.000652
-0.001144
-0.000915
-0.001144
-0.000915
0.000423
-0.002483
0.000423
-0.002091
-0.010875
-0.000752
-0.000752
0.016259
0.003101
-0.001112
0.006431
-0.010679
-0.009633
-0.005258
-0.000915
-0.003234
-0.005781
-0.001112
0.003199
-0.005226
0.006039
0.001207
0.014235
0.002382
-0.000915
-0.001144
-0.002907
0.003199
0.018871
-0.001405
0.000031
-0.002581
-0.001144
0.000358
0.004080
-0.007838
-0.004964
-0.013160
-0.009732
0.014725
-0.000393
-0.004964
-0.001112
-0.000915
-0.001112
0.004439
0.000031
-0.000524
0.001729
0.005256
-0.008100
-0.004311
-0.015283
-0.000589
-0.002385
0.013843
0.011394
