0.008630
-0.000816
-0.003172
-0.002061
-0.011817
-0.005463
0.003694
0.009694
-0.003172
0.010094
-0.003084
-0.008994
0.001450
-0.002973
0.003185
0.003273
-0.003150
0.008339
0.003761
0.002361
-0.002973
-0.004306
0.002361
-0.000639
-0.005396
0.004448
0.006827
0.005627
0.007604
0.019718
0.005760
0.002893
0.003581
-0.009397
-0.006595
-0.000572
0.003428
0.003428
-0.005284
-0.000661
-0.006772
0.000739
0.003295
-0.000928
-0.000928
-0.000928
-0.000928
-0.000928
-0.000684
0.003183
-0.005017
-0.001195
0.000049
-0.000594
0.002116
-0.004306
0.002472
-0.001038
0.002627
-0.003217
-0.010329
-0.003773
-0.000173
-0.004217
-0.000928
0.003428
-0.000928
0.004539
0.004806
-0.000439
-0.000906
0.004696
0.004495
-0.000684
0.003161
-0.000928
-0.004284
-0.000816
-0.002262
-0.009973
-0.000706
0.000517
0.000228
0.002562
0.000561
-0.000328
0.002450
-0.000661
-0.003661
-0.008927
-0.000550
0.000228
0.002183
-0.003883
0.002139
-0.000839
-0.003995
-0.000928
0.002428
0.000049
