-0.000283
-0.002436
0.000039
0.002121
0.005046
-0.001773
0.001690
-0.002131
0.001368
-0.000768
-0.002365
0.000040
0.000362
-0.001521
-0.000768
0.004346
0.009387
-0.006690
0.004256
0.006786
0.006786
0.006032
0.004058
-0.004052
-0.008126
-0.010674
-0.003191
-0.000103
0.002786
0.000021
-0.001324
-0.000193
0.000183
-0.005146
-0.001252
0.001888
0.000435
0.002552
-0.003029
0.002283
-0.002634
0.002426
-0.002813
0.002031
-0.003101
0.002659
-0.002885
0.002139
-0.000266
0.005153
-0.003298
-0.004160
-0.002526
0.002050
-0.001988
0.004041
0.000004
0.002965
-0.000283
-0.002724
0.005100
0.001672
-0.000068
-0.000068
0.002282
-0.005003
-0.002078
-0.002204
-0.000319
-0.000767
0.002624
-0.000570
0.000023
-0.000103
-0.001091
0.002785
-0.001665
0.001349
0.000327
0.000381
-0.004787
-0.001432
-0.000840
0.002085
-0.000139
0.000291
0.001583
-0.002633
0.000273
-0.000103
0.002408
-0.001773
0.005477
0.002139
-0.003585
-0.006402
-0.002221
0.001781
0.002749
-0.000912
