0.015759
0.003578
0.002730
-0.008082
0.000677
-0.001306
0.002734
0.000538
-0.000314
-0.003968
0.002486
-0.003363
-0.000314
0.000677
-0.000062
0.003587
0.004004
0.004018
-0.003224
0.003513
-0.001276
0.001238
0.002095
-0.005173
-0.002937
0.013908
-0.006869
0.004027
-0.004907
0.008032
-0.004445
-0.008956
-0.002506
-0.006977
0.003622
-0.000314
-0.000562
-0.000919
0.000538
-0.000314
-0.000314
0.004896
-0.005133
-0.000314
-0.005599
0.001238
0.003369
0.000499
-0.000741
-0.001702
0.001638
-0.000314
0.002913
-0.002198
0.000434
-0.001380
0.006348
-0.001019
-0.001202
0.006249
-0.012797
-0.004885
0.000325
-0.004003
0.002521
0.000573
-0.000101
0.006066
0.002769
0.004474
-0.003150
0.003869
0.004722
-0.000101
0.000464
-0.000454
-0.000954
-0.004529
-0.015920
-0.006116
0.007667
0.000995
0.000033
0.002521
-0.000175
0.000964
-0.000845
-0.000175
-0.000454
0.000677
-0.000101
0.003374
-0.003363
-0.003224
0.005535
-0.004677
0.000077
-0.004964
-0.003759
0.008484
