0.061220
-0.000927
-0.001191
-0.011414
-0.001301
0.002393
-0.004069
-0.002256
0.011110
-0.000792
0.002393
-0.004033
0.007679
-0.000547
0.004139
-0.000229
-0.001129
-0.000891
-0.005086
-0.004369
0.003845
0.002247
0.008158
0.002192
0.003600
-0.000069
-0.011443
-0.006985
0.000561
-0.000320
0.008377
-0.007830
-0.002317
0.000170
-0.001074
-0.000810
-0.000920
-0.005404
-0.002244
0.002650
-0.000192
-0.000094
0.000133
-0.001147
-0.002054
-0.000829
-0.001074
0.000623
-0.001791
-0.001147
-0.001074
-0.000810
0.002485
0.006362
-0.002391
-0.018740
-0.006004
0.001505
-0.003561
0.003502
0.004592
0.003593
-0.000865
0.000133
-0.000094
0.002277
-0.004878
0.004175
0.002993
0.000715
0.003238
0.000371
0.000126
-0.003462
-0.016724
0.003465
0.002185
-0.000229
-0.001729
-0.004314
-0.001055
0.002258
-0.004406
-0.001074
0.003392
-0.001074
0.004255
-0.000927
-0.002507
-0.010862
0.002675
-0.002219
-0.003542
-0.001184
0.000641
0.002547
-0.002299
0.004090
-0.003652
0.002583
