0.000622
0.000176
0.003873
0.000930
0.000204
-0.005496
-0.000627
-0.000347
-0.000347
-0.000347
-0.000347
-0.000055
0.000418
0.000534
-0.001915
0.005238
-0.000066
0.001084
0.000050
0.005480
0.000330
0.008770
-0.000259
0.000341
-0.001188
0.000776
-0.001315
-0.003791
0.004115
-0.005854
-0.000435
0.005023
0.000622
-0.000297
-0.000347
0.000380
0.011317
-0.005232
-0.009490
-0.002311
-0.000347
0.004115
-0.004566
-0.000193
-0.005001
-0.001722
0.004462
0.000660
-0.000105
-0.000539
-0.000105
-0.000347
0.000622
0.003147
-0.000308
-0.003433
0.006079
0.003719
-0.014304
-0.002591
0.000776
-0.000297
-0.000589
-0.000105
-0.000066
0.000341
0.004830
0.004588
0.000622
-0.004770
0.004077
0.001502
0.001309
0.007521
0.000622
-0.000347
0.004077
-0.003395
-0.008032
-0.000946
0.003554
-0.000589
-0.000105
0.000303
-0.000792
0.000341
-0.001188
-0.003648
-0.000297
-0.000347
0.004077
-0.000347
0.001502
0.002382
-0.003240
-0.007730
-0.010761
0.001056
0.001452
0.003196
