0.039058
0.002585
0.004291
-0.009132
-0.006808
0.003098
0.000713
-0.005192
0.004200
0.005832
-0.000299
0.003974
0.000682
0.001543
0.004895
0.004925
-0.000404
0.000123
-0.001779
-0.002852
-0.002625
0.007341
-0.006747
-0.001961
-0.000858
-0.006309
0.008791
-0.004784
-0.000828
-0.000994
-0.000828
-0.000828
-0.000994
0.000561
-0.002218
-0.009057
0.006133
0.008669
-0.013799
0.004170
-0.000511
-0.002036
-0.000481
-0.000828
0.000214
0.000396
0.003445
-0.004784
0.003114
-0.004090
0.006511
0.008986
-0.016774
-0.005917
-0.003621
-0.000858
-0.000828
-0.000481
-0.000994
-0.005222
0.012385
0.003748
0.006103
-0.005222
-0.000994
0.003627
0.005378
0.003491
0.003189
-0.004845
0.003401
-0.005041
-0.002535
-0.006460
-0.015142
0.000923
0.012143
-0.004693
0.003596
-0.000949
0.000396
-0.000828
-0.000828
-0.002383
-0.000828
-0.001054
0.000787
0.004321
0.000787
0.002585
-0.021408
0.005786
0.000123
-0.002066
0.000561
-0.002218
0.000396
-0.001145
-0.001900
-0.000707
