0.000248
-0.000450
-0.000450
0.004161
-0.008649
0.006528
-0.003590
0.000896
-0.001820
0.002940
-0.003415
0.000423
0.001993
-0.000574
-0.000375
-0.002269
0.001644
-0.002319
0.002715
-0.000001
-0.001048
-0.002668
0.003214
0.003613
0.000871
0.002641
0.000024
-0.000151
-0.000151
0.002566
-0.003041
0.000173
0.000398
0.002740
-0.003639
0.001768
-0.002219
0.001818
-0.000450
-0.002668
0.001943
0.000173
-0.000275
-0.000649
-0.000250
0.000896
-0.001745
0.000871
0.002690
-0.004562
0.000273
0.000448
-0.001746
0.004435
-0.002917
0.001968
-0.000225
-0.004213
0.002765
-0.000300
-0.000001
-0.000400
-0.003590
-0.000450
-0.001745
0.000871
-0.000450
-0.000624
-0.000076
-0.003839
0.003438
0.005980
-0.004437
0.005557
0.000547
0.002815
0.003937
-0.000450
-0.000450
0.002716
-0.003615
-0.000450
-0.000450
-0.000450
-0.000649
-0.005160
0.000821
-0.001123
0.003538
-0.002817
0.002366
0.000921
-0.007876
0.004111
-0.000425
-0.000923
0.002566
0.004261
-0.009072
0.004061
