-0.001448
0.003039
-0.000771
-0.001790
0.001621
-0.001252
0.000906
0.001046
-0.001956
0.001658
-0.002207
0.001824
-0.003577
-0.000474
-0.003919
0.001955
0.000406
0.001343
0.000312
0.003426
-0.000752
0.001880
0.000462
-0.001068
0.000053
0.002102
-0.002587
0.000109
0.002843
0.002445
-0.000865
-0.001327
0.001211
0.001869
-0.002561
-0.000346
0.000970
-0.005792
-0.001707
0.002640
-0.004013
0.002305
0.000090
0.000109
-0.002076
0.002215
-0.002494
0.002019
-0.000722
0.000899
-0.003216
0.002546
0.003464
-0.002598
0.000331
0.000331
0.001072
-0.002309
-0.000225
-0.000410
-0.002440
0.001267
0.000147
-0.000150
-0.000466
0.000211
-0.000744
-0.000169
-0.000447
0.000230
-0.000466
0.002001
-0.002143
0.001891
0.002648
-0.000862
0.002945
-0.001975
0.001771
-0.001918
0.000417
-0.001057
0.002982
-0.000805
-0.000399
-0.002745
0.004020
-0.003930
0.004058
0.000026
-0.002159
-0.001445
0.001203
0.002038
-0.002373
0.002129
-0.001790
0.001166
-0.000057
0.000350
