0.000195
-0.000442
-0.000442
-0.000442
0.002691
-0.003574
-0.000442
-0.000442
-0.000442
-0.000442
0.000366
0.001834
-0.002204
0.001418
0.000390
-0.002767
-0.000148
0.005358
-0.002987
-0.000760
0.000341
-0.000026
-0.000417
0.004624
0.004184
-0.000760
0.002642
-0.000711
-0.002179
-0.001249
-0.002889
-0.000931
0.008907
-0.001616
-0.005238
-0.002302
0.005358
-0.002179
0.001516
-0.002277
0.002397
0.000195
-0.000442
-0.004064
0.003278
-0.000442
-0.000442
0.004110
-0.000515
-0.000222
0.000023
-0.003403
-0.001396
0.002740
-0.000442
0.000341
0.000096
-0.000026
-0.003183
0.002691
-0.005189
-0.000319
-0.002889
0.002030
-0.000564
-0.002791
0.002520
-0.000246
-0.000442
-0.000613
0.003670
0.002789
0.000366
0.000244
-0.000442
0.000953
0.003498
0.002666
0.000341
0.001883
-0.000442
-0.000442
-0.000491
-0.000442
-0.003550
-0.000442
-0.001029
-0.001078
-0.002204
-0.000760
-0.001103
-0.002889
0.003278
0.000537
-0.000785
0.000537
-0.000368
-0.000417
0.002936
-0.001127
