0.000202
-0.000409
-0.000455
-0.000409
0.002712
-0.003528
-0.000455
-0.000221
-0.000642
0.002569
-0.003433
0.002617
-0.002753
0.000225
-0.000336
-0.000196
0.002245
-0.000735
0.000605
-0.000053
-0.000123
0.000672
-0.001953
0.000883
-0.002257
0.005783
0.003793
0.002362
-0.002609
0.000413
0.001542
-0.002917
0.002599
0.000130
-0.003571
0.000063
0.002457
-0.002846
0.002457
0.000038
-0.000267
0.000059
-0.000923
0.000247
-0.000619
-0.000996
0.000344
-0.000409
0.003299
-0.004115
0.000296
0.001842
-0.002542
-0.000573
-0.000362
-0.000994
0.003465
-0.000947
0.000322
-0.002611
0.002457
0.000603
0.001706
-0.000267
0.000953
-0.006811
-0.005660
0.000791
-0.000500
0.002640
0.000976
0.005081
-0.000336
0.000130
0.000625
-0.000409
-0.000360
0.000247
0.000227
0.003391
0.002571
0.000247
0.001939
-0.002121
0.001447
-0.004279
-0.007419
0.003439
0.000229
0.000344
0.001777
-0.002095
0.001891
-0.000595
-0.002095
0.002217
-0.000243
-0.000245
-0.000455
-0.001018
