0.000214
-0.000436
-0.000262
0.000189
0.001935
-0.003182
0.002410
-0.002582
-0.001011
-0.000411
0.000664
-0.000285
-0.001036
0.003186
-0.003081
0.002587
-0.000058
-0.002854
0.001613
-0.003606
0.002736
-0.002258
0.005507
-0.001585
0.003485
0.002738
0.000018
-0.000209
0.000714
0.002759
-0.001236
-0.003506
-0.001282
0.004034
-0.000861
0.000963
-0.003432
-0.001433
0.003087
-0.000436
0.000489
-0.003781
0.002984
-0.000436
-0.000436
-0.000436
0.000961
-0.001284
-0.000436
-0.000636
0.000538
-0.001410
-0.000262
-0.000611
0.000262
-0.000411
-0.000110
-0.000661
0.002162
-0.002132
0.003539
-0.000908
-0.002879
-0.001709
-0.003581
0.001487
-0.002208
-0.000361
0.002635
-0.000262
0.004783
-0.001183
0.003485
0.000262
0.002810
-0.002658
-0.000436
0.006281
0.000262
-0.000262
0.000340
-0.001236
0.000189
-0.001236
-0.004379
-0.000133
-0.000933
0.001364
-0.000133
-0.000085
0.001613
-0.002306
-0.000161
0.001937
-0.000285
-0.000487
-0.000361
-0.000710
-0.000011
-0.000236
