0.000179
-0.000455
0.002444
-0.005506
0.004687
-0.000455
-0.002018
0.002331
-0.002811
0.002353
-0.000071
-0.002675
0.002149
-0.000025
0.002421
-0.002947
0.000156
0.003192
-0.004759
-0.002426
0.003328
-0.003944
0.011935
-0.000953
0.000360
-0.000773
-0.000365
-0.000048
-0.000365
-0.000048
-0.002902
-0.000953
0.002738
0.000677
-0.001022
0.000020
0.000451
-0.000274
-0.000274
-0.000433
-0.000433
0.002444
-0.000410
-0.000455
0.002489
-0.001067
0.001198
-0.000206
-0.003151
0.002376
-0.002743
0.002127
-0.000999
-0.000048
-0.002041
-0.000071
0.005298
-0.002629
-0.004872
-0.001067
-0.000546
-0.000546
-0.002403
0.001719
-0.000433
-0.000410
-0.000183
0.004777
0.002286
-0.001406
0.001561
-0.001271
-0.000115
-0.000002
0.001719
-0.000410
0.004211
0.002422
-0.000410
-0.002381
-0.000025
0.001312
-0.002992
-0.001361
-0.006096
-0.000387
0.001764
-0.002109
0.002512
-0.000139
-0.000139
-0.000206
0.002331
-0.000139
-0.000274
-0.002608
0.000043
0.002263
-0.000297
-0.000297
