0.000108
-0.000277
-0.000615
-0.000446
0.002619
-0.002834
-0.000929
0.002377
-0.002570
0.001678
-0.002232
-0.000350
-0.001267
0.003053
-0.002885
0.001532
0.000639
0.000154
0.002256
-0.003150
-0.000616
0.000587
0.004765
0.002472
-0.000159
0.000782
-0.000230
-0.001099
0.000080
-0.000328
0.002568
-0.002329
-0.000374
-0.000859
-0.000087
0.002952
-0.000493
-0.000422
-0.000277
-0.000495
0.000231
-0.000929
-0.002860
0.003029
-0.000446
-0.000446
-0.000446
0.002860
-0.002763
-0.000036
0.005197
-0.003031
-0.002716
0.002711
-0.000787
0.000613
-0.000015
0.000033
-0.001195
-0.004332
-0.000541
-0.000350
0.000062
-0.003341
0.001822
-0.000350
-0.000710
0.001774
0.006382
-0.003439
-0.001943
0.008385
-0.004258
-0.000084
0.000471
-0.000350
0.006480
0.000424
-0.000495
-0.000638
-0.000253
-0.000374
-0.000615
-0.000348
-0.002522
-0.003707
-0.000087
-0.000159
0.000685
-0.000015
-0.000859
0.000613
0.002542
-0.002184
0.002643
-0.001074
0.000231
-0.000446
-0.000446
-0.000905
