0.000215
-0.000428
-0.000428
-0.000428
-0.000253
-0.000600
0.002703
-0.002869
-0.000475
0.000240
0.001446
-0.002227
0.001446
-0.000425
-0.000080
-0.000278
-0.000203
0.000489
-0.003406
0.002876
-0.003434
0.005839
-0.003164
0.004725
0.004477
0.000489
-0.000593
-0.003061
0.002558
0.000659
0.002019
-0.002744
0.002188
-0.002646
0.001549
0.000707
-0.001512
-0.002227
-0.000403
-0.000425
0.001964
-0.000600
0.000362
-0.000967
0.000065
-0.000155
-0.000428
0.000289
-0.000945
0.000707
-0.000822
0.001866
-0.000425
-0.002819
0.002386
-0.000525
-0.002249
0.001471
-0.000278
0.000587
-0.002739
-0.000995
-0.000428
-0.001907
-0.000720
0.003373
-0.003856
-0.000278
0.000437
0.007983
-0.001907
0.001396
-0.000428
-0.000375
-0.000428
0.000262
-0.000155
-0.000700
0.007885
-0.000528
-0.000155
0.000042
-0.001262
-0.000772
-0.003631
-0.000743
0.000639
-0.000620
0.002681
-0.003236
0.002211
-0.000400
-0.002152
0.001791
-0.000303
-0.002619
0.002506
-0.000428
-0.003361
0.002114
