-0.228800
-0.038339
-0.020316
-0.001704
-0.007120
0.006084
0.004542
0.002486
0.001616
0.000471
0.010235
0.005296
0.011332
0.003411
0.007035
-0.001254
0.002080
-0.004311
0.002963
0.008076
0.004175
0.004677
0.005823
0.004677
-0.000121
0.008168
0.003793
0.002475
0.005203
0.002897
0.004320
0.002119
0.001078
0.002989
-0.005695
0.002449
0.000802
0.004914
0.005388
0.008406
0.008525
0.009763
0.002963
0.004729
-0.001452
0.001948
0.002844
0.001935
0.006416
0.006350
-0.007409
0.000855
0.000736
0.004360
0.005032
0.004953
0.005507
0.000762
0.004320
0.000367
-0.002308
-0.001794
-0.004232
-0.007632
-0.002479
-0.000002
0.003478
0.009921
0.006165
0.003583
0.003372
-0.005788
-0.001044
0.004492
0.011977
0.005559
-0.003349
0.004690
0.006218
0.008920
0.003029
0.003081
-0.004391
0.003714
0.004281
0.006719
0.010541
0.006785
0.005546
0.002673
0.002765
-0.005274
0.003635
0.002357
0.002778
0.002370
0.001685
0.002594
0.004795
0.004742
