-0.133817
-0.029558
-0.009511
0.004971
-0.003644
0.005550
0.004539
0.004167
0.003584
0.005318
0.011056
0.005115
0.001968
0.003587
0.003268
-0.005744
0.000932
-0.006572
-0.009557
0.003598
0.005083
0.007338
0.009213
0.006038
-0.001399
0.004612
-0.000820
-0.009909
0.002372
0.003671
0.003148
0.008405
0.011172
0.002376
0.004795
-0.003636
-0.009543
-0.009016
-0.006720
0.000518
0.002561
0.000454
0.003365
0.001989
0.006020
-0.000234
-0.000735
-0.000434
0.002980
0.002523
0.014456
0.004630
0.002379
-0.010474
-0.002176
0.000634
0.008163
0.001993
0.000619
-0.003310
-0.008851
-0.003179
0.005515
0.003903
0.013076
0.003331
0.004707
0.002060
-0.006727
0.000918
0.005511
0.002337
0.000823
0.002923
0.002986
-0.002509
-0.007864
0.001112
0.006498
0.012159
0.002404
0.002235
0.002070
0.003967
-0.010492
0.003903
0.002112
0.004419
0.008405
0.007541
0.004044
0.005614
-0.002966
-0.011071
0.002467
-0.003812
0.002260
0.002572
0.005107
0.008138
