-0.044019
-0.006230
-0.011700
-0.011585
0.000914
-0.009362
-0.000040
0.004578
0.010964
0.001905
0.001346
-0.003018
-0.010873
-0.002981
0.003835
0.006721
0.011416
0.003142
0.001581
-0.000489
0.003945
0.006111
0.009466
0.003488
0.003032
-0.001262
-0.011645
-0.000504
0.004048
0.004086
0.004756
0.006603
0.002936
0.002821
-0.000386
-0.005916
-0.001545
-0.003161
0.000129
-0.000441
0.002779
0.000621
-0.004406
0.000370
0.000375
-0.006162
0.003175
0.004126
0.004166
0.007416
0.003536
0.002736
-0.013590
-0.000612
0.002492
0.002259
0.000987
0.004879
0.006249
0.006939
0.001559
-0.001573
-0.008265
-0.002712
0.000553
0.003531
0.007855
-0.003232
0.001496
-0.003322
-0.006193
-0.006208
-0.009874
-0.003382
0.000482
0.000274
0.000738
0.006023
0.007403
0.002801
0.003614
0.004066
0.002136
0.003160
-0.005294
-0.011297
0.002166
-0.001111
0.003047
0.002470
0.008989
0.003506
0.004417
0.003293
-0.007550
0.000023
0.000949
-0.006624
0.000139
0.000952
