0.003732
-0.000422
-0.000380
-0.000657
0.000572
-0.001703
0.000346
-0.002379
0.001733
-0.010692
-0.001116
0.003130
0.006814
0.000682
-0.003335
0.002650
0.001754
0.006581
0.002459
0.001895
0.003588
-0.005749
-0.002667
0.000551
0.002998
0.000265
-0.002901
-0.002995
0.001738
0.001217
0.001893
0.007863
0.005779
0.001832
0.002944
0.000232
-0.003421
-0.008551
0.000895
0.004199
0.005040
-0.007096
-0.003912
-0.000084
-0.001155
0.002126
0.003004
0.009003
-0.000583
-0.010107
-0.005285
-0.000791
-0.001064
-0.000380
-0.000749
0.001182
0.001651
0.002980
-0.001923
0.000855
-0.000788
-0.001423
-0.009672
0.003180
0.002228
0.008293
0.002739
0.002383
-0.012346
-0.001470
-0.001960
0.005603
-0.000319
-0.000697
0.000855
-0.006256
-0.003260
0.001922
0.007750
0.007404
0.000996
-0.002010
-0.005810
0.002652
0.002317
0.000886
-0.001197
-0.001464
-0.005304
-0.010836
-0.003815
-0.001197
-0.000104
-0.001270
0.007404
0.007003
-0.007371
-0.000744
0.000309
0.001303
