-0.034295
-0.016513
-0.009725
-0.002429
-0.001033
-0.010391
-0.004262
0.002643
0.007769
0.004249
0.000450
-0.000220
0.004870
0.005791
0.003354
-0.004749
-0.005897
-0.007422
-0.000047
-0.001742
0.002320
-0.001005
0.008215
0.004164
-0.006793
0.001757
0.000454
-0.000769
0.002398
0.000321
-0.000897
-0.004259
0.000693
0.000850
-0.001646
0.000570
0.008822
0.001222
0.003490
0.000863
-0.001149
-0.000223
-0.003111
0.000961
0.000709
-0.000633
0.007211
0.003202
-0.000500
0.004989
-0.001562
-0.006781
0.001622
0.000701
0.000896
0.004237
0.003108
0.002084
-0.004759
0.003927
-0.004958
0.002279
0.003798
0.003452
0.002048
-0.000823
-0.003404
-0.003053
0.005213
-0.000239
0.006660
-0.003621
0.003225
0.007154
-0.000340
0.003216
-0.001375
-0.000438
-0.001899
-0.002931
0.000901
0.000124
-0.000454
0.000505
0.005159
0.003374
0.004890
0.000774
-0.000555
0.001643
-0.003119
-0.000687
0.000424
-0.002404
0.003208
-0.002614
0.006063
-0.003317
0.002073
0.003949
