-0.010157
-0.000592
-0.001864
-0.003939
-0.000586
-0.010343
-0.001839
0.001223
0.003399
0.007357
0.002301
0.001436
-0.010436
-0.004509
0.004678
0.003314
0.009205
0.002625
-0.001045
-0.000050
0.005001
0.009910
0.004006
0.004006
-0.000853
-0.011310
0.001134
0.003799
0.002419
0.006255
0.003686
0.002504
0.002217
-0.007257
-0.002690
-0.000618
-0.002297
-0.001476
0.004836
-0.001761
-0.002365
-0.002746
-0.000274
-0.002373
-0.007575
0.002474
0.003182
0.006638
0.004970
0.002590
0.000253
-0.005599
-0.007091
0.000751
0.002393
0.002199
0.000936
0.006840
0.005472
0.001542
-0.000045
-0.002782
-0.004284
-0.009549
-0.006173
-0.004221
-0.002154
-0.001168
0.003096
0.007931
-0.000548
-0.001884
-0.000687
-0.004508
-0.006982
-0.006843
-0.002213
0.000933
0.001321
0.003601
0.008505
0.002608
0.002819
0.001514
0.002910
-0.006491
-0.007469
0.002407
0.001825
0.000646
0.010565
0.003309
0.003999
-0.003198
-0.003536
-0.002761
0.002675
-0.005116
-0.003547
0.001589
