-0.076084
-0.010852
-0.007211
-0.002303
-0.002873
0.002220
-0.011674
-0.003201
0.001404
0.004556
0.006291
0.003370
0.000083
-0.007553
0.000171
-0.001649
-0.000545
0.000229
0.003777
0.006075
-0.001789
0.000479
0.001759
0.000445
-0.006559
0.000119
0.002743
0.004152
0.007443
0.002299
-0.006225
-0.001671
0.002343
-0.004739
0.002636
0.004042
0.004431
0.008937
0.002541
0.002537
0.003315
0.003363
-0.008246
-0.002834
0.002769
0.007616
0.004776
-0.000549
-0.001135
0.004225
-0.008577
-0.003598
0.002306
0.002919
0.006236
0.004787
0.000457
0.002207
0.002031
-0.004112
0.000673
-0.001914
-0.004853
0.001150
0.003579
0.000556
0.000186
0.006644
0.005759
0.001921
0.000508
0.001183
-0.006731
-0.000384
0.001612
-0.001286
-0.001415
0.004658
0.000405
-0.000398
0.003514
0.005164
0.000919
0.002534
-0.010437
0.004203
-0.002952
0.002321
0.002468
0.001011
0.005422
0.006768
0.003114
0.002266
0.002618
-0.003964
0.002662
0.004167
0.002108
0.006130
