-0.105905
-0.040666
-0.027176
-0.006450
-0.006379
-0.003563
0.002031
0.003408
0.008256
0.004642
0.008470
0.003103
0.004246
-0.011665
-0.005776
0.002057
-0.003674
0.000871
0.000641
0.001801
0.002907
0.008086
0.005571
0.000277
0.005840
0.005518
0.005540
0.004290
0.004499
0.004454
-0.003215
0.000582
0.004511
0.001920
0.006395
0.007945
0.003993
-0.005189
-0.000185
0.001824
0.005048
0.008214
0.004780
0.001974
-0.000763
-0.006235
-0.005248
0.000533
-0.002810
0.002505
0.003433
0.003439
0.002387
-0.000323
-0.003229
-0.008046
-0.000199
0.004194
0.003147
0.005795
0.009255
0.003147
0.000974
-0.003387
0.004225
0.010474
0.003116
-0.000423
-0.000787
0.000375
0.005150
0.005727
0.003458
0.006177
0.001792
0.001796
0.001258
0.004174
0.003041
0.000522
0.001046
0.001382
0.002805
-0.000055
0.000449
0.000163
-0.009729
-0.000431
0.004180
0.000573
0.002579
0.010497
0.004502
0.003311
0.003521
-0.003206
-0.005936
0.002833
0.003461
0.005563
