0.000171
-0.000182
-0.000182
0.001512
0.002117
0.000096
-0.000400
-0.003355
-0.000824
-0.000182
-0.000193
-0.000182
-0.000182
-0.000193
-0.000182
-0.000182
-0.000182
-0.000193
-0.000182
-0.000182
-0.000193
-0.004473
0.004300
0.004679
-0.000193
-0.000182
0.004679
0.003307
-0.003490
-0.000182
-0.000182
-0.000193
-0.000182
-0.000182
-0.000193
-0.000182
-0.000182
-0.000193
-0.000182
-0.000182
-0.000182
-0.001800
-0.002587
0.000048
-0.000015
0.000060
0.002976
0.000197
-0.000193
-0.000075
-0.000289
-0.000176
0.006759
0.003392
-0.001855
-0.000193
-0.000182
-0.002218
-0.001601
0.000988
-0.001502
-0.005584
-0.000193
-0.000182
-0.000182
-0.000193
-0.000610
0.004931
0.003858
-0.000092
-0.000182
-0.000182
-0.000193
-0.000182
-0.004531
-0.000941
-0.005808
0.001431
-0.001780
0.001405
-0.000182
-0.000182
0.002335
0.006117
-0.000182
-0.000182
-0.000556
0.000181
0.001490
-0.007539
-0.000011
-0.003388
-0.000850
-0.000193
-0.000182
-0.000257
-0.000513
0.005375
0.003233
-0.000166
