0.005435
0.001910
-0.002077
0.000017
0.000272
0.001355
-0.002090
-0.003868
-0.006238
0.000143
-0.001561
-0.000498
-0.000237
-0.000110
-0.000117
0.003260
0.002700
0.004015
0.000319
0.000399
-0.000518
0.001763
0.000010
0.000718
0.001948
-0.003195
0.000162
0.000010
0.001141
-0.001589
-0.000364
-0.000217
-0.000204
0.000399
-0.000618
-0.000117
-0.000110
-0.000110
-0.000117
-0.000110
-0.000110
-0.000117
0.000466
0.006538
0.003260
0.001890
-0.002109
-0.000117
0.000399
-0.000618
-0.000224
-0.000002
-0.000117
-0.000002
-0.000217
-0.000117
-0.000538
0.000319
0.001883
-0.002109
-0.000538
-0.000478
-0.001636
0.001936
0.000712
-0.000110
0.001890
-0.002117
-0.000110
0.002418
0.005367
0.003248
-0.000899
0.000010
-0.000999
-0.003285
-0.012243
-0.004302
0.000620
-0.001990
0.000272
-0.000618
0.002411
0.007823
-0.000110
0.000391
0.001362
-0.001962
0.001736
-0.002090
-0.002772
-0.005354
-0.003066
0.000399
-0.000117
-0.000491
0.001763
-0.001649
-0.000498
0.004799
