0.001826
0.000947
0.000902
0.000947
0.000902
0.000947
0.000198
-0.000900
0.003632
-0.000812
-0.005258
-0.000857
-0.000900
-0.000857
-0.000900
-0.000857
-0.000900
-0.000857
-0.000900
-0.000857
-0.000900
-0.000900
-0.000857
-0.000900
-0.000857
-0.000900
-0.000857
0.003677
0.003632
-0.000812
-0.000900
-0.000857
-0.000900
-0.000857
-0.000900
-0.000857
-0.000900
-0.000857
-0.000900
-0.000857
-0.000900
-0.000900
-0.000857
-0.000900
-0.000857
-0.005258
-0.000857
0.003677
-0.000857
-0.000900
-0.000900
-0.000857
-0.000900
-0.000857
-0.000900
-0.000857
0.008254
0.000902
0.000947
0.000902
0.000947
0.000947
0.000902
-0.005312
-0.004633
-0.000900
-0.000857
-0.000900
-0.000857
-0.000900
0.004205
0.004336
0.000947
0.000902
0.000947
0.000902
0.000947
-0.004072
-0.004290
0.000902
0.000947
0.000947
0.000902
0.000947
0.003720
0.005524
0.000902
0.000947
0.000902
0.000947
0.000947
-0.003050
-0.003594
-0.001344
0.000947
0.000902
0.000947
0.000902
0.000947
0.007418
