0.005448
-0.000214
-0.000214
-0.000214
-0.000214
0.001807
-0.007491
-0.003501
-0.002770
-0.000305
0.000025
0.000431
-0.000873
0.000522
0.009495
0.000761
-0.000763
-0.000305
-0.000214
-0.000305
-0.002364
-0.001829
-0.007242
-0.000195
0.001860
-0.001719
0.000116
-0.001150
0.003317
0.007030
-0.000214
0.001826
-0.000214
-0.002178
-0.000085
0.001368
-0.008298
0.001697
-0.006769
-0.000582
-0.000615
0.000670
-0.000271
-0.000157
0.000097
0.002476
0.007508
-0.000228
-0.000066
0.001583
-0.002049
-0.001686
0.001626
0.000082
0.001587
0.005138
-0.000195
-0.001370
-0.006148
-0.000472
0.000393
0.001000
-0.000137
-0.001719
0.001071
-0.001738
-0.000931
0.000173
0.000154
0.001000
-0.001332
-0.000281
0.000106
0.007713
0.001607
0.000355
-0.000324
0.000226
0.001387
-0.000176
-0.001776
-0.000797
0.000173
-0.000797
0.000264
-0.000615
0.000245
-0.000524
0.001793
-0.007233
-0.000472
-0.000434
0.005118
-0.000214
-0.000214
-0.000214
-0.000214
-0.000214
-0.000214
0.004803
