0.011147
-0.001189
0.003782
-0.011662
0.001830
0.001323
0.003934
0.015882
0.008227
0.003044
0.001112
-0.006789
-0.006868
-0.002364
0.000129
-0.001204
-0.007237
-0.007620
0.000129
-0.001032
-0.002364
-0.000761
-0.000314
-0.002192
-0.000643
0.010779
-0.002015
-0.006155
-0.006170
-0.000201
0.001791
0.000596
-0.000102
-0.001646
0.004903
0.000768
0.003280
0.000114
0.002140
-0.000973
-0.001105
-0.003815
0.002548
-0.001032
-0.001282
0.000129
-0.001204
0.000050
-0.002285
-0.001032
-0.000742
-0.001494
0.003743
-0.001184
-0.004646
-0.002364
-0.001032
0.003571
-0.005246
-0.000432
0.002410
-0.005246
-0.000683
0.002661
-0.004587
0.002390
-0.001105
0.003182
0.007244
0.000247
0.000498
-0.003288
0.000306
0.003089
-0.003795
-0.007291
0.005134
0.002818
-0.004685
-0.001032
-0.001204
0.003162
-0.002074
-0.004336
-0.008741
-0.001032
-0.000333
-0.002192
-0.003156
-0.007468
0.003005
0.004745
0.015882
0.007337
0.003836
-0.004375
-0.004243
0.002582
0.002754
0.011029
