0.001954
0.006084
0.004220
-0.000612
-0.000612
-0.007612
-0.005879
-0.000978
0.002290
0.011819
0.009220
0.005185
-0.003412
-0.003445
-0.005412
-0.000612
0.003887
-0.016479
-0.002711
-0.000612
-0.000612
-0.000313
0.000155
-0.001215
0.003686
-0.000115
0.001018
-0.001080
-0.000513
0.000116
-0.000681
-0.004450
0.003917
0.005785
0.004187
0.005182
-0.003313
-0.000513
0.002385
-0.000415
-0.003412
-0.000648
-0.000612
-0.000612
0.003920
-0.000313
-0.000612
-0.000714
-0.000612
-0.000612
-0.000612
-0.000612
-0.000714
-0.000612
-0.000612
-0.000612
0.000587
0.003021
-0.003547
0.002286
-0.003946
0.002820
-0.000148
-0.004279
0.002784
0.002487
-0.000513
0.002787
-0.003679
0.011417
-0.002516
0.000952
0.000653
-0.000513
0.002253
-0.006113
0.002451
-0.001581
0.000554
0.002787
-0.003913
0.002988
0.000485
-0.006479
-0.002612
-0.005145
0.003920
-0.005744
-0.012846
0.003953
0.001318
0.012284
0.005854
-0.000612
-0.011081
-0.003610
-0.000612
-0.000612
-0.000612
0.010584
