0.011753
-0.000364
-0.001041
-0.010489
0.000353
-0.000092
0.011248
0.011959
0.001541
-0.000125
-0.012964
-0.000941
-0.000636
-0.000636
-0.000636
-0.006992
-0.005765
-0.000636
-0.000503
-0.000636
-0.001857
-0.000636
-0.000636
0.005914
0.005509
-0.000636
-0.011710
0.002828
-0.004272
-0.001857
0.000751
0.005442
-0.000164
0.009178
0.000552
-0.000231
0.000785
-0.000164
-0.000675
0.002317
-0.000536
0.000074
0.000519
-0.000364
-0.000636
-0.000636
-0.000742
0.000585
-0.001857
-0.000636
-0.000636
-0.000636
-0.000636
-0.000470
-0.000908
0.000452
-0.000636
-0.001452
-0.000908
0.000452
-0.001724
0.004182
-0.004338
-0.000364
-0.000092
0.008223
-0.003562
-0.000231
0.006292
0.002849
0.002045
-0.000337
-0.001319
-0.000436
-0.000841
-0.004982
0.005436
0.003034
0.000008
-0.001147
-0.000125
-0.001147
-0.004438
-0.003794
-0.005566
-0.000636
-0.000636
-0.000636
-0.012420
-0.002467
0.001268
0.011859
0.010054
-0.004133
-0.000636
-0.002606
-0.006203
0.000996
0.003306
0.010027
