0.007882
0.002448
-0.000432
-0.011627
-0.000946
0.001218
0.007586
0.006931
0.001810
0.004129
-0.006099
-0.007578
-0.001834
-0.000899
0.000704
-0.007470
-0.007158
-0.000651
0.000424
-0.001274
-0.000153
-0.000603
0.000175
0.002479
0.006854
-0.006582
-0.005337
-0.001226
-0.000121
0.002231
0.004846
0.001623
-0.000759
0.004098
0.001062
0.005267
-0.000946
-0.005243
-0.000651
-0.000463
0.003585
-0.004870
0.002775
-0.000853
-0.001086
0.000720
-0.001149
0.000408
-0.000759
-0.000386
0.000268
0.002837
-0.000651
-0.004372
-0.000759
-0.000651
-0.001522
0.000408
-0.000821
-0.001351
-0.001211
-0.000651
0.004021
-0.004341
0.005656
-0.000261
0.004129
0.004021
-0.003328
-0.000463
0.007898
-0.000557
-0.000167
-0.000355
-0.005835
0.000752
0.002183
-0.000121
-0.000759
0.000237
-0.001055
0.000299
-0.002426
-0.011019
-0.001569
-0.000915
-0.000759
-0.007049
-0.001180
0.002214
-0.000932
0.013611
0.010263
0.003319
0.003475
-0.005991
-0.006847
-0.004947
0.007882
0.007290
