0.011414
-0.003595
0.003795
-0.003086
-0.010760
-0.000225
0.004848
0.007430
0.006007
0.003875
-0.001138
-0.011804
-0.000559
-0.000479
-0.000559
-0.001892
-0.010101
-0.001787
-0.000559
-0.000479
-0.000559
-0.000479
0.004050
-0.004034
0.006112
0.003041
0.000599
-0.010855
-0.001138
0.002856
-0.003141
0.002277
0.000055
0.006666
0.001109
0.004953
-0.001078
0.003980
-0.000314
-0.000479
-0.003894
-0.000734
0.003171
0.000784
-0.000524
-0.000479
-0.000304
-0.000479
-0.000559
-0.000479
-0.000190
-0.000559
-0.000769
-0.000559
-0.000190
-0.000594
-0.000734
0.004085
-0.004868
0.000345
-0.001638
-0.000559
0.004199
-0.003755
0.000030
0.004030
0.004559
0.005103
-0.003166
0.004943
-0.000998
0.000634
0.002856
-0.004843
-0.004763
0.004030
-0.000060
0.004085
0.000934
-0.000559
-0.000479
-0.000559
-0.000769
-0.012822
-0.000769
-0.000559
-0.000479
-0.001428
-0.012163
-0.000849
0.000829
0.010650
0.007720
0.004304
-0.000479
-0.006511
-0.007115
-0.000559
0.004164
0.006376
