0.003026
0.012552
-0.001786
-0.000325
-0.010612
-0.002384
-0.000325
0.000205
0.003160
0.013613
0.006511
-0.000956
-0.004306
-0.008456
-0.000591
-0.000591
-0.000689
-0.000890
-0.011509
0.002794
-0.005468
-0.000591
-0.000325
0.000604
0.002794
-0.002315
0.006146
-0.010911
0.004188
-0.000224
0.000472
0.000008
0.004058
-0.000025
0.000803
0.004255
0.001070
0.000938
-0.000558
-0.000558
0.002894
-0.000623
-0.000292
0.000172
-0.000591
-0.000656
-0.000292
-0.000591
-0.000591
-0.001786
0.000506
-0.000591
-0.000591
-0.000591
-0.000689
-0.000591
0.004221
-0.005104
-0.000988
0.004221
-0.005104
0.003922
-0.004108
-0.000856
0.000339
0.003492
0.001005
0.002662
0.001135
-0.000325
0.001335
0.005184
0.002662
-0.003245
-0.000491
-0.001684
-0.004937
0.005218
0.002794
-0.001153
-0.003345
0.002993
-0.000591
0.000506
-0.000591
-0.011045
-0.002848
-0.000424
0.000537
-0.007792
-0.002250
-0.004108
0.011390
0.010826
0.000736
-0.008554
-0.009584
0.005947
-0.000459
0.010561
