-0.131616
-0.010413
-0.005184
0.003436
0.001378
0.001266
0.001266
0.001266
0.001378
0.001779
0.001310
0.002774
-0.000928
0.003504
-0.000971
0.001112
0.000865
-0.000451
-0.001367
-0.004098
0.004005
0.008559
-0.008765
-0.000279
0.008844
0.000463
-0.003061
0.011279
-0.001088
0.005198
0.001823
0.001464
0.003981
0.002288
0.002343
-0.006514
0.000543
0.001050
0.003338
-0.008307
0.003146
0.000390
0.003869
0.003707
0.001662
0.004652
-0.011336
-0.001090
0.011780
-0.002647
0.003596
0.003393
-0.000038
-0.000421
0.001446
0.001397
0.002904
0.002083
0.001001
0.001532
0.001711
0.000933
0.002237
0.001025
0.003623
0.002516
0.001936
0.002806
0.002533
-0.003480
0.001866
0.004241
0.004529
0.001440
0.000803
0.003393
0.000241
0.003932
0.002047
0.002028
0.003628
-0.002392
0.004561
0.000971
0.001787
0.003449
0.001792
0.000471
0.001936
0.001768
-0.000328
0.001917
0.001193
0.001093
0.004135
0.004190
0.003615
-0.001749
0.000154
0.002953
