-0.084110
-0.009262
0.000108
-0.003204
0.001065
0.001346
-0.000596
0.001384
0.004634
0.000117
-0.002012
0.003359
0.002742
0.001475
-0.002389
-0.001271
0.000999
-0.000380
0.003446
0.000671
-0.006000
0.001909
0.006042
-0.001171
0.001587
0.002593
0.001168
0.000502
-0.000211
-0.001478
0.003230
0.004141
0.003914
0.000117
0.000763
0.000791
0.000738
0.000717
-0.002331
0.003512
0.001214
0.000502
0.000456
0.001065
0.002667
-0.001664
0.002705
-0.001710
0.002816
-0.002227
0.007582
0.001992
-0.003681
-0.000501
0.005781
0.008746
0.001657
0.000514
0.004059
0.001487
-0.007685
-0.001287
0.005156
-0.003884
-0.008923
0.006431
0.002415
0.000932
-0.002778
0.002481
0.004344
0.003831
0.000295
0.002539
0.012150
0.001292
-0.012571
0.000063
0.003562
0.012431
0.000493
-0.005031
-0.005118
0.010171
-0.010592
-0.002331
0.002518
-0.002227
0.000502
-0.000277
0.000999
0.002957
0.001065
0.001636
-0.004140
0.001222
0.000034
0.013463
-0.006314
0.008063
