-0.208752
-0.067666
-0.038730
-0.009413
-0.003697
-0.000570
-0.003609
-0.009366
-0.001320
0.005531
0.000722
0.001037
0.004417
-0.002958
-0.001313
0.004518
0.000556
0.004041
0.005148
-0.000286
0.001607
0.008690
0.006409
-0.001109
-0.001152
0.001703
0.012121
0.002753
-0.003929
0.002292
0.011126
0.005272
0.005679
0.003732
0.006250
0.006250
0.003520
0.003172
0.004123
-0.001968
0.005861
0.007542
0.004518
-0.000117
0.004601
-0.001197
0.002906
0.009152
-0.004434
0.003299
0.009109
0.009628
0.004166
0.003914
0.002877
-0.001982
-0.000861
0.013058
0.005342
0.003620
0.004166
0.004532
0.004321
0.006309
0.002697
0.004473
0.004558
0.005943
-0.001914
0.002106
0.004865
0.003632
0.002106
0.005636
0.008774
0.006559
0.003575
0.002315
0.004219
-0.001859
0.005845
0.006182
0.002695
0.003338
0.005467
0.002231
0.007148
0.003787
0.006041
0.004389
0.000564
0.004961
0.005536
0.003800
0.003591
0.001628
0.002720
0.002640
0.008227
0.006366
