-0.107506
-0.021412
-0.013137
-0.001297
-0.011985
0.004731
0.005839
0.002869
0.004664
0.001216
0.001178
-0.001502
0.004162
0.002131
0.000440
-0.002994
-0.004057
-0.009848
-0.010350
0.004762
-0.005993
0.004110
0.010736
-0.007522
0.001031
0.015610
0.007737
-0.003223
-0.012145
0.003114
0.009443
0.009841
-0.001901
0.001842
0.008453
0.004015
0.003210
0.001732
0.003181
-0.002795
0.001695
-0.007935
-0.006059
0.002021
0.006961
0.007250
-0.000955
-0.004322
0.006511
0.010011
0.008970
-0.001679
0.002102
-0.004397
-0.013770
0.001911
0.008320
0.005905
0.000728
0.000809
0.001363
0.000846
0.000359
0.001178
-0.001332
0.007685
0.007131
-0.002270
0.001732
0.001747
0.003276
-0.000867
0.005882
0.005484
-0.008489
-0.000342
0.005750
0.005573
0.004982
0.001444
0.001164
-0.000867
0.001444
0.004864
0.001459
0.001842
0.001998
0.001761
0.003585
0.003320
0.002656
-0.002345
0.003372
0.001562
-0.001193
0.002567
0.003409
-0.002913
0.004878
0.003845
