-0.206987
-0.063524
-0.043786
-0.006304
-0.008903
0.001628
-0.006294
0.002051
-0.006376
-0.003186
0.008154
-0.001104
0.000726
0.002540
-0.000836
-0.001312
0.004191
0.000772
0.002963
0.003999
0.005013
-0.002094
0.003056
0.013833
0.000668
-0.001179
-0.001606
0.002147
0.013746
0.002235
-0.003481
0.001062
0.009143
0.007291
0.004283
0.006388
0.005291
0.003949
0.004004
0.005225
0.003028
0.004409
-0.000117
0.004185
0.007971
0.004382
-0.001815
0.001429
0.007314
-0.002106
0.009625
-0.000494
-0.000637
0.004081
0.009264
0.009992
0.003730
0.004163
0.002557
-0.001700
-0.001492
0.009806
0.007587
0.005138
0.003051
0.005215
0.004519
0.004497
0.003922
0.004848
0.005056
0.006272
0.005144
0.001116
0.003861
0.004524
0.003927
-0.000204
0.010250
0.003379
0.003379
0.005642
0.000689
0.005472
0.002409
0.004864
0.006737
0.006288
0.003571
0.002025
0.002864
0.004524
0.005570
0.002135
0.001505
0.005729
0.001034
0.003675
0.008091
0.006733
