-0.225899
-0.066160
-0.050012
-0.018488
-0.002087
0.003515
0.003395
-0.000958
0.000706
-0.008167
0.007480
0.001296
0.008116
0.006170
0.001488
0.005129
0.005426
0.004980
0.007521
0.000759
0.003999
0.005128
0.002855
0.004489
0.003107
0.009824
0.000284
0.003746
0.005456
0.003078
0.001042
0.006347
0.006540
0.001844
0.006614
0.004177
0.004430
0.004355
0.004801
0.004147
0.002022
0.006480
0.013866
0.000075
-0.003030
0.002245
0.003553
0.004162
0.007045
0.010002
0.006599
0.001398
-0.002807
0.009334
0.001710
0.003731
0.000149
-0.000118
0.004964
0.004727
0.006510
0.000923
0.002765
0.005723
0.003018
0.002246
0.005931
0.006005
0.004682
0.005351
0.004786
0.011815
0.002497
-0.004249
0.001561
0.009497
0.006584
-0.001470
-0.000995
0.000550
0.012157
0.005024
-0.001693
0.002363
0.004132
0.004177
0.000595
0.004117
-0.001411
0.003850
0.000774
0.001858
0.005172
0.005306
0.003880
0.006272
0.005916
0.005990
0.005202
0.006005
