0.001146
-0.000329
-0.000540
-0.000434
-0.000313
-0.000555
-0.000434
-0.000434
-0.000434
-0.000434
-0.000434
-0.000434
-0.000434
-0.000434
-0.000434
-0.000434
-0.000434
-0.000434
0.005146
-0.000555
-0.000313
-0.000434
0.000108
0.001201
0.000487
0.001631
-0.000309
-0.000309
-0.000309
-0.004672
-0.000434
-0.000434
-0.000434
-0.000434
-0.000434
-0.000434
-0.000434
-0.000434
-0.000434
-0.004719
0.000744
-0.000356
-0.001504
-0.000567
0.000955
-0.001746
0.002625
0.011222
0.002831
-0.000434
-0.000434
-0.000434
-0.000434
-0.000434
-0.000434
-0.000434
-0.000434
-0.000434
-0.000434
-0.000434
-0.000434
-0.000434
-0.000434
-0.000434
-0.000434
0.000092
0.004096
0.011901
0.002863
-0.001792
-0.000403
0.000908
-0.000403
-0.000614
-0.000161
-0.001792
-0.003724
-0.000434
-0.000434
-0.000434
-0.000540
-0.002245
0.000998
0.000050
-0.000434
-0.000434
-0.003588
-0.001824
-0.000750
-0.000177
0.001013
-0.001410
0.001147
0.000362
0.002255
-0.002351
0.001482
-0.000434
-0.000434
0.003593
