0.001679
-0.000340
-0.000553
-0.000447
-0.000325
-0.000569
-0.000447
-0.000447
-0.000419
-0.000447
-0.000447
-0.000447
-0.000447
-0.000447
-0.000447
-0.000447
-0.000419
-0.000447
0.005076
-0.000340
-0.000553
-0.000340
0.001486
0.000104
0.000126
0.000555
-0.000321
-0.000321
-0.000321
-0.003549
-0.000447
-0.000447
0.001486
-0.002351
-0.000447
-0.000447
-0.000447
-0.000447
-0.000447
-0.001301
-0.003868
-0.000616
-0.000124
0.000742
-0.000368
-0.001525
0.000801
0.010901
0.004337
0.000113
-0.000447
-0.000447
-0.000447
-0.000447
-0.000447
-0.000447
-0.000447
-0.000447
-0.000419
-0.000447
-0.000447
-0.000447
-0.000447
-0.000447
-0.000447
-0.000447
0.001814
0.011130
0.005857
-0.000966
-0.000415
-0.000415
0.000907
-0.000628
-0.001529
-0.000415
-0.003399
-0.000691
-0.000447
-0.000447
-0.000447
-0.000447
-0.000447
-0.000419
-0.000447
-0.000872
-0.003202
-0.001970
-0.000644
-0.000081
0.000907
-0.002139
0.002193
0.001524
0.000351
-0.002151
0.000939
-0.000387
-0.000384
0.004041
