0.001159
-0.000452
-0.000452
-0.000482
-0.000014
-0.000889
-0.000482
-0.000452
-0.000452
-0.000452
-0.000482
-0.000452
-0.000452
-0.000482
-0.000452
-0.000452
-0.000452
-0.000482
-0.000953
0.005837
-0.002485
0.001551
-0.000452
0.000159
-0.000136
0.001728
-0.000461
-0.001479
0.001100
-0.000371
-0.002313
0.001380
-0.002313
-0.000139
-0.000419
-0.000844
0.001426
-0.002234
-0.000249
-0.004159
-0.001546
0.000739
-0.001765
-0.000436
-0.000371
-0.000436
0.003005
0.010591
0.003457
-0.000233
-0.000452
-0.000482
-0.000452
-0.000452
-0.000452
-0.000482
-0.000452
-0.000452
-0.000482
-0.000452
-0.000452
-0.000452
-0.000482
-0.000452
-0.000452
-0.000482
0.000205
0.004143
0.012313
0.001548
0.000988
-0.001844
0.000910
-0.001812
0.000956
-0.000669
-0.001594
-0.004489
-0.000577
-0.000482
-0.000185
-0.000655
-0.000279
-0.000655
-0.002001
0.001034
-0.001968
-0.002703
0.001053
-0.000260
0.000130
-0.000166
-0.000511
0.000336
0.002255
-0.000561
-0.000874
0.000049
-0.000452
0.003695
