0.003730
-0.001535
0.001283
-0.002730
-0.000445
-0.000564
-0.000326
-0.002330
0.001412
-0.000445
-0.000549
-0.000341
-0.000445
-0.000445
-0.000860
-0.004243
0.002083
-0.000265
0.001544
0.004927
-0.000326
-0.000445
-0.000326
0.001336
0.000393
0.000044
0.000302
-0.000323
-0.000323
-0.000323
-0.003547
-0.000445
-0.000445
-0.000473
-0.000445
-0.000445
-0.000445
-0.000445
-0.000445
-0.000445
-0.004883
0.000954
-0.001497
-0.000576
0.000921
-0.001735
0.000491
0.010225
0.004846
0.000385
-0.000473
-0.000445
-0.000445
-0.000445
-0.000445
-0.000445
-0.000445
-0.000445
-0.000473
-0.000445
-0.000445
-0.000445
-0.000445
-0.000445
-0.000445
-0.000445
0.002951
0.010756
0.004818
0.000000
-0.000622
-0.000177
-0.001781
-0.000415
-0.000415
-0.000458
-0.003681
-0.000445
-0.000549
-0.002226
0.000964
0.000031
-0.000445
-0.000473
-0.000445
-0.000445
-0.004868
0.000876
-0.000445
-0.001811
-0.000399
0.001104
0.000335
-0.000141
0.002126
-0.000817
0.000031
-0.000445
-0.000445
0.004112
