0.001231
-0.000386
-0.000386
-0.000386
-0.000386
-0.000386
-0.000386
-0.000386
-0.000386
-0.000386
-0.000386
-0.000386
-0.000386
-0.000386
-0.000360
-0.000386
-0.000386
-0.000386
-0.000386
0.004470
0.000046
0.000046
-0.000386
-0.000386
0.001719
0.000390
0.000058
0.000465
-0.000245
0.000906
-0.001431
-0.003552
-0.000386
-0.000386
-0.000261
-0.000510
-0.000386
-0.000386
-0.002474
-0.000489
0.000008
0.000008
0.000001
0.000008
0.000008
-0.000423
0.001949
0.008474
-0.000386
-0.000386
-0.000386
-0.000386
-0.000386
-0.000386
-0.000386
-0.000386
-0.000386
-0.000360
-0.000386
-0.000386
-0.000386
-0.000386
-0.000386
-0.000386
-0.000386
-0.000386
-0.000386
0.001016
0.010927
0.000880
-0.000090
0.000027
-0.000214
-0.000090
0.000341
-0.000090
-0.000090
-0.002642
-0.000883
-0.000386
-0.000386
-0.000493
-0.002242
0.001578
-0.000386
-0.004968
-0.000559
-0.000212
-0.000559
-0.000320
0.001611
-0.001731
0.001708
-0.001515
0.003699
-0.000386
-0.002350
0.001578
-0.000386
0.003742
