0.008262
-0.000586
-0.000803
-0.000694
-0.000573
-0.000816
-0.000694
-0.000694
-0.000694
-0.000651
-0.000694
-0.000694
-0.000694
-0.000694
-0.000694
-0.000694
-0.000694
-0.000694
0.004917
-0.000586
-0.000803
-0.000586
0.001251
-0.000157
-0.000197
0.001372
-0.000591
-0.001709
-0.000591
-0.003832
-0.000694
-0.000694
-0.000209
-0.001180
-0.000694
-0.000694
-0.000651
-0.000694
-0.000694
-0.001544
-0.004157
0.000493
-0.000630
-0.001791
-0.000846
0.001013
0.004788
0.011743
0.005264
0.003487
-0.001678
-0.001020
-0.000694
-0.000681
-0.000287
0.000779
-0.002653
-0.000803
-0.002545
0.001264
-0.001128
-0.000746
-0.000318
-0.001028
0.000766
0.001681
0.006560
0.008159
0.005641
0.001069
-0.000560
-0.000669
0.000753
-0.000669
-0.002073
-0.000669
-0.004044
-0.000694
-0.000694
-0.000694
-0.000694
-0.001084
-0.002207
0.001130
-0.000573
-0.000816
-0.005249
0.000779
-0.002220
-0.000898
0.001078
-0.001713
0.000848
0.000051
0.002018
-0.002640
0.001251
-0.000694
-0.000694
0.003401
