0.001224
-0.000381
-0.000381
-0.000381
0.000028
-0.000816
-0.000381
-0.000381
-0.000407
-0.000381
-0.000381
-0.000381
-0.000407
-0.000381
-0.000381
-0.000381
-0.000407
-0.000381
-0.000883
0.005891
-0.000908
0.000120
-0.000381
0.000120
0.001767
0.000069
0.001833
-0.001435
-0.000273
0.000923
-0.002547
-0.003233
-0.001970
0.001492
-0.000691
-0.000448
-0.000139
-0.000582
-0.000448
-0.000315
-0.000407
-0.002389
-0.000566
-0.001394
0.001139
-0.001394
0.010038
0.002881
-0.000407
-0.000381
-0.000381
-0.000381
-0.000407
-0.000381
-0.000381
-0.000381
-0.000407
-0.000381
-0.000381
-0.000381
-0.000407
-0.000381
-0.000381
-0.000381
-0.000407
-0.000381
0.001794
0.011143
0.004788
-0.000499
-0.000030
-0.001720
-0.000323
-0.000281
0.000823
-0.004295
-0.000783
-0.000381
-0.000381
-0.000507
-0.000407
-0.000381
-0.000381
-0.000381
-0.000298
-0.005499
-0.000323
0.001057
-0.000407
-0.001770
-0.000557
0.001951
-0.001729
0.001733
0.002320
-0.000490
-0.000800
0.000120
-0.000381
0.003758
