-0.016423
0.000447
-0.004719
-0.008999
-0.004215
-0.008811
-0.006289
-0.009258
-0.000721
-0.008287
0.000869
-0.011119
-0.002048
-0.011438
-0.007530
-0.000765
-0.004412
-0.003122
-0.005739
-0.001329
-0.001895
0.000086
-0.003373
-0.001617
0.001524
-0.005524
0.003317
-0.001181
0.001271
0.001273
0.002123
0.004450
0.001873
0.004675
0.001806
0.001430
0.000232
-0.001620
0.000867
0.001651
0.004517
0.000236
-0.000838
0.004266
-0.000838
0.006310
0.001430
0.001114
0.002312
0.001555
0.002565
0.004078
0.002031
0.002345
0.003823
-0.002504
0.003129
0.002374
-0.000491
0.004452
0.001114
0.000454
0.002847
0.003727
0.002755
-0.000617
0.003540
0.004107
0.001618
-0.001057
0.004452
0.001996
0.003570
-0.001845
-0.002000
0.001369
0.000991
0.002565
0.001241
0.004452
-0.001906
0.001241
0.003729
0.001210
0.000926
-0.000426
0.001241
0.003729
0.001210
0.001367
-0.000867
0.001336
0.001241
0.002627
0.003097
0.000863
-0.002882
0.005396
0.000297
0.001963
