0.000322
-0.000501
0.000322
-0.001026
0.000613
0.008238
0.008415
-0.008268
0.007650
-0.000472
-0.003493
-0.001084
0.000173
0.005159
-0.000855
-0.002666
-0.000386
-0.000855
-0.002557
0.001875
-0.002557
0.002338
-0.000855
-0.002551
-0.000592
-0.000386
-0.006104
-0.002403
-0.002557
0.002315
0.000436
0.000002
0.003046
0.000693
0.000928
0.002578
-0.003431
0.003252
-0.000706
-0.004693
-0.001243
-0.002676
0.002984
0.003189
-0.002557
0.002572
0.000322
-0.000438
-0.000501
0.000642
-0.000061
0.003223
0.000105
0.002749
-0.002528
0.002635
-0.003374
0.001698
0.000230
0.000384
-0.000501
-0.000501
0.000436
0.000264
0.006382
-0.003350
0.003366
-0.000553
0.000436
0.000322
-0.001089
0.003052
-0.004167
-0.006018
-0.003173
0.000030
0.003012
0.000756
0.002286
0.001435
0.002344
-0.002528
0.001516
-0.002934
-0.005664
0.000436
-0.000386
-0.000529
0.001990
-0.000386
-0.002614
0.002315
-0.000386
-0.000386
-0.003905
0.003457
-0.000821
0.000785
-0.004167
0.002726
