-0.094294
-0.018226
0.005111
-0.004257
-0.002510
0.006267
-0.001456
-0.000754
0.000503
0.001551
-0.000509
0.002082
0.002200
0.000605
0.002149
0.002732
-0.000333
-0.001582
0.000950
-0.000105
-0.000848
0.002832
0.003136
0.003821
-0.002324
0.002098
0.000815
0.000773
-0.000772
0.002529
-0.000282
0.002884
0.000360
0.002951
0.000545
0.001406
0.000925
0.002942
0.000713
0.001026
0.001076
0.001331
0.001018
0.002782
0.002276
0.000453
0.003145
0.001145
0.000916
0.001634
-0.001253
0.002773
0.000883
0.001152
0.000444
0.001288
0.001060
0.000916
0.001685
0.000984
0.003533
0.002756
-0.000982
0.002984
-0.000924
0.002410
0.000638
0.000747
0.000892
-0.000788
0.003693
0.003136
-0.001143
0.001363
0.002977
0.000173
-0.001287
-0.001532
0.002445
-0.000315
0.001204
0.001331
0.000445
0.002140
0.001500
0.000503
-0.000763
-0.000004
-0.000467
0.006039
0.003819
-0.000983
-0.000308
0.009559
-0.009153
0.003592
0.002984
0.002352
0.003651
0.000418
