-0.046257
-0.017518
-0.005995
-0.003117
-0.004699
0.004139
-0.000163
0.002181
0.000195
-0.000906
0.000489
0.000492
0.001732
-0.002119
0.003245
0.000934
0.000107
-0.001051
-0.000105
0.000819
-0.003425
0.000398
0.001410
0.002747
0.000971
0.001086
0.002681
0.000431
0.000398
0.000043
-0.003507
0.000671
0.002183
0.003617
0.000852
0.000816
0.000701
0.000871
0.000431
0.000547
0.000962
0.002241
0.001507
0.002868
-0.000539
0.000580
0.002032
-0.000754
0.002117
-0.001291
0.002714
0.000516
0.000786
0.000637
0.003990
0.000792
-0.000130
0.001083
0.002090
0.000992
0.000398
0.000904
0.000192
0.004339
-0.000226
-0.001085
-0.002080
0.001947
0.002863
-0.001200
0.002651
0.003828
0.003690
0.001565
0.000464
0.001738
-0.005114
0.001617
-0.001351
0.002059
0.000519
-0.001200
0.002208
0.000222
-0.001555
0.000932
0.000492
0.002059
-0.003626
-0.000130
0.006771
-0.006566
0.006771
-0.007752
0.006892
-0.002504
0.002830
0.006007
0.000277
0.000637
