-0.089362
-0.012664
-0.020404
-0.015737
-0.030207
-0.005804
-0.009069
-0.004842
0.000225
-0.001183
-0.000372
0.000300
0.007026
-0.004283
-0.000365
0.003608
-0.007718
-0.002858
0.002198
-0.002393
0.000726
0.001948
0.001671
-0.002059
0.001572
0.005321
0.002202
0.000780
-0.006039
0.004916
0.004032
0.006333
0.003084
0.004520
0.002069
0.005795
0.001197
0.004335
0.001350
0.005138
0.000809
0.002099
0.003847
0.004101
0.006064
0.002277
0.005999
0.002891
0.004327
-0.001762
0.004273
0.001896
0.002165
0.002637
0.004596
0.001477
0.001477
0.002015
0.004873
0.001823
-0.000613
0.004807
0.000343
0.004197
0.003916
-0.000267
0.002917
0.003786
0.002092
-0.000536
0.004466
0.001339
-0.000140
-0.001554
0.001615
0.002026
0.000805
0.002226
0.003506
-0.000478
0.001754
0.000866
0.001277
0.001485
0.001681
-0.004135
0.010878
-0.003928
0.006195
0.004240
-0.002791
0.008646
-0.006171
0.010467
-0.000900
0.009805
0.001477
0.005269
0.002026
0.004531
