-0.083786
-0.002298
0.004806
0.001140
0.000308
0.000935
0.003156
-0.000472
0.002555
-0.000823
0.000231
0.002717
0.001064
-0.000823
0.000818
0.002365
-0.001070
0.001201
0.002344
-0.001401
0.002078
0.000094
0.001313
0.001128
-0.000396
0.002579
0.000838
0.001140
0.004252
0.001178
0.001307
-0.000730
0.001615
0.001339
0.001190
0.000527
0.000571
0.000571
0.002810
0.001137
0.001269
0.001553
0.000733
0.002886
0.000527
0.001040
0.000571
0.000059
0.000721
0.000847
0.000401
0.001181
0.004103
0.000296
0.001395
0.002289
0.000721
0.000636
0.000996
0.000571
0.000571
-0.000070
0.001169
0.002854
-0.001755
0.001169
0.000689
-0.000038
0.002705
-0.001029
0.000527
-0.000645
0.000316
0.000721
-0.001005
0.000829
0.002790
0.000595
0.000829
0.000721
-0.001175
0.000785
-0.006002
0.010330
0.005114
-0.006793
-0.005981
0.005902
0.004888
-0.007775
-0.006643
0.006383
0.003426
-0.012314
0.001993
0.010098
-0.002034
0.000592
0.003848
0.003109
