0.004125
-0.000702
-0.000702
-0.000371
0.011167
-0.012532
-0.000702
-0.000702
-0.000842
-0.000702
-0.000333
0.004901
-0.005274
0.000494
0.004315
-0.000549
-0.000066
0.005512
-0.006343
0.005054
-0.000001
0.007257
0.015153
0.005487
-0.005974
0.000406
-0.002319
-0.000333
0.000253
-0.002026
-0.009362
-0.008699
-0.000702
-0.000702
-0.000842
-0.000702
-0.000702
-0.000702
-0.000702
-0.000842
-0.000702
-0.000702
-0.000702
-0.000842
-0.000702
-0.000702
-0.000702
-0.000842
-0.000702
-0.000702
-0.000702
-0.000702
-0.000842
-0.000702
0.000292
0.013637
0.001145
-0.000702
-0.000702
0.002609
0.013166
-0.000702
-0.000702
-0.000702
-0.000702
-0.000842
-0.000702
-0.000702
-0.000702
-0.000842
-0.000702
-0.000702
-0.000702
-0.000842
-0.000702
-0.000702
-0.000702
-0.000702
-0.000842
-0.000702
-0.000702
-0.000702
-0.001212
-0.004395
-0.015003
-0.010698
0.007448
-0.000702
-0.000702
-0.000702
0.011651
0.004125
-0.000702
-0.000702
-0.000702
-0.000842
-0.000702
-0.000702
-0.000702
0.011651
