0.003508
-0.000617
-0.000617
0.010174
-0.010670
-0.000934
-0.000617
-0.000617
0.000511
0.000269
-0.001534
0.000551
-0.000402
0.002842
0.002104
0.002842
0.000234
-0.000125
0.007597
0.012998
0.003508
-0.000617
-0.005413
-0.000617
0.004179
-0.006048
-0.013488
-0.001672
-0.000617
-0.000617
-0.000617
-0.000617
-0.000617
-0.000617
-0.000617
-0.000617
-0.000719
-0.000617
-0.000617
-0.000617
-0.000617
-0.000617
-0.000617
-0.000617
-0.000617
-0.000719
-0.000617
-0.000617
-0.000617
-0.000617
-0.000617
-0.000617
-0.000617
-0.000617
0.012398
0.001074
-0.000617
-0.000335
0.012219
0.001074
-0.000617
-0.000617
-0.000617
-0.000719
-0.000617
-0.000617
-0.000617
-0.000617
-0.000617
-0.000617
-0.000617
-0.000617
-0.000719
-0.000617
-0.000617
-0.000617
-0.000617
-0.000617
-0.000617
-0.000617
-0.000617
-0.000719
-0.000617
-0.000617
-0.000617
-0.002840
-0.013171
-0.010142
0.006470
-0.000617
-0.000719
0.002202
0.011374
-0.000617
-0.000617
-0.000617
-0.000617
-0.000617
-0.000617
0.009964
