0.003751
0.001181
0.003629
0.001021
-0.000115
0.001234
0.004673
-0.001755
0.000563
-0.000496
-0.006154
0.004071
0.000563
0.000563
0.005253
0.006389
-0.000596
-0.000596
-0.000596
0.006122
0.005985
0.000022
0.000891
0.004749
-0.009281
-0.013200
-0.001251
-0.000596
-0.000496
-0.000596
-0.000596
-0.000596
-0.000596
-0.000496
-0.000596
-0.000596
-0.000596
-0.000596
-0.000496
-0.000596
-0.000596
-0.000596
-0.000496
-0.000596
-0.000596
-0.000596
-0.000596
-0.000496
-0.000596
-0.000596
-0.000596
-0.000596
-0.000496
-0.000596
-0.000596
-0.000596
-0.000596
-0.000496
0.007220
0.005543
0.006351
0.006298
-0.000596
-0.000596
-0.000596
-0.000596
-0.000496
-0.000596
-0.000596
-0.000596
-0.000596
-0.000496
-0.000596
-0.000596
-0.000596
-0.000596
-0.000496
-0.000596
-0.000596
-0.000596
-0.000496
-0.000596
-0.000596
-0.000596
-0.000596
-0.000496
-0.000596
-0.000596
-0.000596
-0.000596
-0.000496
-0.000596
-0.000596
-0.001579
-0.016792
0.000838
-0.001831
-0.001061
0.001082
0.012954
