0.003641
-0.000724
-0.000724
-0.000433
0.012471
0.001022
-0.000724
-0.000724
-0.000724
-0.000724
-0.000433
0.012471
0.001022
-0.000724
-0.000724
-0.000433
0.009220
-0.016128
-0.010583
-0.002554
-0.000724
-0.000724
-0.000724
-0.000724
-0.000724
-0.000724
-0.000724
-0.000724
-0.000724
-0.000724
-0.000724
-0.000724
-0.000724
-0.000724
-0.000724
-0.000724
-0.000724
-0.000724
-0.000724
-0.000604
-0.000724
-0.000724
-0.000724
-0.000724
0.002186
0.011598
-0.000724
-0.000433
0.012471
0.001022
-0.000724
-0.000724
-0.000724
-0.000724
-0.000724
-0.000724
-0.000724
-0.000724
-0.000724
-0.000604
-0.000724
-0.000724
-0.000724
-0.000724
-0.000724
-0.000724
-0.000724
-0.000724
-0.000724
-0.000724
-0.000724
-0.000724
-0.000724
-0.000724
-0.007759
-0.002214
-0.003567
-0.002830
-0.000399
-0.000929
-0.001341
-0.004421
0.006242
0.014747
0.008211
0.005728
0.001362
0.002920
-0.002471
0.002972
-0.001272
-0.000690
0.000285
-0.004780
0.004496
-0.000724
0.000576
0.002545
-0.017156
0.005387
