0.004673
-0.000866
-0.000866
-0.000693
0.003935
-0.002634
-0.003144
-0.000866
-0.000866
-0.000866
-0.000693
0.000768
0.000242
-0.001722
0.000320
0.004696
-0.002186
-0.004425
0.005592
0.005709
-0.005768
0.004445
-0.000088
0.001036
0.021846
0.003079
-0.000245
-0.002578
-0.000088
-0.001644
-0.000457
-0.000732
-0.001235
-0.003317
-0.015353
-0.002091
-0.000866
-0.000693
-0.000866
-0.000866
-0.000866
-0.000693
-0.000866
-0.000866
-0.000693
-0.000866
-0.000866
-0.000866
-0.000693
-0.000866
-0.000866
-0.000693
-0.000866
-0.000866
-0.000866
0.003000
0.014320
-0.000497
-0.000693
-0.000866
0.002827
0.014320
-0.000323
-0.000866
-0.000866
-0.000693
-0.000866
-0.000866
-0.000693
-0.000866
-0.000866
-0.000866
-0.000693
-0.000866
-0.000866
-0.000693
-0.000866
-0.000866
-0.000866
-0.000693
-0.000866
-0.004542
-0.014536
-0.015683
0.008114
0.000242
-0.000693
-0.000866
-0.000497
0.012647
0.004673
-0.000866
-0.000866
-0.000693
-0.000866
-0.000866
-0.000693
-0.000866
-0.000497
0.012647
