0.014014
0.001082
-0.001061
-0.001831
0.000838
-0.016792
-0.001579
-0.000596
-0.000596
-0.000496
-0.000596
-0.000596
-0.000596
-0.000596
-0.000496
-0.000596
-0.000596
-0.000596
-0.000596
-0.000496
-0.000596
-0.000596
-0.000596
-0.000496
-0.000596
-0.000596
-0.000596
-0.000596
-0.000496
-0.000596
-0.000596
-0.000596
-0.000596
-0.000496
-0.000596
-0.000596
-0.000596
-0.000596
0.006298
0.006351
0.005543
0.007220
-0.000496
-0.000596
-0.000596
-0.000596
-0.000596
-0.000496
-0.000596
-0.000596
-0.000596
-0.000596
-0.000496
-0.000596
-0.000596
-0.000596
-0.000596
-0.000496
-0.000596
-0.000596
-0.000596
-0.000496
-0.000596
-0.000596
-0.000596
-0.000596
-0.000496
-0.000596
-0.000596
-0.000596
-0.000596
-0.000496
-0.000596
-0.001251
-0.013200
-0.009281
0.004749
0.000891
0.000022
0.005985
0.006122
-0.000596
-0.000596
-0.000596
0.006389
0.005253
0.000563
0.000563
0.004071
-0.006154
-0.000496
0.000563
-0.001755
0.004673
0.001234
-0.000115
0.001021
0.003629
0.001181
0.002691
