0.003964
-0.000837
-0.000837
-0.000669
0.004703
0.012896
-0.000669
-0.000837
-0.000837
-0.000669
-0.000837
-0.000837
-0.000837
-0.000669
0.004703
0.012896
-0.000669
-0.000837
-0.000837
0.000439
0.008967
-0.015677
-0.016335
-0.003537
-0.000837
-0.000837
-0.000669
-0.000837
-0.000837
-0.000669
-0.000837
-0.000837
-0.000837
-0.000669
-0.000837
-0.000837
-0.000669
-0.000837
-0.000837
-0.000669
-0.000837
-0.000837
0.000271
0.013802
0.002856
-0.000837
-0.000669
-0.000467
0.014373
0.003023
-0.000837
-0.000837
-0.000837
-0.000669
-0.000837
-0.000837
-0.000669
-0.000837
-0.000837
-0.000669
-0.000837
-0.000837
-0.000837
-0.000669
-0.000837
-0.000837
-0.000669
-0.000837
-0.000837
-0.001079
-0.016335
-0.003295
-0.001206
-0.000710
-0.000427
-0.001616
-0.000260
-0.002354
-0.000219
0.005072
0.016341
0.006382
0.001581
-0.001737
0.000473
-0.000185
0.005355
-0.000675
-0.004899
0.003756
0.000352
-0.005718
-0.000837
0.005932
-0.000837
-0.000837
-0.000669
-0.000837
-0.009734
0.004004
