0.000147
0.000225
0.001060
-0.001225
0.003131
0.000511
-0.000217
0.001547
0.001090
-0.002925
-0.004943
0.000212
-0.000217
-0.000672
0.000160
-0.000594
-0.000230
0.000225
-0.000283
-0.000071
0.000979
-0.001950
-0.000230
-0.000123
0.000130
-0.000562
0.001404
-0.000230
-0.000217
-0.001745
-0.000435
0.000225
-0.000283
-0.000607
0.001437
-0.001413
-0.000295
-0.000468
0.000101
-0.000217
0.001073
-0.000230
-0.001573
0.006046
-0.000165
0.002705
0.000524
0.000810
-0.001524
-0.000172
-0.000341
-0.000594
0.000147
-0.000217
-0.000594
-0.000230
0.002019
-0.002015
-0.000513
-0.000217
0.001453
-0.000071
-0.001885
-0.000341
0.000286
-0.000328
-0.000607
-0.000185
-0.000152
-0.000165
-0.000217
-0.000217
-0.000120
0.001421
-0.001430
-0.000750
0.000052
-0.000341
-0.004660
-0.000783
-0.000672
-0.000201
-0.000198
0.002910
0.003865
-0.001345
0.001971
0.000141
0.000258
0.001743
0.000270
-0.000230
-0.000217
-0.000217
-0.000136
-0.002336
0.002006
0.001629
0.000531
0.001902
