0.003491
-0.000678
-0.000678
0.000315
0.014538
0.000315
-0.000678
-0.000678
-0.000678
-0.000814
-0.000678
-0.000678
0.000315
0.014538
0.000315
-0.000678
-0.000678
0.000315
0.003530
-0.014413
-0.010536
-0.002529
-0.000814
-0.000678
-0.000678
-0.000678
-0.000678
-0.000814
-0.000678
-0.000678
-0.000678
-0.000814
-0.000678
-0.000678
-0.000678
-0.000678
-0.000814
-0.000678
-0.000678
-0.000678
-0.000814
-0.000678
-0.000678
0.001309
0.013680
0.000180
-0.000678
-0.000678
0.011694
0.004289
-0.000814
-0.000678
-0.000678
-0.000678
-0.000814
-0.000678
-0.000678
-0.000678
-0.000678
-0.000814
-0.000678
-0.000678
-0.000678
-0.000814
-0.000678
-0.000678
-0.000678
-0.000678
-0.000814
-0.000678
-0.000678
-0.000678
-0.001924
-0.014997
-0.002159
-0.000308
-0.006659
-0.000814
0.003979
-0.005335
0.004933
0.004894
0.013349
0.003082
0.003277
-0.000853
-0.004164
0.006317
-0.000151
-0.001846
-0.000579
0.000725
0.004018
-0.000678
0.000647
-0.000814
-0.000678
-0.000678
-0.002899
-0.002255
