-0.422914
-0.033960
-0.020640
-0.005286
-0.004635
0.004065
0.004739
0.005017
0.004714
0.006314
0.004899
0.005648
0.004149
0.006532
0.006297
0.009269
0.003156
0.005555
0.004065
0.004646
0.004646
0.004065
0.004419
0.004966
-0.002208
0.003829
0.007206
0.004065
0.004595
0.005707
0.008325
0.005017
0.005345
0.008199
0.008056
0.003181
0.005277
0.006667
0.004191
0.004646
0.004882
0.001952
0.007063
0.004436
0.004646
0.004065
0.004646
0.003737
0.004975
0.004646
0.003737
0.004975
0.004646
0.004646
0.004065
0.004646
0.004293
0.004419
0.005758
0.006196
0.007097
0.004697
0.004385
0.004697
0.006482
0.002230
0.004772
0.005025
0.005185
0.005185
0.007298
0.006271
0.007214
0.005244
0.011096
0.007720
0.004562
0.008730
0.003527
0.005648
0.002373
-0.000178
0.004646
0.003156
0.005555
0.004646
0.004065
0.004646
0.005202
0.008688
0.009185
0.007181
0.006709
0.004469
0.005530
0.004831
0.004924
0.003712
0.005648
0.003695
