0.000693
-0.000756
-0.000605
-0.000756
0.000862
-0.002223
0.000693
-0.002054
0.000011
-0.000074
-0.000605
0.004292
-0.005273
0.003954
-0.001565
0.009044
0.001224
-0.000756
-0.000605
-0.000756
-0.009512
-0.008551
0.006145
-0.005973
0.000500
0.003162
-0.004270
0.011042
0.000693
0.000693
0.005783
0.001822
0.000668
0.004292
-0.000032
0.000331
-0.002097
0.001098
-0.001119
-0.000243
-0.000756
-0.002206
0.000844
-0.000756
-0.000605
-0.000756
-0.000756
-0.000605
-0.000756
-0.000605
-0.000756
-0.000756
-0.000605
-0.000756
-0.000756
-0.002054
0.002142
-0.002417
-0.000394
-0.000756
-0.000605
-0.000756
-0.000756
-0.000243
-0.001119
0.005934
-0.007296
0.000011
0.000482
0.003929
-0.000714
0.001098
0.001351
0.004358
0.001224
0.001098
0.005825
0.000306
0.004805
-0.005913
0.004612
-0.004397
0.003887
-0.000116
-0.015049
-0.003183
-0.000605
-0.000756
0.001224
0.011344
-0.000225
0.000011
-0.000436
-0.005400
-0.000605
-0.000756
0.004123
0.001013
-0.000756
-0.002054
