0.000677
-0.000723
-0.000723
-0.000723
0.000986
-0.002288
0.000841
0.003991
-0.005025
-0.000600
0.000018
-0.001465
0.005370
-0.000106
-0.000086
0.005370
-0.000477
0.000862
-0.000723
-0.001773
0.000677
-0.000579
-0.000723
-0.009740
-0.009185
-0.000723
-0.000579
-0.000332
0.005205
0.008334
0.000821
0.006338
0.002405
0.003105
-0.004284
0.005246
-0.001773
0.000327
-0.001773
-0.000743
0.000841
-0.001073
-0.000373
-0.000579
-0.000723
-0.000723
-0.000723
-0.000579
-0.000723
-0.000723
-0.000723
0.005596
-0.006899
-0.007043
-0.000723
0.005205
-0.000538
-0.006693
0.005596
-0.002124
0.000821
-0.000723
-0.007043
0.005596
-0.000723
-0.000579
-0.000332
0.000286
-0.000723
-0.000579
-0.000291
0.004237
0.004196
0.004836
0.000677
0.005843
0.005452
-0.004183
-0.000497
0.003764
-0.006797
-0.008526
-0.000538
0.000286
-0.001773
-0.000723
0.005432
-0.000559
0.001582
0.003455
-0.004183
0.004650
-0.004306
0.003064
-0.004388
0.005000
-0.001547
-0.005438
0.005555
-0.001979
