0.000981
-0.001858
-0.001239
-0.001858
-0.001239
-0.001858
-0.001239
-0.001858
-0.001239
-0.001858
-0.001858
-0.000529
0.001053
-0.000601
0.023380
0.002310
-0.001148
0.001600
-0.003969
-0.001966
-0.001858
-0.001858
-0.001239
-0.001858
-0.001239
-0.001858
-0.001239
-0.001858
-0.001966
-0.003969
0.000253
-0.012739
0.002455
-0.018435
0.006767
-0.005551
0.017576
0.004511
0.005239
0.020415
0.004530
0.002400
0.002382
-0.003314
0.000872
-0.003969
0.000872
-0.003969
0.000872
-0.003969
-0.002586
-0.001239
-0.001858
-0.001239
-0.001858
-0.000529
-0.008245
0.003729
-0.013376
0.010280
-0.004059
0.000343
-0.003440
-0.000384
-0.009900
-0.000439
0.007368
0.003892
0.010280
0.015392
0.005239
0.012481
0.001745
0.008824
-0.001148
-0.020564
-0.006953
0.001600
-0.003969
-0.001966
-0.001858
-0.001858
-0.001239
-0.001858
-0.001239
-0.001858
-0.004150
0.000343
-0.000529
-0.004769
0.000343
-0.000529
0.000981
0.005931
0.019013
-0.010592
0.010352
-0.001239
-0.004769
-0.001166
