0.000463
-0.000470
-0.000548
-0.000470
-0.000548
-0.000470
-0.000260
0.000393
-0.000688
-0.000077
-0.000801
0.000428
0.003705
0.003199
0.001422
-0.000940
0.001178
-0.004827
0.003051
0.000541
-0.000836
-0.000182
-0.000801
-0.000217
-0.003712
-0.013010
0.000463
0.000541
0.000489
0.004925
-0.000225
0.004140
-0.000295
0.005221
-0.000269
0.001143
-0.000374
-0.000470
0.003051
0.000541
-0.000548
-0.000470
0.004062
-0.003929
-0.000400
-0.001481
0.003775
-0.004792
0.003775
-0.004792
0.000175
-0.001481
-0.000295
-0.000722
-0.000548
0.004140
-0.005158
-0.000470
-0.005411
-0.000147
0.002764
-0.001045
-0.000513
-0.004182
0.003844
-0.000870
0.001108
-0.000470
-0.000295
0.005291
-0.002639
0.003417
0.003165
0.000681
-0.000260
0.001186
0.003801
0.000960
0.002651
-0.002997
-0.000478
-0.000470
-0.006962
-0.005943
0.003775
0.000288
-0.000295
0.003130
-0.000513
-0.000435
-0.001846
0.002764
0.000123
0.003487
-0.000374
-0.003102
0.003810
-0.000217
-0.000548
-0.001481
