0.004949
-0.003935
-0.000485
-0.000210
-0.000459
-0.000457
-0.000238
0.002606
-0.002942
0.000039
-0.000401
0.001915
0.000315
-0.000869
0.000399
0.000070
0.000124
0.003654
-0.000071
0.003073
-0.003521
0.000122
-0.000403
-0.000457
-0.001231
-0.000431
-0.000678
-0.003962
-0.001394
-0.000152
-0.000069
0.000016
0.000015
0.000124
0.000456
0.003405
0.000978
-0.000403
-0.000705
0.002854
-0.000787
0.000399
0.000070
0.000015
-0.000067
0.000731
0.002082
-0.000318
-0.000319
-0.002444
0.002026
-0.000347
-0.003023
-0.000431
0.002880
-0.001036
0.000148
-0.000485
-0.000238
-0.000431
0.009530
-0.001010
0.000341
-0.000485
-0.000431
-0.000485
-0.000431
-0.000431
-0.003988
0.003073
-0.000431
-0.000485
-0.000431
-0.000485
-0.000431
-0.000652
-0.000264
-0.000431
-0.000485
-0.000431
-0.000431
-0.000485
-0.000431
-0.000431
-0.000485
-0.000431
-0.000485
-0.000431
-0.000431
-0.000485
-0.000431
-0.000431
-0.000485
-0.000431
-0.000485
-0.000431
-0.000431
-0.001257
0.000341
0.007323
