0.002216
-0.001195
-0.000479
-0.000205
0.000071
-0.000782
-0.000121
0.002299
-0.000479
-0.000398
-0.002406
0.001697
-0.000094
0.000322
-0.003008
0.002084
0.000790
0.000048
-0.000063
0.000734
0.002001
-0.002542
0.001917
-0.000013
-0.000479
-0.000233
0.000403
-0.000425
-0.000479
-0.000425
-0.000425
0.003016
-0.000425
-0.003781
0.000263
0.002135
-0.002461
0.001613
-0.000314
-0.000314
0.000542
-0.000147
0.001175
0.003097
-0.000479
-0.000425
0.000291
-0.001195
-0.000479
-0.000425
-0.000646
-0.001661
-0.003340
0.000023
-0.000917
-0.002456
0.002935
0.003133
-0.002350
0.002933
0.007969
0.000810
0.000403
-0.000425
-0.000479
-0.000425
-0.000479
-0.000425
-0.000699
-0.000205
-0.000425
-0.000479
-0.000425
-0.000479
-0.000425
-0.000479
-0.000425
-0.000479
-0.000425
-0.000425
-0.000479
-0.000425
-0.000479
-0.000425
-0.000479
-0.000425
-0.000479
-0.000425
-0.000479
-0.000425
-0.000618
-0.000286
-0.000425
-0.000479
-0.000425
-0.000479
-0.000425
-0.001248
0.000344
0.007308
