0.005696
-0.003922
-0.000486
-0.000432
0.003004
-0.003153
-0.000432
-0.000375
0.002206
-0.002492
0.001684
-0.002410
0.001769
0.000531
-0.000017
-0.003150
0.003114
-0.000237
-0.000072
-0.000154
0.000641
-0.000320
-0.000129
0.002152
-0.000486
0.000145
-0.000266
-0.000240
-0.000624
-0.000294
-0.000432
0.000283
-0.000432
-0.000321
0.002124
-0.002850
0.001932
-0.000404
-0.000321
-0.002409
-0.000238
0.002621
-0.000705
0.000781
0.002373
-0.002299
-0.000237
0.002675
-0.002629
0.002289
-0.002822
-0.000458
0.002673
-0.000953
0.000255
-0.001119
0.000201
-0.001009
0.000283
-0.000432
0.008335
-0.000432
-0.000432
-0.000129
-0.000432
-0.000486
-0.000432
-0.000432
-0.000953
-0.000432
-0.003096
0.004047
0.002152
-0.002519
-0.000844
0.000037
-0.000844
0.002152
-0.002519
-0.000844
-0.000348
-0.000460
-0.000348
-0.000020
-0.000844
-0.000348
-0.000020
-0.000788
-0.004938
-0.000404
0.001987
-0.002795
0.001987
-0.002795
-0.000404
-0.000403
-0.000404
0.001987
-0.002795
0.010588
