0.005946
-0.003962
-0.000492
-0.000437
0.000285
-0.000798
-0.000437
0.002617
-0.002963
0.002062
-0.002435
-0.000714
0.000064
0.002006
-0.002489
0.002950
-0.002406
0.002175
-0.000074
-0.000157
0.000647
-0.000324
-0.000131
0.002172
-0.000492
0.000145
-0.000270
-0.000243
-0.000631
-0.000298
-0.000437
0.000285
0.002311
-0.003074
0.002144
-0.002879
0.001950
-0.000409
-0.000326
-0.002434
-0.000242
0.002646
-0.000713
0.000787
0.002396
-0.002324
-0.000241
0.002700
-0.002462
-0.000326
-0.000409
-0.000492
0.002117
-0.000381
0.000257
-0.001132
-0.000380
-0.003213
0.003061
-0.000243
0.010860
0.002421
-0.002991
-0.000492
-0.000409
-0.000492
-0.000354
0.002033
-0.000492
-0.002991
-0.002574
-0.000354
-0.000409
-0.000492
-0.002963
-0.000492
0.002005
-0.000354
-0.000492
-0.002963
-0.000298
0.006446
-0.002962
-0.001104
-0.000437
0.002645
-0.000437
-0.003156
-0.000243
-0.001104
-0.001907
-0.000327
-0.000602
-0.000327
-0.003074
0.002144
-0.003074
0.001950
-0.002879
0.010888
