0.001261
-0.000235
0.000140
0.002247
-0.002886
-0.000314
0.002085
-0.002661
0.002387
0.000420
0.000101
-0.000033
-0.000039
0.000051
0.000751
0.002174
-0.000202
-0.002224
-0.000476
-0.000891
0.002606
-0.000291
-0.000370
-0.000370
0.000006
-0.000235
-0.000510
-0.002964
0.002275
-0.003132
0.002163
-0.003020
0.002819
-0.000235
0.000359
-0.001216
-0.000403
0.000420
-0.000347
0.002135
-0.002359
0.002847
0.000863
0.002085
-0.000370
0.000011
0.000387
-0.001137
0.000252
-0.000235
-0.001328
0.000471
-0.000454
-0.000403
-0.000454
-0.000454
0.000471
-0.001328
-0.000403
-0.000454
-0.000403
0.009061
-0.000073
-0.000213
-0.000454
-0.000403
-0.000454
-0.000454
-0.000403
-0.000644
-0.000213
-0.000454
-0.000454
-0.000403
-0.000454
-0.000403
-0.000644
-0.000263
-0.000403
-0.000454
-0.000403
-0.000454
-0.000403
-0.001216
0.000308
-0.000403
-0.000454
-0.000403
-0.000454
-0.000454
-0.001165
0.000308
-0.000403
-0.000454
-0.000454
-0.000403
-0.000454
-0.003866
0.003009
0.007453
