0.002214
-0.001199
-0.000482
-0.000208
0.000068
-0.000786
-0.000125
0.002298
-0.002934
0.002052
-0.002410
0.001694
-0.000097
0.000318
-0.003014
-0.000151
0.003019
0.000042
-0.000065
0.000731
0.001998
-0.002547
-0.000125
0.002024
-0.000345
-0.000373
0.000260
-0.000290
-0.000429
0.003068
-0.002464
0.002933
0.002385
-0.002408
-0.001139
-0.003705
-0.000869
-0.001032
-0.003183
0.003042
-0.000236
0.003070
0.002272
-0.001610
0.000817
-0.000949
0.000650
-0.000923
0.002604
0.000123
-0.000842
-0.000097
-0.002879
0.002629
-0.000786
-0.000593
-0.003071
0.002214
0.000399
-0.000621
0.008741
-0.002770
0.003015
-0.000429
-0.000429
-0.000482
-0.000429
-0.000482
-0.000649
-0.000262
-0.000429
-0.000429
-0.000482
-0.000429
-0.000482
-0.000429
-0.000482
-0.000429
-0.000429
-0.000482
-0.000429
-0.000482
-0.000429
-0.000482
-0.000429
-0.000429
-0.000482
-0.000429
-0.000482
-0.000429
-0.000482
-0.000429
-0.000429
-0.000482
-0.000429
-0.000482
-0.000429
-0.001253
0.000342
0.007309
