0.001937
0.002211
-0.002330
0.002846
-0.003154
0.002159
0.000479
-0.001007
-0.002414
-0.001918
-0.000653
-0.001286
0.000175
-0.000790
0.003782
0.000836
-0.000072
0.000039
-0.000072
0.000728
-0.000238
0.001994
-0.002442
0.002157
0.000120
-0.000432
-0.000266
-0.000239
-0.000625
-0.000293
-0.000432
0.000285
-0.000432
-0.000321
0.002130
-0.002855
0.001937
-0.000404
-0.000321
-0.002413
-0.000238
0.002627
0.000175
-0.000070
-0.000072
0.000121
-0.000237
0.002681
-0.002441
0.002102
-0.002827
-0.000486
0.002102
-0.000377
0.000257
-0.001121
-0.000375
-0.003187
0.003039
-0.000432
0.009124
-0.000625
0.000339
-0.000486
-0.000432
-0.000486
-0.000432
-0.000432
-0.001368
0.000449
-0.000486
-0.000432
-0.000432
-0.000486
-0.000432
-0.000707
-0.000212
-0.000432
-0.000486
-0.000432
-0.000486
-0.000432
-0.000486
-0.000432
-0.000432
-0.000486
-0.000432
-0.000486
-0.000432
-0.000432
-0.000486
-0.000432
-0.000486
-0.000432
-0.000432
-0.000486
-0.000432
-0.001257
0.000339
0.007885
