0.002123
-0.001222
-0.000426
-0.000479
0.000317
-0.000479
-0.000426
-0.000187
0.001910
-0.002417
0.001618
-0.002338
0.002441
-0.003001
0.001990
0.000582
-0.001488
0.001512
0.002918
-0.000161
-0.003134
0.002998
-0.000824
0.000025
-0.000267
-0.000426
-0.000585
0.000424
-0.000479
-0.000240
-0.000665
-0.000214
-0.000691
0.000370
0.002096
-0.003107
-0.000187
0.000025
0.001830
-0.002470
0.002521
-0.000161
0.000158
0.000184
0.000503
-0.000824
0.002574
-0.000320
-0.000320
-0.002444
0.001990
-0.000320
-0.000373
-0.003080
0.002706
-0.001063
-0.000479
0.000424
-0.000665
0.007724
-0.001992
0.002946
-0.000479
-0.000426
-0.000479
-0.000426
-0.000479
-0.001329
0.000424
-0.000479
-0.000426
-0.000479
-0.000426
-0.000479
-0.000638
-0.000267
-0.000426
-0.000479
-0.000426
0.000264
0.003635
-0.000002
-0.000002
-0.000002
-0.000002
-0.009744
-0.000798
-0.000161
-0.000161
-0.000347
0.000025
0.004220
-0.000479
-0.000426
-0.000479
-0.000426
-0.000479
-0.003797
0.002892
0.007034
