0.000658
0.000039
0.001795
-0.000026
-0.002010
0.001300
-0.000384
-0.001589
-0.000242
-0.000242
-0.000188
0.001795
-0.000082
-0.000026
0.000503
-0.008959
-0.001978
0.002471
0.001300
-0.001569
-0.000188
-0.000596
0.000253
0.001050
-0.001591
-0.000296
0.000996
0.000041
-0.001981
0.001845
-0.000139
0.002219
0.000116
0.001922
-0.000242
-0.000103
0.000021
-0.002373
0.001863
-0.000405
0.001845
-0.002512
-0.000281
-0.000033
-0.000103
-0.000350
-0.000296
0.001600
-0.001976
0.001759
0.000062
-0.000010
0.001852
-0.001569
0.001354
-0.002066
0.001690
-0.002120
-0.000242
0.000325
-0.000366
0.001246
-0.002069
0.000255
-0.000134
0.005126
0.000028
-0.000026
-0.000026
-0.000593
-0.001569
0.001922
-0.000648
0.000433
-0.000650
-0.001553
-0.000080
-0.000080
0.001976
-0.000026
0.000028
0.001068
-0.000470
-0.000542
0.001600
-0.000103
-0.000263
0.000073
-0.000281
-0.000405
-0.000281
-0.000033
-0.000405
-0.000405
0.000039
-0.000634
0.001352
0.000503
0.001958
0.000127
