0.000087
-0.000368
0.000087
-0.000174
0.001200
0.000233
-0.000497
0.000391
0.000524
0.001314
-0.000205
-0.001596
-0.000259
-0.000308
-0.000259
-0.007296
-0.002665
-0.001602
-0.000259
-0.000253
-0.000205
-0.000205
-0.000090
0.001982
-0.000096
0.000427
-0.000314
0.001254
0.000191
0.000191
0.001254
-0.000314
-0.000259
-0.000059
0.000445
-0.000028
0.001825
0.000020
-0.000295
-0.000368
0.000191
-0.000399
0.001844
-0.002440
-0.000052
-0.000368
0.001376
-0.001633
-0.000259
0.001260
0.000257
-0.000041
0.000226
-0.001165
0.001423
0.001375
-0.001560
0.001314
-0.002046
-0.000205
0.000354
0.001089
-0.002052
0.000239
-0.000150
-0.000096
0.005677
-0.000041
-0.000041
0.000050
0.001661
-0.000150
-0.001524
0.001120
-0.000205
-0.002010
-0.000290
0.000342
-0.000582
0.000044
0.001776
-0.001883
0.001369
-0.001378
-0.000041
0.001855
-0.001901
-0.000150
0.001558
-0.001584
0.001236
0.000106
-0.000247
0.000118
0.001363
0.000476
0.000445
-0.000114
0.001376
-0.000368
