0.000152
-0.000344
0.000179
-0.000201
0.000028
0.001256
0.000328
0.000131
0.000177
-0.000208
0.001889
-0.000201
0.000002
-0.000449
-0.001566
-0.008686
-0.003062
0.001256
-0.000325
-0.000188
-0.000142
0.000445
-0.000025
0.000236
0.000119
0.001667
0.000048
0.000257
-0.000220
0.000133
0.000028
-0.000259
0.001667
0.000073
0.000158
0.001948
-0.001520
0.001073
0.000133
-0.000422
-0.000240
0.000152
-0.000344
-0.000174
0.000211
-0.000298
0.001243
-0.000201
-0.001488
0.001915
-0.000097
0.000249
0.001994
-0.000188
-0.000070
0.000355
-0.000442
-0.000220
-0.000344
-0.000442
-0.000717
-0.000396
-0.002036
0.001119
-0.001632
0.006220
-0.000901
-0.002089
0.001236
-0.000247
-0.001866
-0.000775
-0.000089
-0.000266
-0.000252
0.001302
-0.000247
-0.001520
0.001373
-0.001462
0.002182
0.002091
-0.001515
-0.000044
-0.000259
-0.000344
0.001825
-0.000795
0.000257
-0.000344
0.001968
-0.002134
-0.000201
0.000028
0.001706
0.000041
0.000046
0.002047
-0.001893
0.001452
