0.000092
0.000092
0.001235
-0.000329
-0.001453
-0.000130
0.001665
0.000496
0.001270
-0.000182
-0.001419
-0.000354
-0.000122
-0.000234
-0.008634
-0.001857
-0.000234
-0.000234
0.001157
-0.000130
0.000437
-0.000078
0.000205
0.000265
0.001252
0.000564
-0.000672
0.001552
-0.001505
0.000977
-0.000001
0.000866
0.000326
0.001304
-0.000243
-0.001874
0.001698
-0.000329
0.001681
-0.002390
0.000186
0.001166
-0.001728
0.001157
-0.001359
0.001665
0.002524
0.000333
0.000015
-0.000234
-0.000234
-0.000466
-0.001557
-0.005018
-0.000801
-0.001935
0.001123
-0.000406
-0.001780
0.004369
-0.000018
0.000222
-0.000543
0.000334
-0.000645
0.000274
-0.000440
0.004964
0.000892
-0.000052
-0.000044
0.000025
0.000137
-0.000026
-0.000036
-0.001831
0.001322
-0.000809
0.000033
0.001210
0.000240
0.001244
-0.001298
0.000472
0.001167
-0.000243
-0.001539
0.001235
-0.000012
-0.000226
-0.000354
0.000092
-0.000329
0.000049
0.000952
0.000334
0.000574
-0.000001
0.001183
-0.000260
