0.000079
0.001669
-0.001834
0.001178
-0.001418
0.001529
0.000014
0.001841
-0.000061
-0.000164
-0.000216
-0.001435
-0.000216
-0.001233
-0.009289
0.001171
-0.000216
-0.001384
0.001165
0.000395
-0.000010
0.000048
0.001656
0.003795
0.001559
-0.000717
-0.001875
-0.003193
-0.000776
-0.000515
-0.001724
0.001051
0.000172
0.000392
0.003668
-0.001435
0.001103
0.000155
-0.000319
-0.000226
0.001669
-0.002105
0.001432
-0.000319
-0.001418
0.001113
-0.001390
0.002377
0.003709
-0.000268
-0.001425
-0.000216
-0.000522
-0.001521
-0.004880
-0.000573
-0.000717
-0.001741
0.001247
-0.000007
0.003050
-0.000621
0.000344
-0.000274
0.001165
-0.000113
-0.001899
0.001776
0.004382
-0.000333
0.000093
-0.000415
0.000388
-0.001686
-0.000010
0.001834
-0.000010
-0.000010
0.000048
0.000048
0.000093
0.000279
0.000200
-0.000398
0.001656
-0.001366
-0.000319
0.001559
-0.000226
-0.000336
-0.000336
0.000172
-0.000336
-0.000278
0.001206
-0.000164
0.000608
0.001656
0.000282
-0.000539
