0.000075
-0.000390
-0.000265
0.001745
-0.001687
0.001570
-0.000169
-0.000721
-0.001522
0.001878
-0.000004
0.001952
-0.000169
-0.009905
-0.001563
-0.001540
0.003392
-0.001554
0.000028
0.001625
-0.001577
-0.000279
-0.000334
0.001727
-0.000247
0.000148
-0.000320
-0.000049
-0.000279
0.001625
0.000028
0.000525
0.000010
-0.000279
0.001000
-0.001724
0.001391
0.000107
-0.000390
-0.000390
-0.000247
0.001727
-0.002009
-0.000298
0.001267
-0.001577
-0.000169
0.001878
-0.000542
0.000493
0.000000
-0.000059
0.000456
-0.000560
0.001717
-0.001540
-0.000349
0.001271
-0.000224
-0.000224
-0.000169
-0.002056
-0.000114
0.006221
0.000010
-0.000004
-0.002015
0.002007
-0.000059
-0.000630
0.000456
-0.002125
0.001952
-0.002125
0.001827
0.000069
-0.000004
-0.000004
0.000010
0.000438
-0.000487
0.000383
-0.000082
0.001018
0.000287
-0.000247
-0.000265
-0.000390
-0.000265
0.001764
-0.000390
-0.002170
-0.000247
0.001322
-0.001595
-0.000169
0.002504
-0.000137
-0.000371
0.001373
