0.000121
-0.000346
0.001781
-0.000346
-0.001530
0.001539
-0.000093
-0.000013
0.001979
-0.001502
0.001207
-0.001494
-0.000255
0.001037
-0.001898
-0.009022
-0.000255
-0.001494
0.001037
0.000337
-0.001924
0.001315
0.001504
-0.000461
0.001207
0.001144
0.003999
-0.000022
-0.000229
-0.002903
-0.007711
0.001423
-0.000283
-0.000247
0.000121
0.000256
0.002060
0.000220
-0.000139
-0.000328
0.001664
-0.000677
0.000121
-0.000346
-0.000229
0.000139
-0.000346
0.001234
-0.001476
-0.000147
0.001782
0.000023
-0.001807
0.003837
-0.001762
0.001737
-0.001870
0.000274
0.001261
-0.001440
0.001091
-0.001556
0.001261
-0.001502
-0.000461
0.004474
0.001063
0.000535
0.000069
0.000015
0.000015
-0.000156
-0.001816
0.001800
-0.001816
-0.000039
0.001432
0.000562
0.000015
0.000123
0.000023
-0.000093
0.000015
-0.000013
0.001718
-0.000139
0.000004
-0.000229
-0.000346
0.000193
-0.000884
0.001799
-0.001889
-0.000040
0.001037
0.000391
0.000131
0.001907
-0.001799
0.001341
