0.000118
-0.000244
-0.000390
0.000118
0.001284
-0.000131
-0.000163
-0.001747
0.000992
-0.000390
-0.002007
0.002220
-0.000042
-0.009983
0.001327
0.000077
0.000434
0.001284
-0.002044
-0.000371
-0.000314
0.001340
0.000264
-0.000244
-0.000357
0.000174
-0.000427
0.001486
-0.000220
0.000401
0.000331
0.001637
0.000072
-0.000187
-0.002190
0.001937
-0.000973
0.000226
-0.000244
-0.000535
0.001918
-0.000390
-0.001969
-0.000079
-0.000276
0.001308
0.000401
-0.000544
-0.000050
0.000566
0.000533
-0.000633
-0.000106
0.000420
-0.000619
0.000363
-0.000347
-0.000093
0.001181
-0.002147
-0.000290
0.001948
-0.002039
0.008256
-0.001812
0.000007
0.000007
-0.002104
0.001877
0.000077
-0.000233
-0.000506
0.000350
-0.000506
0.000528
-0.000050
0.000007
0.000007
0.000020
-0.000106
0.002056
-0.001996
0.000288
0.001340
-0.002044
0.001335
0.000193
-0.000357
0.000118
-0.000314
-0.000390
0.001354
-0.000390
-0.001677
0.001708
-0.000163
0.002404
-0.000568
0.000066
-0.000357
