0.000087
-0.000388
0.000117
-0.000252
0.001217
-0.000115
-0.000139
0.000456
0.000414
0.001294
-0.002054
0.000295
-0.000418
0.001134
-0.000252
-0.009523
-0.002981
-0.000252
0.001015
-0.001512
0.001615
-0.002000
-0.000091
0.002317
0.000033
0.001181
-0.000014
0.000159
-0.000240
-0.000252
0.001538
-0.000305
-0.001489
0.001770
0.000319
0.000117
-0.000127
0.001330
-0.000371
-0.001994
0.001794
-0.000388
-0.000240
-0.000032
0.001300
-0.001911
0.001217
-0.001542
0.001574
-0.000002
-0.000496
-0.000038
0.002477
-0.001959
0.000456
-0.000514
0.000236
-0.000573
0.001615
-0.002006
0.001615
-0.001626
-0.000145
-0.000139
-0.000633
0.006628
-0.000443
0.000021
0.000015
-0.000032
-0.000579
0.000337
-0.001893
0.001347
0.000337
-0.000460
-0.001465
0.001942
0.000021
-0.000091
0.000563
0.000033
0.001288
-0.001489
0.001181
-0.000305
-0.000252
-0.000049
-0.000222
-0.000388
0.001794
-0.002285
0.000022
-0.000115
-0.000252
0.001788
-0.000032
0.001895
-0.001869
0.001330
