0.000076
-0.000243
0.000175
-0.000359
-0.000085
0.001179
0.002282
-0.001588
0.001741
-0.000359
-0.000359
-0.000493
-0.002346
-0.002943
-0.000422
0.001217
-0.000201
-0.005320
0.001653
-0.000359
-0.000984
-0.002570
-0.002220
-0.000493
0.000059
-0.000921
0.000175
0.001287
0.002292
-0.001598
0.001867
0.001635
-0.000359
-0.000369
-0.001482
0.001179
0.000404
0.000011
0.001766
-0.000039
-0.001802
0.001625
-0.000777
0.000175
-0.000359
-0.000253
0.000157
-0.000359
-0.000092
0.000993
-0.001422
0.001748
0.000003
-0.001814
0.002396
0.001391
-0.001457
0.001285
-0.000158
-0.000165
-0.001563
-0.000583
0.000207
0.001232
-0.001510
-0.000593
0.005984
0.000066
0.000046
0.000046
0.000001
-0.000007
-0.000059
-0.000175
0.000119
-0.000052
0.000804
-0.002275
0.001471
0.000054
0.000109
0.000298
-0.000336
0.000359
-0.000218
-0.000324
0.001617
-0.000717
0.000104
-0.000243
0.000059
-0.000805
0.001653
-0.001873
0.001277
-0.001439
0.002005
0.001829
-0.000279
-0.000289
