-0.007328
-0.011458
-0.008068
-0.019334
-0.003011
-0.013960
-0.007448
-0.003933
-0.007302
-0.014738
-0.001759
-0.000771
-0.006343
-0.001201
-0.006377
-0.003414
-0.000538
-0.006701
-0.002184
0.001456
-0.000166
-0.000872
-0.007049
0.000507
0.002705
-0.003462
0.003087
-0.001836
0.002429
0.001122
0.005048
0.002134
0.001752
0.007681
0.004733
0.010271
0.002419
0.002734
0.001756
0.000139
-0.002513
0.000135
0.001437
-0.000891
0.000444
-0.001855
-0.003782
-0.001177
0.001098
-0.002818
0.004056
-0.007126
0.003402
-0.002838
0.002386
0.001141
-0.005108
0.000135
-0.000190
-0.000882
-0.002494
-0.005103
0.000444
0.000812
0.002410
-0.003143
-0.001478
0.000120
0.005716
0.007648
-0.000911
0.001737
0.001045
0.003039
0.009913
0.002347
0.000058
0.006293
0.001684
0.000401
0.005968
0.002667
0.003993
-0.001264
0.006622
0.003988
0.002991
0.004981
0.005634
0.002667
0.001045
0.005963
0.004337
0.005324
0.005959
0.004337
0.003349
0.002018
0.002705
0.000401
