-0.038980
-0.017504
-0.022547
-0.017190
-0.008570
0.003166
-0.001484
0.000423
0.003755
0.005436
0.001809
0.002153
0.002880
0.003028
-0.008344
-0.007057
-0.003450
-0.005700
0.004610
-0.003872
-0.002595
0.001141
-0.006860
0.000924
0.004148
0.008542
0.001406
0.005672
0.008847
0.004817
0.000679
0.012198
0.005721
-0.002083
-0.007411
-0.004265
-0.000796
0.007824
0.001357
0.003932
0.003785
0.002713
-0.000560
-0.002870
-0.000560
0.000049
-0.000865
-0.000934
-0.003096
-0.000953
-0.004983
-0.001690
-0.002703
-0.001268
-0.008394
-0.002447
-0.009199
-0.001268
-0.000088
0.000924
-0.004570
-0.000442
0.002114
0.001632
0.001858
0.002674
0.002015
0.001593
-0.001041
0.002792
0.003293
0.011687
0.002202
0.003028
0.004846
0.001809
0.006409
0.000246
0.003195
-0.002211
0.003863
0.001406
0.003146
0.002369
0.001819
0.000600
0.003342
0.002674
0.003342
0.002733
0.004423
0.001966
0.000138
0.004020
0.003716
0.003755
0.002841
0.001612
0.005387
0.002369
