-0.022241
0.000428
0.002605
0.000640
0.000458
0.000392
0.000503
-0.000487
0.000259
-0.000190
0.000155
0.000394
0.001121
-0.000523
0.000329
0.000204
0.001776
0.001090
0.000198
0.000641
-0.000239
0.001658
0.004518
0.000204
-0.000584
-0.006791
-0.001642
0.001090
0.000597
0.000051
0.000155
0.000052
0.002875
0.004084
-0.000833
0.000089
0.000204
0.000035
-0.000303
-0.006357
0.000275
0.001516
0.000347
-0.000063
0.001812
0.003798
0.004675
0.000986
-0.000758
-0.000239
-0.000637
0.000510
0.001025
-0.001697
-0.000838
0.001083
0.000253
0.000258
-0.001200
-0.001042
0.000204
0.000247
0.000089
-0.000670
0.000849
0.003071
0.001935
-0.000309
0.000149
0.000423
-0.001956
-0.008983
-0.001486
0.000445
0.000198
0.000285
-0.000343
0.003656
0.000983
-0.000168
-0.000074
0.000521
-0.000719
0.000220
0.001003
0.000353
0.000527
0.000198
-0.000703
0.001008
-0.000686
-0.001072
0.000198
-0.000353
0.003629
0.002598
-0.001007
0.001431
0.000045
-0.002415
