-0.044268
-0.001854
0.001563
0.002093
0.002343
0.004580
0.000035
-0.000406
-0.001477
-0.000926
0.001739
-0.000796
0.000471
0.000471
0.000859
0.001835
-0.000845
0.000555
0.000723
-0.001149
0.001257
-0.001277
0.006749
0.001745
0.001431
0.001941
0.000555
-0.002523
-0.010637
-0.001822
0.000122
-0.000741
0.005655
0.001470
0.002199
0.003149
-0.000814
0.000405
0.000604
0.000321
-0.002797
0.000471
0.000492
0.000555
0.000754
-0.002479
0.000957
0.000471
-0.000779
0.000471
0.000342
-0.000626
0.000623
0.005345
0.003250
0.000610
0.001508
0.000492
-0.000478
0.000378
-0.009985
0.000068
0.000680
-0.000531
0.000226
0.000198
0.004343
0.004298
-0.000524
0.001739
0.000471
0.000492
0.002230
0.000310
-0.001044
-0.000918
-0.009488
0.002668
0.003425
0.001072
0.001756
-0.000262
0.003235
0.000821
0.000139
-0.000426
0.001739
0.000538
0.001673
-0.000796
0.000471
-0.000923
0.000854
-0.000501
0.001769
0.001391
0.000854
0.000911
0.000489
0.001641
