-0.007809
0.007098
0.007715
0.006983
0.003447
0.006509
0.006219
-0.000969
0.002117
-0.000299
0.003701
0.002708
0.001285
0.000239
0.000185
0.002358
0.001580
0.001982
-0.000863
-0.002071
0.001606
-0.000918
-0.001267
0.001955
-0.004837
0.002678
0.000559
-0.006743
-0.009481
0.000398
0.000881
-0.008300
-0.006930
-0.003977
-0.003253
0.002948
0.000505
-0.001991
-0.002366
-0.001909
-0.000944
0.000184
-0.001561
0.000076
-0.002097
-0.002097
0.000746
-0.002124
-0.003466
-0.003385
-0.002045
-0.002661
-0.000460
0.000478
-0.001185
-0.002016
-0.002473
0.000802
-0.001157
0.008048
0.000292
0.002117
0.000613
0.007484
0.002117
0.004962
-0.000809
0.004828
-0.001373
0.003995
0.004022
0.000157
0.002063
0.001499
-0.000111
-0.000729
0.003861
-0.003064
-0.005131
-0.000594
0.000775
-0.001937
-0.003735
-0.003842
0.000505
-0.000621
-0.005453
0.000612
-0.001668
-0.003037
-0.004193
-0.001050
0.002118
0.000561
-0.001452
0.003568
0.005741
-0.001290
0.001179
0.002682
