0.000344
0.000416
0.002736
-0.003742
-0.000345
0.002673
-0.000084
0.000804
0.002759
0.000763
-0.003719
0.003583
-0.003323
0.002506
-0.000314
0.000186
-0.000503
-0.000273
-0.000503
-0.000242
0.000281
0.002610
-0.004138
-0.000503
0.003196
-0.000440
-0.000440
-0.000084
0.005237
0.004898
0.000637
0.004930
0.003750
-0.003679
-0.000931
0.003196
-0.004692
0.000542
-0.001318
-0.001778
0.000542
-0.000503
-0.004701
0.001984
-0.000440
-0.007521
-0.000940
0.002704
-0.003774
-0.000377
-0.001548
-0.004692
0.003687
-0.002174
-0.002863
-0.002706
-0.002832
-0.001138
0.002610
-0.004368
0.003394
-0.004661
-0.000994
-0.004201
-0.000440
0.002673
-0.004828
0.000867
0.003425
-0.000012
0.004826
0.005016
0.005453
0.000407
0.002768
-0.000282
-0.003449
0.002831
-0.003742
-0.000503
0.002610
0.000313
-0.001192
0.000416
-0.000503
-0.000345
-0.000503
0.000542
-0.000598
0.000083
0.003124
-0.000250
0.000114
0.000804
0.002403
-0.000345
0.000083
-0.000598
-0.000147
-0.000503
