0.007701
0.000036
0.000977
0.000331
0.000779
-0.000492
-0.001008
0.000502
-0.000353
0.000645
-0.001026
-0.000396
0.000271
-0.000044
0.000160
-0.001449
0.001038
0.000317
0.002401
-0.000050
0.000802
0.001491
0.001834
-0.001550
0.000487
-0.006087
0.000509
0.000073
0.000725
-0.002142
0.000014
0.001734
-0.000548
-0.000346
0.001315
0.000030
0.004113
0.000891
-0.001248
-0.000486
-0.000459
-0.004155
0.000620
-0.000967
0.002127
-0.001172
0.004815
-0.000363
-0.000060
0.000580
-0.001035
-0.000313
-0.000971
-0.000993
-0.001076
-0.000207
0.000064
-0.000059
-0.000161
-0.000396
-0.002228
-0.000973
0.001009
-0.000310
-0.000378
0.000048
0.002596
0.003467
-0.001236
-0.000167
-0.000245
-0.003770
-0.008171
-0.001047
-0.000346
-0.000106
-0.000121
0.002648
0.002306
-0.000143
-0.001063
0.000870
-0.000310
-0.000828
0.000162
0.000854
-0.000013
-0.000341
-0.000253
-0.000482
0.000623
-0.003297
0.000134
0.001197
0.001441
0.002061
-0.000751
-0.000437
0.004287
-0.004457
