-0.344973
-0.108308
-0.016498
-0.004689
0.003841
0.004136
0.005346
0.009188
0.005361
0.003024
0.008766
0.006838
0.003236
0.008935
0.003967
0.006303
0.004432
0.003981
0.003784
0.005164
0.005966
0.004024
0.008020
-0.000846
0.004207
0.003573
0.008260
0.000745
0.014930
0.004446
0.003250
0.009526
-0.001029
0.006754
0.017406
0.000548
0.007809
0.001027
0.010356
0.005558
0.002335
0.007331
0.004052
0.005023
0.004826
0.007331
0.006529
0.003433
0.000097
0.001533
0.005164
0.003250
0.000899
0.007021
0.003404
-0.000100
0.000069
0.001870
0.003658
0.002799
0.003587
0.002799
0.002870
0.004178
0.002067
0.004755
0.005009
0.007063
0.015324
0.005164
0.004066
0.004558
0.003587
0.013762
0.000984
0.006289
0.004164
0.006726
0.008260
-0.000029
0.003587
0.008400
-0.001226
0.007683
0.003587
0.005107
0.002856
0.007077
-0.000241
0.007781
0.006036
0.003784
0.004516
0.003967
0.008203
0.000533
0.004544
0.009779
0.007711
0.004249
