0.000292
0.000348
-0.000223
0.002179
-0.000424
-0.002510
-0.000165
0.003125
0.000121
0.002781
0.000349
-0.001167
0.000635
-0.003684
0.003209
-0.000452
-0.000509
-0.000223
0.000119
-0.000337
-0.001168
-0.000223
-0.000137
0.002380
-0.000424
-0.000223
-0.000624
-0.002997
0.008100
-0.000452
-0.000452
-0.000681
0.008758
0.003295
0.001779
-0.003598
0.000206
0.002237
-0.000509
-0.004114
-0.000223
-0.000681
-0.001253
0.000348
-0.001996
0.001092
-0.005028
0.000007
-0.001281
-0.003313
-0.001309
-0.004114
0.002293
-0.000480
-0.003941
-0.001280
-0.003141
-0.000309
0.002265
-0.003141
0.001464
-0.003341
-0.000452
-0.001482
-0.000538
-0.000337
-0.003083
-0.000424
0.002179
0.010074
0.000348
0.000348
-0.001309
0.008758
-0.000939
-0.000337
-0.000081
-0.003712
0.002980
-0.003885
0.002265
-0.000337
0.000348
-0.000709
-0.000252
-0.000452
-0.000452
0.000463
0.002237
-0.003055
0.002237
-0.000137
-0.000251
0.000751
-0.000078
0.000636
-0.000108
0.002208
-0.000338
-0.000337
