-0.000796
-0.004871
-0.001310
0.002109
-0.000426
0.000239
0.002408
0.000110
0.000132
0.008180
-0.000814
-0.001296
-0.019012
0.003949
-0.004849
-0.001497
0.000333
0.000177
0.001552
-0.001890
0.000284
0.000043
-0.001390
-0.001769
0.001881
0.000055
0.000055
0.000055
0.000055
0.000573
-0.000034
0.000144
-0.000034
0.000055
-0.000244
0.000162
0.001818
0.000055
0.000122
-0.001016
0.001524
0.000751
-0.000320
-0.001811
0.002702
0.001015
0.001497
0.000550
0.000077
0.000157
0.000184
0.000443
0.000095
0.000448
0.003938
0.001519
-0.003163
0.000818
-0.000043
0.001823
0.000336
0.000167
0.000055
-0.000012
0.000443
-0.000226
0.000055
-0.002003
0.002327
-0.001311
0.000617
0.000055
0.000055
0.001947
0.000162
0.000055
0.000055
0.000055
0.000055
0.000483
0.000055
0.000184
0.002126
-0.000088
0.000975
0.002229
0.002572
0.000274
-0.006644
-0.003400
0.004014
-0.010274
-0.001780
0.003220
0.007196
0.000573
0.000055
0.000162
0.000055
-0.000378
