-0.000560
0.001596
-0.001247
0.001596
0.000128
0.000132
0.000628
-0.000109
0.000757
0.001552
-0.004867
-0.007728
0.001645
-0.002465
0.003516
-0.001425
-0.004398
0.004131
0.001092
0.001596
-0.002684
0.001324
0.000271
-0.001912
-0.005622
0.001626
0.000251
0.002671
0.001345
-0.002627
0.001725
-0.000905
0.001416
-0.001039
0.001497
0.000055
-0.001342
0.000055
0.002077
0.000055
-0.003083
0.001015
0.000948
0.000189
0.001541
0.000483
-0.001838
0.002077
0.000055
0.000050
0.002077
-0.001449
0.000055
0.001559
-0.001409
0.000381
0.000256
0.002738
0.000385
0.002055
0.000939
-0.004989
-0.004801
0.006880
-0.010528
-0.003119
0.001671
0.008339
0.000376
0.000055
0.000466
0.000162
-0.000463
0.000573
0.000055
0.000055
0.000162
-0.000052
0.000055
0.000162
0.000055
0.000573
0.007196
0.003220
-0.001003
-0.010229
0.003733
-0.004623
0.001890
-0.000949
0.001586
-0.001342
0.000055
0.001497
0.000184
0.000354
0.000055
0.000077
0.000162
-0.000378
