-0.000796
-0.001341
-0.001711
0.003573
-0.003889
0.000628
0.001592
-0.001912
0.002002
0.007644
-0.000752
-0.002965
-0.018686
0.003270
-0.005518
-0.004782
0.002498
0.000645
0.002293
0.000789
0.002422
0.000177
0.000453
-0.004550
-0.000399
-0.000333
0.000573
0.000055
0.000055
0.002055
-0.001815
0.000483
0.001519
0.000189
0.000881
0.001082
-0.003060
0.000055
0.002055
0.000055
-0.001320
0.000055
0.001474
-0.001016
0.001394
-0.000882
0.001894
-0.002797
0.001345
0.002622
0.001671
-0.001342
0.001559
0.000573
0.002077
-0.001539
0.001648
0.000640
0.002260
0.001345
-0.002926
0.002153
-0.000882
0.001394
-0.001016
0.001474
0.000055
-0.001320
0.000055
0.002055
0.000055
-0.000374
0.000483
-0.000374
0.000483
0.000055
0.000162
-0.000052
0.000162
0.000077
0.000055
0.000354
0.000184
0.001519
0.000055
-0.001364
0.001608
-0.000972
0.001591
-0.004324
0.003755
-0.010251
-0.001003
0.003220
0.007196
0.000573
0.000055
0.000162
0.000055
-0.000378
