0.000368
-0.000363
-0.000363
-0.000408
0.003173
-0.003004
-0.001064
0.000174
0.002397
-0.002362
0.002098
0.005066
0.003650
0.001799
-0.003645
-0.009673
0.000307
-0.000066
0.002813
-0.002392
-0.000333
0.002308
0.000293
-0.000169
0.000413
-0.000960
0.000502
-0.000333
-0.001168
0.000144
-0.001139
-0.000363
-0.000363
0.000487
0.002278
-0.000363
-0.002810
-0.000468
0.002233
-0.002362
0.002664
0.000069
-0.000066
-0.011120
0.008795
0.001799
-0.000333
0.002308
0.000293
-0.003734
0.003203
-0.000408
-0.000169
-0.000557
-0.000169
-0.000184
0.002785
0.000934
0.009005
-0.008241
-0.001661
0.002187
-0.000230
-0.000244
-0.002362
0.002233
-0.002944
0.002397
-0.000363
-0.000482
0.000293
-0.000363
-0.000393
-0.000139
-0.001826
0.000055
-0.002810
0.002904
-0.000139
-0.000363
-0.000363
0.000487
-0.000258
0.002262
-0.002303
0.003096
0.000024
-0.002213
-0.012626
0.002799
0.003828
0.001920
0.004096
0.002173
0.000338
-0.000363
-0.000184
-0.000169
-0.000363
-0.001139
