0.003047
0.002180
-0.007367
0.000288
0.001787
-0.001233
-0.003566
-0.003670
-0.002950
-0.008465
0.004937
0.002696
0.000373
-0.002678
-0.001314
0.000257
-0.000310
-0.003123
0.000225
-0.001077
0.001573
-0.003967
0.002639
0.000034
0.001578
0.000297
-0.000054
0.000100
-0.000030
-0.000030
0.000079
0.000297
0.001557
-0.001144
0.002639
-0.002534
0.001469
-0.001056
0.001509
-0.000995
0.002241
0.000462
-0.002709
0.000406
0.000382
0.001751
0.000523
0.000398
0.000555
0.001493
0.000491
0.002014
-0.000009
0.000659
0.000526
0.002009
0.000294
-0.001487
0.001993
-0.002622
0.000630
-0.003230
0.001254
0.002530
-0.006819
0.000228
0.004640
0.000574
0.000533
-0.000009
0.001557
0.000275
0.000100
-0.000142
0.000079
-0.000466
0.000406
-0.000030
-0.000030
-0.000030
-0.000033
0.000079
-0.000139
0.000406
-0.000227
0.001775
-0.001165
0.000661
0.004186
0.003317
-0.008624
0.001943
0.002187
0.000860
-0.003262
0.000353
-0.002749
0.002014
0.002469
0.000531
