0.000355
-0.000254
0.003187
-0.000467
0.000568
-0.003361
0.006743
0.000536
-0.004363
-0.003725
-0.002080
-0.000435
-0.000498
-0.000498
-0.000435
-0.000498
-0.000435
-0.000498
-0.000498
-0.000192
-0.000741
-0.000435
-0.000498
-0.000435
-0.000498
-0.000498
-0.000435
-0.000498
-0.000435
-0.000498
-0.000435
0.000355
-0.001350
-0.000435
-0.000498
0.003704
0.000870
0.000687
0.002304
0.009271
0.000051
-0.003269
0.002362
0.001115
-0.000498
-0.000435
-0.000498
-0.000222
0.003579
-0.004484
-0.004393
0.003398
-0.000435
-0.000498
-0.000435
-0.000498
-0.001684
0.000355
-0.000041
-0.004331
-0.000467
0.003247
-0.005399
0.004308
0.000417
-0.000498
-0.000435
-0.000498
-0.004393
-0.000407
-0.000073
-0.000498
-0.000073
0.002547
-0.000377
0.003398
-0.003478
0.003398
-0.002718
0.001876
0.000598
-0.000775
0.004006
-0.000194
0.000049
-0.003114
0.002394
0.004372
-0.003478
-0.001350
0.003490
-0.002780
0.002942
0.000017
0.000838
0.002272
0.000049
-0.000315
0.000385
-0.001075
