0.000371
0.003530
0.004841
-0.000386
-0.000386
-0.001260
-0.008174
-0.000604
-0.000343
0.001623
0.005001
-0.007606
-0.000386
-0.000386
-0.001143
0.000371
-0.000343
-0.000386
-0.000386
-0.000386
-0.000386
-0.000386
-0.000386
-0.000386
-0.000343
-0.000386
-0.000386
-0.000386
-0.000386
0.002875
0.000109
0.004899
-0.000168
-0.000343
0.004127
0.004273
-0.000386
-0.000386
-0.000386
-0.000386
-0.000386
-0.000343
-0.000386
-0.000386
-0.000386
-0.001143
0.000371
-0.000386
-0.000386
-0.000343
-0.000386
-0.000386
-0.000386
-0.000386
-0.008144
0.006834
0.000269
-0.000924
-0.003066
-0.002307
-0.003079
-0.000269
0.002190
0.005350
-0.000386
-0.000386
-0.000343
-0.000386
-0.000386
-0.000386
-0.000386
-0.000386
-0.000386
0.000677
0.004388
0.003064
0.000371
-0.001143
-0.000386
-0.000386
-0.000386
0.002875
-0.006223
0.002233
-0.000386
-0.003807
0.003821
0.002337
-0.003865
0.000677
0.006762
0.000531
-0.000197
-0.000386
-0.000386
-0.000386
-0.000386
-0.000386
-0.000386
-0.001100
