0.004082
0.004248
-0.006765
0.002759
0.000435
-0.001390
-0.001121
-0.003153
0.000968
0.001025
-0.003411
0.000435
0.007052
-0.009616
0.001523
0.002696
-0.004882
0.002994
-0.004413
-0.000412
-0.000297
-0.000503
-0.001883
0.001054
-0.000503
-0.000440
-0.000503
-0.000417
-0.004270
0.003526
0.001111
-0.000543
-0.001585
-0.000297
0.004253
-0.000125
0.003429
0.005753
-0.003623
0.004253
0.003257
-0.000206
-0.000738
-0.000503
-0.000503
-0.000440
-0.000503
-0.000503
-0.000440
-0.000503
-0.000269
-0.000675
-0.000503
-0.000503
-0.000234
-0.000709
-0.000503
0.000435
-0.001379
-0.000503
-0.000738
-0.008202
0.007012
-0.000618
-0.003382
0.003578
-0.001562
-0.003234
-0.000303
-0.000303
-0.001385
0.004282
0.000172
0.003961
0.002965
-0.002449
-0.001980
0.000876
-0.000658
-0.000864
-0.002678
0.002164
0.001781
0.003910
-0.001121
-0.000503
-0.000503
0.003320
0.000928
0.000779
0.002170
-0.003680
0.003458
-0.007229
-0.000681
0.003194
-0.004264
0.004402
-0.005850
0.007722
