0.000371
-0.000455
-0.000455
0.000491
-0.000575
-0.001281
-0.000455
-0.000455
0.004566
0.000051
0.004330
-0.005270
-0.001457
-0.003998
0.003088
0.004683
0.000371
-0.010199
0.003355
-0.002993
-0.002993
0.001110
0.000428
-0.000129
0.003591
-0.008927
0.001673
0.001110
0.000491
-0.001401
0.004477
-0.006033
0.000551
-0.000605
-0.000248
0.003767
0.003711
-0.000156
0.001379
0.005835
0.003504
-0.000248
-0.000455
-0.000455
-0.000398
-0.000455
-0.000455
0.003325
-0.004234
-0.000455
-0.000455
-0.000455
-0.000455
-0.000455
-0.000248
-0.000605
-0.000455
-0.000455
-0.000455
0.000491
-0.001401
-0.001873
-0.009163
0.009259
-0.001517
-0.003492
-0.004028
0.003355
0.004537
-0.000455
-0.001281
0.000371
-0.000455
0.000491
-0.001401
-0.000455
-0.000219
-0.000634
0.000697
0.002172
0.001969
0.007104
-0.004234
-0.006003
0.004007
-0.003226
0.003857
-0.000958
0.004327
-0.003172
0.006871
-0.000156
-0.004615
-0.003998
0.003088
-0.000455
0.001733
0.002409
0.000697
-0.001224
