0.001818
0.006450
-0.000442
0.001355
0.003814
0.000717
0.006306
-0.007289
-0.000037
-0.000398
0.003107
0.000573
-0.003931
0.001441
0.001412
-0.000513
-0.004886
-0.000834
-0.004438
0.000557
0.007391
0.000052
0.000847
-0.001802
-0.000398
-0.008955
0.000298
-0.001049
0.000355
-0.000311
0.002179
-0.000325
0.000934
0.000586
0.003063
-0.000398
-0.000354
-0.000398
-0.000398
-0.000398
-0.000398
-0.000398
0.000515
-0.001266
-0.000398
-0.000398
0.000355
-0.001107
0.000659
0.004263
0.002845
-0.000181
-0.000354
-0.000586
-0.003641
-0.000398
0.002281
-0.000469
-0.002961
0.003034
0.000688
0.003207
0.003366
0.000183
-0.001049
0.003685
-0.003612
-0.001049
0.000110
-0.000209
-0.000398
-0.000398
-0.000398
-0.000542
-0.000427
-0.000181
-0.001266
0.000471
-0.000354
-0.001266
0.000471
-0.000398
-0.000615
-0.000181
-0.000354
-0.003829
0.002817
-0.000181
-0.000586
-0.000165
-0.000398
-0.001151
0.000355
-0.000398
-0.003785
0.003034
-0.001151
0.000355
-0.000398
-0.001107
