0.000504
0.006591
0.001284
-0.000360
-0.001236
0.000267
-0.007725
-0.001920
-0.000597
0.001425
0.002499
-0.004260
0.000267
-0.001084
0.000323
-0.000360
-0.000360
-0.000360
0.000476
-0.001236
-0.000360
-0.000151
-0.000569
-0.000400
-0.000541
-0.000179
0.002941
0.001662
-0.000135
0.002969
0.000573
0.003403
0.004669
-0.001236
-0.000750
-0.003299
0.002969
-0.001084
0.000323
-0.000541
-0.000179
-0.000360
-0.000400
-0.001196
0.000295
-0.000179
0.000601
-0.004662
-0.002016
0.004850
0.000573
0.002149
-0.011388
-0.001196
-0.000360
-0.001084
0.001381
0.003194
0.000561
0.002969
-0.000360
0.000436
-0.001196
-0.000360
-0.000151
-0.000569
-0.000400
0.000363
-0.001084
-0.000360
-0.000360
0.000323
0.007399
-0.000179
-0.000360
-0.000360
-0.000400
-0.000360
-0.000360
-0.000179
-0.000581
-0.000360
-0.003633
0.002969
-0.000360
0.002957
-0.003299
0.007066
-0.000264
0.000295
-0.001056
0.000476
-0.000360
-0.000360
-0.000360
-0.001236
-0.002825
0.002941
-0.000360
-0.001084
