0.000328
-0.000488
-0.000488
0.003522
-0.002834
-0.000397
0.000641
0.002444
0.000845
0.003604
-0.001505
-0.008921
-0.000740
-0.000558
-0.000488
0.000398
-0.000488
-0.000558
-0.001374
-0.000488
-0.000488
-0.000558
-0.000488
0.003522
-0.004498
-0.000488
-0.000810
0.000650
-0.001374
-0.000488
-0.000558
-0.000488
0.003522
-0.004024
-0.000115
0.004047
-0.000024
0.005285
0.004269
-0.000072
0.000763
0.003834
-0.000740
0.000580
0.003161
-0.005636
-0.003612
0.007453
-0.004276
0.008379
-0.008317
-0.000962
-0.004598
-0.001566
0.004077
0.000650
-0.004850
0.003552
-0.000488
-0.009646
0.007353
0.006545
-0.004568
-0.001496
0.000268
-0.006371
-0.000497
-0.003621
0.006949
-0.003690
0.000763
0.002666
-0.000488
0.000328
0.003552
-0.003299
0.002353
-0.000336
-0.004385
0.004873
0.000420
0.002948
-0.000588
-0.000871
0.000298
0.000177
-0.000558
-0.000267
-0.000488
0.003552
-0.003642
-0.000306
0.002505
-0.000336
0.000893
0.003100
-0.002734
-0.000336
-0.000427
0.002727
