0.000342
0.001127
0.005567
-0.001644
0.003347
-0.000421
-0.008212
-0.001968
0.000312
-0.000066
0.003959
-0.009669
0.003083
0.000599
-0.001032
-0.000624
-0.000421
-0.000421
-0.000677
-0.000217
-0.000655
-0.000187
-0.000187
-0.000655
-0.000421
-0.000421
-0.000421
-0.000473
-0.000421
-0.000421
0.000395
0.001309
0.005454
0.001157
0.004699
0.000063
0.000184
0.004049
0.000017
0.002207
-0.003191
-0.000421
-0.000187
-0.001704
0.000659
0.000342
-0.001470
-0.001002
-0.000421
0.000395
-0.000421
-0.000421
-0.004158
-0.000421
0.002124
0.000720
-0.000624
-0.000217
-0.001236
-0.001093
-0.008061
-0.000655
0.000516
0.002766
0.004080
-0.000308
0.000516
-0.000421
-0.000421
-0.000421
0.003317
-0.003018
0.002124
-0.000390
-0.000390
-0.002957
0.002471
0.000727
0.004396
-0.000421
-0.001236
0.000342
-0.000421
-0.000421
-0.000421
-0.000421
-0.000421
-0.000421
0.004404
0.001044
0.001837
-0.002519
0.002237
-0.000390
-0.000390
-0.000390
-0.000217
-0.000421
0.000282
-0.001002
