-0.002254
-0.000308
0.000931
0.001845
-0.002076
0.000673
0.000047
-0.000643
0.000754
0.000462
-0.002665
0.003617
-0.001388
-0.001734
0.001114
0.003495
-0.002856
-0.008190
-0.002539
0.006557
-0.000035
-0.000091
-0.005180
-0.001082
0.000360
0.000994
-0.000423
0.000548
0.000782
-0.000226
0.001803
0.000906
-0.000246
0.001913
0.000350
0.000149
0.001311
0.000552
-0.000308
0.000682
-0.000582
-0.000264
0.000911
0.000427
0.000853
0.006243
0.002144
-0.000213
0.000544
0.000955
-0.000835
0.000868
-0.000366
0.000071
0.000029
-0.000475
-0.000016
-0.000394
-0.000447
-0.000939
0.000172
0.000092
0.000394
-0.000231
0.000277
0.000869
-0.000288
-0.005386
-0.000878
0.000447
0.004652
-0.000529
-0.000040
0.000770
0.002041
0.004048
-0.005487
0.000597
0.006517
-0.007922
0.001792
-0.003251
-0.007167
-0.001376
-0.001609
0.001214
0.000543
-0.000725
0.000482
0.000357
-0.000140
0.000334
-0.000318
0.003677
0.001878
-0.005416
-0.000013
0.001743
0.000174
0.001590
