-0.020756
-0.007858
-0.008604
0.001103
0.000468
0.001303
-0.000652
0.000723
-0.001710
0.001088
0.003317
-0.004412
0.005928
0.003042
-0.002378
-0.001015
0.001384
0.001369
-0.001089
0.000264
0.001588
0.000590
0.001073
0.000334
-0.000069
0.000393
-0.000039
0.001469
-0.000663
-0.000350
-0.000057
-0.000317
-0.000161
-0.000435
0.000629
0.001871
0.003559
0.009181
0.003330
0.001623
0.000921
0.000134
0.000182
-0.000331
0.001402
-0.001092
0.001177
-0.000940
-0.000006
-0.000039
-0.001817
0.000796
-0.000980
-0.001317
0.001029
-0.003019
0.000202
-0.000940
0.000834
-0.005569
0.003084
-0.000803
0.007093
-0.003943
0.000101
0.002491
0.006312
-0.010036
0.002900
0.004594
0.000212
-0.007687
-0.002745
0.001252
-0.001122
-0.000302
0.000223
-0.004253
0.001613
0.002466
0.003061
-0.005978
0.005126
-0.005493
-0.001074
0.000106
0.000301
0.002407
0.008006
0.000496
0.001819
0.000241
-0.000039
0.000416
0.001573
0.000601
0.001088
-0.000024
-0.001495
0.001724
