0.000573
0.000314
0.001531
-0.000079
0.001732
0.000267
-0.001984
0.000941
-0.001068
-0.002007
0.002851
0.006159
-0.004452
0.002909
0.002847
-0.002015
0.007499
-0.005015
-0.001872
-0.000892
0.000343
-0.000097
-0.000097
-0.001094
-0.008836
0.001860
0.007921
-0.006787
0.006198
-0.004756
0.004823
-0.002224
0.004086
-0.004632
-0.002009
-0.006036
0.003433
-0.009174
0.003739
0.002665
-0.007199
0.007189
0.001249
-0.001227
-0.001121
-0.000710
-0.000232
-0.000418
-0.004315
-0.000255
-0.000006
-0.001351
0.001214
0.000046
-0.001136
0.000166
0.002603
0.001808
0.004996
0.005033
0.004740
0.009500
0.004270
-0.002760
-0.000188
0.001372
0.000114
-0.000461
0.000267
0.000974
-0.001059
0.001057
0.000124
0.000234
0.002402
0.000587
0.001415
0.001493
-0.003616
0.001376
0.003713
-0.005087
0.004328
-0.002218
0.002555
-0.002209
-0.000097
-0.001514
0.001243
-0.000021
-0.000097
-0.000097
-0.001731
-0.005779
-0.008966
-0.008426
-0.006235
0.004675
-0.001188
0.001411
