-0.006226
-0.003556
-0.000486
0.001035
0.001001
0.000654
-0.002966
-0.000722
-0.002197
-0.000024
0.000494
0.000901
0.002082
0.000187
-0.002445
-0.005134
0.002146
-0.003818
-0.002999
0.001749
0.001904
0.015884
0.000509
-0.008475
0.009621
-0.008539
-0.001283
0.000152
-0.003318
-0.001397
-0.003782
-0.000836
-0.003047
-0.001690
-0.001202
-0.004206
0.000266
-0.004220
-0.001759
0.004197
0.007393
0.011960
0.004799
0.002265
0.004005
0.004388
0.001720
-0.001669
0.002434
0.001099
0.000480
-0.000898
0.003826
-0.000027
-0.001010
0.002489
-0.000124
0.002296
-0.000510
-0.000005
-0.000450
-0.000353
-0.003120
0.000095
-0.009063
0.004795
-0.000988
0.011225
-0.008632
0.001996
0.010818
0.006989
-0.002121
-0.006361
0.006970
0.007489
-0.004972
-0.000205
-0.003301
-0.005783
-0.014307
-0.009288
-0.000876
-0.000531
-0.004339
0.002862
0.000852
0.004200
-0.001105
-0.002311
-0.005538
0.002629
0.004583
0.005228
-0.005096
-0.002942
-0.002097
0.001970
0.001039
0.006672
