-0.016841
-0.007529
-0.009159
-0.000508
0.000079
0.002304
-0.001305
0.002275
0.001108
-0.000187
-0.000625
0.006995
0.000806
-0.000480
-0.001022
-0.000533
-0.002960
-0.002989
0.002426
0.000082
0.002866
-0.002587
-0.000210
-0.000768
0.000914
0.000390
-0.002777
-0.004951
-0.000898
0.002206
0.005041
-0.009418
0.000300
0.005196
0.000200
-0.004729
0.006260
-0.000594
0.002310
-0.002675
-0.000257
-0.000908
0.001222
-0.003158
0.000295
0.000005
-0.001077
0.000238
-0.000451
-0.001047
0.000454
0.000834
0.000349
0.000130
0.000276
-0.001619
0.002006
0.000003
0.000384
0.001336
0.002432
0.003892
0.008031
0.003337
0.002244
0.000632
-0.000162
-0.000159
-0.000819
0.001196
-0.000270
-0.000476
0.001063
0.000311
0.000155
0.000079
0.000079
0.000374
0.000952
-0.000511
0.002560
-0.000343
0.001241
0.001292
-0.000406
-0.002501
0.001844
0.002768
-0.001742
0.004291
-0.000061
-0.000064
-0.000546
0.001507
0.000140
0.000130
0.000168
0.001155
-0.000756
-0.000086
