-0.013572
-0.016398
0.001598
0.005618
-0.006329
-0.007797
0.002220
-0.001627
-0.004322
0.001156
-0.000515
0.001514
-0.001379
0.001107
-0.002826
0.000600
-0.000291
0.001095
-0.000537
0.007341
-0.005807
0.005264
-0.000833
-0.000970
0.004063
-0.006325
-0.005745
-0.000403
-0.001528
0.000847
-0.000241
-0.000476
-0.000377
0.005609
0.001205
-0.001244
0.000724
-0.001070
-0.007464
0.001924
-0.004669
0.008194
0.001577
-0.007080
-0.005101
-0.001046
0.000043
-0.001305
0.000983
-0.000118
0.000327
-0.000626
-0.002295
-0.000958
-0.001900
-0.001751
0.000859
0.000329
0.000093
0.002307
0.001255
0.003333
0.001849
0.004262
0.004089
0.003112
0.008912
0.003310
0.004262
0.002617
0.002294
0.003098
0.002171
0.000600
0.002443
0.001182
0.001169
0.001292
0.000030
-0.000712
0.000785
0.001095
0.001576
0.001303
-0.000218
-0.002827
0.000550
-0.000476
-0.001317
0.000686
-0.000799
0.002306
-0.002035
-0.003989
-0.002022
0.008639
-0.002973
-0.002627
0.002715
0.007378
