0.001166
-0.000375
-0.000118
0.000204
0.006575
0.014776
-0.007212
-0.011432
-0.013696
-0.005301
-0.006088
0.000926
0.001663
0.001311
-0.005238
0.001022
-0.000279
0.004568
-0.000728
0.007202
0.007442
0.002626
-0.009764
0.005195
0.011326
0.001711
-0.000118
-0.000101
0.000139
0.003397
-0.003889
-0.004900
-0.000070
0.003349
-0.004273
-0.007017
-0.017227
0.004074
0.010716
0.001584
0.003188
0.001407
-0.000776
0.001118
0.001359
0.002177
-0.003954
-0.004643
0.001680
-0.008575
-0.007034
-0.005781
-0.007627
-0.016713
-0.003260
-0.001928
0.000672
0.010332
0.010781
0.005293
0.004554
0.003430
0.002499
0.010973
-0.011048
-0.000118
-0.000118
-0.004900
0.004938
0.000845
0.000139
0.003317
0.001903
0.007538
0.006445
-0.000118
0.008308
-0.004869
-0.000536
-0.000053
0.001872
-0.001337
0.001102
-0.007212
-0.005174
0.005901
0.000331
0.005965
0.000139
0.001920
0.004568
0.005051
-0.004756
-0.016586
-0.005623
0.001584
0.003445
0.004842
0.000074
-0.000101
