0.005621
-0.000350
0.005992
0.001645
0.000671
0.003626
-0.003598
0.003014
0.001057
0.004600
0.000315
-0.001270
-0.003560
0.002667
-0.006089
-0.005671
-0.015053
-0.012408
0.002319
0.012141
0.002117
-0.000234
0.000075
0.001096
-0.001680
-0.000080
0.000980
0.004508
-0.000504
-0.001959
-0.005145
-0.000528
-0.000451
-0.010807
-0.011897
0.001051
0.016349
0.005110
-0.002229
0.002860
0.004600
-0.001502
-0.005068
-0.000234
0.000152
-0.000644
0.004484
-0.004774
0.004523
0.000060
0.000671
0.007323
0.000532
0.004840
-0.000504
0.003409
0.002156
-0.004774
0.004074
-0.004914
0.003270
0.000686
-0.001178
0.001096
-0.001781
-0.011627
0.009048
-0.004225
0.004546
0.001274
0.000918
0.003510
0.003958
-0.002423
0.004817
-0.016485
-0.005300
-0.000644
0.001452
0.004600
-0.000234
-0.000080
-0.000234
0.003997
0.000161
-0.004721
0.004724
-0.000644
0.006325
0.003842
-0.016856
-0.005338
-0.000668
0.003958
-0.006104
0.003486
0.004306
-0.000466
0.001708
-0.001386
