0.011695
0.001152
-0.000130
-0.000302
-0.002668
-0.017126
-0.001509
0.001325
0.003972
0.000758
-0.000068
0.000141
0.000683
0.000672
-0.000610
0.002605
0.009539
-0.002520
-0.017003
-0.005711
-0.003579
-0.001546
-0.002075
0.000055
0.002827
0.000340
0.000461
0.001694
0.002100
-0.002654
0.007729
-0.002802
0.008691
0.000044
0.005045
-0.000536
0.000721
-0.000105
-0.000056
-0.000227
0.000104
-0.003382
-0.014319
-0.000869
0.009022
0.000178
0.000192
-0.002914
-0.000030
-0.000290
0.002433
0.001657
0.000215
-0.005106
-0.004232
-0.005451
-0.008112
-0.006179
-0.008457
-0.012546
-0.002990
-0.000749
-0.000563
0.001112
0.005928
0.010524
0.003650
0.004821
0.004661
0.003059
0.002494
0.001434
0.002433
-0.003702
-0.000302
0.000832
-0.001029
0.000092
0.002605
-0.002137
0.004121
0.003912
0.010033
-0.000610
-0.006891
0.005340
-0.000856
0.000438
0.000055
0.000167
0.002839
0.000486
-0.004527
-0.000190
-0.003011
0.003641
0.000340
0.003381
0.001017
0.005203
