0.000408
-0.000269
0.002651
0.000244
-0.001020
0.002937
-0.000126
0.001508
-0.001454
0.001106
-0.000073
0.000059
-0.000348
-0.001496
0.001339
-0.000904
0.000926
-0.008876
-0.001761
0.004026
0.001868
0.000117
-0.000084
-0.000058
-0.001385
-0.000015
-0.000015
0.003095
-0.000364
0.000371
-0.004866
0.004000
-0.000952
-0.000015
-0.000375
0.000218
-0.001898
-0.007675
-0.001808
0.005634
0.000218
-0.001375
0.001260
0.001350
-0.001084
0.000006
-0.000100
-0.000058
-0.001375
0.002487
-0.000967
0.001127
-0.001158
0.000461
-0.000364
0.003032
0.001646
0.000202
0.001699
-0.001682
0.001291
-0.002560
0.002429
-0.001380
0.001080
-0.000290
-0.001179
0.000048
-0.001137
0.002736
-0.001131
0.002799
0.000810
-0.001681
-0.002528
0.001334
0.001350
0.000302
-0.000073
-0.000788
0.000948
0.000218
-0.001406
0.001016
-0.001295
0.002048
0.000334
0.004148
0.000112
-0.006654
-0.000814
-0.001406
0.000604
-0.000401
0.000979
-0.000936
0.000011
0.001122
0.000239
-0.000290
