0.004189
0.000528
-0.003382
0.003453
-0.002098
0.004309
0.000019
0.002129
-0.001910
0.002077
0.000085
0.000082
0.000019
0.000019
0.000017
0.000019
-0.001592
0.000019
-0.001095
-0.008110
-0.001792
0.004846
0.001809
0.000115
0.002244
0.000019
0.000441
0.000184
-0.001633
0.001658
-0.000085
-0.000016
-0.002613
-0.005960
-0.011037
-0.005957
-0.004132
-0.002906
0.006731
0.004192
-0.000139
0.000019
0.000017
0.000118
0.002471
-0.000221
-0.002397
0.000118
-0.000452
-0.001081
0.001803
0.000274
0.002025
-0.001267
0.002272
0.001267
0.003683
0.000214
-0.001015
0.002074
0.000118
0.001691
0.000118
0.000019
0.000082
0.000460
-0.004126
0.001147
0.001135
0.002364
0.000588
0.001456
0.001248
0.001954
-0.002296
-0.003568
-0.001939
0.000876
0.003839
0.000306
0.000082
0.001658
-0.001488
0.000017
0.000151
0.005412
0.000621
-0.005964
-0.001300
-0.000320
0.000017
0.000019
-0.000019
-0.001795
0.000184
-0.001001
0.003185
-0.003182
0.003384
0.000203
