0.000054
0.001219
0.007701
0.006089
-0.013697
-0.015154
-0.003735
0.000671
0.004203
0.001751
0.003637
-0.000820
0.002008
-0.002072
-0.003529
0.005883
0.020080
0.000687
-0.006205
-0.021361
-0.006908
0.001373
-0.006238
-0.002176
-0.000444
0.004529
-0.006222
-0.000444
0.000054
-0.000701
0.007169
-0.000066
0.006192
0.003603
0.007290
-0.001233
0.000705
-0.000598
-0.000409
0.000705
-0.000169
-0.002758
-0.005364
0.004752
0.001836
-0.007850
-0.002845
-0.018464
-0.011965
-0.001439
0.018383
0.004940
0.001836
-0.000118
-0.000563
-0.000769
0.005112
-0.000717
0.002111
-0.007096
-0.003307
0.000173
-0.004387
-0.003788
-0.008554
-0.015823
0.000344
0.004596
0.005676
0.024007
0.006105
0.007975
0.001561
0.002814
0.006758
-0.005690
-0.002758
0.000517
-0.002210
-0.000341
-0.001215
-0.000341
0.004838
0.006740
0.000019
0.012896
-0.004249
0.003809
-0.000563
0.000533
-0.002210
0.000517
-0.000769
-0.000769
-0.000563
-0.003513
-0.000529
-0.010027
0.004855
0.004426
