0.003588
0.001088
0.000435
0.003311
0.001621
0.000726
0.001496
0.001933
-0.000336
0.001269
-0.001369
-0.000638
0.002238
0.002096
-0.001241
-0.010580
-0.000559
0.001319
0.007512
0.001631
-0.001295
0.000751
0.004053
0.001315
0.000740
-0.001607
-0.001834
0.002693
-0.003847
-0.007195
-0.007557
-0.010824
-0.013907
-0.007216
-0.008090
-0.004813
-0.001184
0.009826
-0.000588
-0.000357
0.000726
0.002288
0.002263
0.001092
-0.004643
0.001496
0.002135
-0.000450
-0.001632
0.004078
0.000499
0.000726
0.001809
0.005413
0.000478
0.000094
0.002728
-0.001554
0.002427
0.001493
-0.002992
0.004010
-0.001270
-0.004455
-0.001458
0.003524
0.000513
0.003218
0.003509
0.001230
0.003637
-0.000435
-0.004291
-0.006777
0.000158
0.003336
0.003020
0.001280
0.001482
-0.002214
0.003169
0.001007
-0.000687
0.001457
0.009060
-0.001568
-0.005399
-0.005690
0.001251
-0.000297
0.001028
0.001280
-0.003397
0.003474
-0.002477
0.000381
0.000488
0.003460
0.000296
0.002075
