0.000111
-0.000348
-0.000323
0.000111
0.001456
0.000496
-0.000006
-0.001810
0.006803
0.000574
-0.000017
-0.000874
-0.000917
-0.000071
0.000291
-0.006992
-0.000674
-0.000136
-0.000323
0.001288
-0.001983
-0.000323
-0.000276
0.001276
0.006186
-0.005357
-0.000348
-0.000530
0.000145
0.000586
0.001252
0.002302
0.000147
0.002174
0.000854
-0.000233
-0.000287
0.001137
-0.002327
-0.002567
-0.000903
-0.000139
-0.000692
-0.007541
0.001312
-0.001983
0.001288
-0.000323
-0.000330
-0.001488
0.001679
0.007212
-0.001398
0.001051
-0.001495
0.000986
-0.000046
0.000136
-0.000215
-0.000233
0.000021
0.001306
-0.001549
0.000986
-0.000276
-0.001825
-0.000408
0.001492
0.000973
-0.000035
0.001087
-0.004446
-0.002460
0.005444
0.001740
-0.000100
0.000269
0.001263
-0.000179
-0.001441
0.000997
-0.000323
-0.002001
-0.000806
-0.000854
-0.001911
0.000968
-0.001907
0.000048
0.000037
0.005082
0.000815
-0.000717
0.000102
0.000496
0.001274
-0.000114
-0.001434
-0.000276
0.001312
