0.000123
0.000123
-0.000257
-0.000269
0.001152
-0.000073
0.000463
0.000119
-0.001767
0.001723
0.003286
0.001033
-0.004663
-0.002772
-0.000852
-0.000329
0.000557
0.002413
0.001752
0.000308
0.001152
0.000356
0.000201
0.000065
0.000112
0.000374
-0.004532
-0.003699
-0.001060
0.000082
-0.000400
0.002121
0.002329
0.000557
0.003958
0.000236
0.001657
-0.001737
0.001116
-0.002297
-0.002522
-0.000685
-0.000601
-0.000465
-0.007546
-0.000144
-0.000442
-0.000216
0.001116
-0.001768
0.001241
0.000653
0.005587
-0.000037
0.001051
-0.001458
0.001562
-0.000590
0.000218
-0.000329
-0.000216
0.001639
-0.001809
0.000005
-0.000257
-0.000483
-0.000941
0.001770
0.000594
0.000486
-0.000150
-0.002326
-0.001904
0.003221
0.001657
0.000533
0.000195
0.000046
0.001051
-0.001404
-0.000429
-0.000424
-0.000721
-0.000436
-0.000329
-0.000911
-0.000572
-0.001784
-0.000066
-0.001767
0.004779
0.002793
-0.000471
0.001807
-0.001303
-0.000363
0.000356
-0.000203
-0.000257
0.001306
