0.000129
0.000129
-0.000257
-0.000705
0.000414
-0.000202
0.001811
-0.000818
0.000875
-0.000552
-0.004318
0.001199
-0.000330
0.000129
0.005213
0.001809
-0.000257
-0.002680
-0.004383
0.002276
0.003883
0.000560
0.000499
0.000009
-0.005424
-0.000559
0.001170
-0.001741
0.000549
-0.000124
0.003791
-0.002197
0.002638
0.002336
0.000286
0.001230
-0.000312
-0.001986
-0.000765
-0.002922
-0.000690
-0.001405
-0.006313
-0.000270
-0.000275
-0.000330
-0.000306
-0.000312
0.001175
0.000354
0.005552
0.001660
-0.001423
-0.000215
0.001285
-0.001835
0.001653
-0.000173
-0.000330
0.000129
0.001326
-0.000270
-0.000257
-0.001798
0.001230
0.000377
0.001919
0.000317
0.001671
-0.001962
-0.000257
-0.000403
-0.000330
-0.000233
-0.000403
-0.000789
-0.002862
0.000173
-0.002190
-0.000958
-0.000880
0.003690
0.001767
-0.000330
-0.000838
-0.000330
-0.000601
-0.001887
0.000059
0.000072
0.004579
0.000802
-0.000239
0.000259
0.000398
0.001298
-0.001441
-0.000069
0.001175
-0.000118
