0.000107
0.001642
-0.002268
0.000283
-0.000052
0.001440
-0.000371
0.000563
-0.000388
-0.001704
-0.001321
-0.001769
0.001642
0.004266
0.000860
0.001156
-0.001433
-0.002706
-0.000332
0.003647
0.000489
0.000472
0.001135
-0.005111
-0.000470
-0.001713
0.000128
0.001849
-0.001571
0.002051
0.003234
0.001014
0.000232
0.001161
-0.001683
0.001075
-0.004289
0.000958
-0.003459
-0.000685
-0.006160
-0.000057
0.001165
-0.002057
0.000051
0.001109
-0.001347
0.006051
0.001044
-0.000022
0.001225
-0.000306
-0.000233
-0.001751
0.001681
0.000176
0.001161
-0.000285
-0.000272
-0.000233
-0.000272
-0.002285
0.002227
0.000326
0.000300
-0.000220
-0.000306
-0.000496
-0.003364
0.004073
0.005909
0.000197
-0.000431
-0.000194
-0.002272
-0.003296
-0.002663
0.001543
0.000025
-0.001623
0.000300
-0.003076
-0.000930
0.000236
0.000085
0.001195
0.000920
0.001660
0.000128
0.001229
0.000369
0.000249
0.000404
-0.000341
0.000524
-0.000027
0.001186
-0.000130
0.000318
-0.000500
