0.000143
-0.000192
0.000047
0.001394
-0.001581
0.001527
-0.000044
0.000095
0.000133
-0.000125
-0.002207
-0.001065
-0.000292
-0.002374
0.002783
0.005056
0.000066
0.001093
-0.006566
0.000357
0.000630
0.002540
0.002062
0.000567
0.001289
-0.005272
-0.000196
0.003237
-0.001447
-0.001977
0.001413
0.001145
0.001847
-0.004522
0.001069
-0.000215
-0.001806
-0.008180
-0.002908
0.001752
-0.002374
0.001871
-0.000335
-0.000311
-0.000311
0.001871
-0.002355
0.007916
0.001050
0.001169
-0.001428
-0.000712
0.000353
-0.000215
0.001293
-0.000273
-0.001839
0.001747
-0.000192
-0.000311
-0.000311
0.000167
0.001413
-0.002278
-0.000015
0.001336
0.001661
0.000911
-0.000144
-0.002937
-0.002001
-0.000134
0.003346
0.001370
0.000243
0.001909
-0.001543
0.001289
-0.000321
-0.000215
-0.002235
-0.000569
-0.000311
-0.000311
-0.002517
0.000997
-0.001887
-0.001591
0.001661
0.001952
0.003609
0.000572
-0.000602
0.000133
0.000505
-0.000044
0.000038
0.001332
-0.001763
0.001394
