0.001280
0.000413
0.000413
0.000413
0.004288
-0.002442
-0.000352
0.001178
0.000617
0.000260
0.000720
0.003217
-0.001575
0.003371
0.002250
0.004034
0.001280
0.001432
0.004135
-0.001575
0.004851
0.004187
-0.001626
0.000464
-0.012077
0.003931
0.010814
0.003166
0.001636
-0.005246
-0.017277
-0.002239
0.001942
0.005970
0.004286
-0.005401
-0.009937
-0.017227
-0.006624
-0.004484
0.004798
0.010813
-0.006624
-0.007491
-0.016105
-0.008867
0.004949
0.003267
0.007142
0.004288
-0.004174
-0.004634
-0.006011
-0.002442
0.002451
0.010405
0.007959
0.006581
-0.003157
-0.011313
-0.009528
0.001687
0.010150
0.003879
0.004593
0.000464
-0.010599
-0.011720
-0.002239
0.008008
0.004747
0.005307
-0.000301
-0.008917
-0.010956
-0.002137
0.001431
0.011069
0.008061
0.003063
0.000771
-0.006316
0.001077
0.001994
0.003982
0.000872
0.001228
0.001382
0.004544
0.001893
0.003371
0.000617
0.000872
0.001229
-0.000148
0.000413
0.001229
0.000617
0.000413
-0.000403
