0.002744
0.004583
0.003924
0.002421
0.002010
0.001874
-0.003733
0.005341
0.001861
0.003701
0.001327
0.007219
0.005416
-0.004366
-0.006479
-0.003410
-0.009116
-0.001470
-0.005423
-0.007437
-0.000078
0.001737
0.009930
-0.000861
-0.005075
-0.007946
-0.007126
-0.011329
-0.005137
-0.007760
-0.005883
-0.004081
0.006461
0.006473
0.001115
-0.002067
-0.001222
-0.002291
-0.003485
0.000034
-0.001246
-0.000091
0.004136
0.007579
0.004136
0.003801
0.000058
-0.000078
-0.002714
-0.000339
0.001389
0.002359
0.002023
0.009022
0.005989
-0.000662
-0.001980
-0.001109
-0.000612
-0.007612
-0.000550
-0.002477
-0.000202
0.004322
0.009432
0.002681
0.000954
-0.003484
-0.002253
0.000879
-0.009514
-0.002502
-0.003658
-0.003235
0.002371
0.010016
0.003316
0.001439
-0.003210
-0.004975
-0.001172
-0.002639
-0.007326
-0.000526
-0.005261
-0.007188
0.001228
0.007343
0.006709
-0.000550
0.001886
0.002247
0.004956
0.003838
-0.004230
0.002010
0.002011
0.003576
0.004832
0.002458
