0.000975
0.000270
0.004408
-0.004681
0.000231
0.001488
0.000858
0.006567
0.009010
0.000359
-0.002806
-0.004397
-0.012535
0.000966
-0.001997
0.000801
0.002856
0.002967
0.010734
0.001999
-0.001653
-0.004096
-0.006470
-0.014757
-0.006153
-0.004627
0.000198
-0.001068
-0.000608
0.005373
0.009515
0.000760
-0.000814
-0.002023
-0.000244
-0.003517
-0.008351
-0.001644
0.001781
0.000357
-0.000181
-0.000181
0.007001
0.006881
-0.000047
-0.000181
-0.000339
-0.000656
-0.003075
-0.009901
-0.000656
-0.002973
0.002366
-0.000656
0.003005
0.005538
0.005965
-0.000062
-0.000244
0.000088
0.000222
-0.002618
-0.012162
0.001560
-0.002023
-0.000814
-0.000450
0.010417
0.002462
0.002856
-0.000047
0.002169
0.000595
-0.000077
-0.010621
-0.003138
-0.001919
-0.000536
0.000357
0.011928
0.004035
0.002524
0.000532
0.000240
0.000873
-0.005108
-0.008043
-0.001447
-0.002513
0.000114
0.009446
0.001447
0.005848
0.002225
0.000571
0.000357
-0.000181
-0.003439
0.002288
0.000342
