0.003456
-0.000249
0.003050
0.002482
0.003799
0.001677
0.001807
0.001531
0.001994
-0.003296
0.003961
0.001433
0.003131
0.000856
0.006520
0.006520
0.001937
-0.000103
0.001141
-0.004345
-0.007847
0.002099
0.001335
-0.000940
0.005870
0.006334
0.001709
0.001734
-0.001192
-0.009090
-0.004093
0.001790
-0.000915
-0.000330
0.008698
0.000897
-0.002419
-0.003419
-0.007449
-0.009034
-0.004800
-0.005264
-0.001265
0.008739
0.003481
0.001319
0.001799
-0.003654
0.001043
-0.003703
0.001019
0.001807
0.001807
0.007942
0.001693
-0.002899
-0.004540
-0.003248
-0.010512
-0.005735
-0.002842
-0.003386
0.003887
0.007130
0.000255
-0.003752
-0.001729
-0.004012
-0.007652
-0.004638
-0.002476
0.001547
0.003725
0.008210
-0.002362
-0.002549
-0.004288
-0.001087
-0.011195
-0.005531
-0.004451
-0.004199
-0.001485
0.000897
0.006464
0.006512
0.001263
-0.000972
0.001734
0.003221
0.004050
-0.004873
0.001506
0.003099
0.001457
0.002059
0.003896
0.002384
0.001449
0.002668
