0.001756
0.001186
0.001087
0.001756
0.001186
0.000851
0.003660
0.001331
0.001995
0.002100
0.002815
0.004039
0.003993
0.001616
0.002911
0.002383
-0.004763
-0.001809
0.004089
-0.000576
0.010558
0.006460
-0.005960
-0.002296
-0.009192
-0.008524
-0.003718
-0.003537
0.006795
0.005697
-0.004582
-0.007580
-0.009479
-0.010669
-0.006679
-0.004915
0.004601
0.006561
-0.002067
-0.005103
-0.004773
-0.015564
-0.006394
-0.004582
-0.004442
0.005982
0.006464
0.001087
0.003233
0.000706
-0.004614
-0.006284
0.001087
0.001186
0.001278
0.010790
0.008275
0.001186
0.001230
0.001041
-0.010281
-0.002195
0.003233
-0.001577
0.010319
0.004794
-0.004681
-0.002391
-0.004952
-0.007478
-0.004290
-0.004534
0.002789
0.002511
0.005272
-0.001102
-0.000578
-0.006337
-0.005429
-0.003337
-0.001010
0.006559
0.004131
0.007703
0.001186
0.001756
-0.002430
0.000575
0.004188
0.002472
0.004041
0.002188
0.002911
0.001811
0.001280
0.001234
0.003423
0.001657
0.000616
0.001087
