0.001789
-0.001099
-0.000691
0.006733
0.002107
0.001122
-0.002021
-0.000812
-0.003413
-0.002989
-0.002415
0.000187
0.003586
-0.001114
-0.001008
0.004102
0.004133
0.001002
0.000974
-0.002098
-0.004153
-0.004183
0.000989
-0.001418
-0.000041
0.001396
-0.002203
0.001909
0.006068
0.000623
0.002061
-0.000372
-0.002173
-0.006331
-0.002188
0.000474
-0.000222
-0.002142
0.001984
0.006188
0.000623
0.001397
0.000097
-0.002777
-0.002278
-0.000478
-0.004244
-0.000267
0.000157
0.003089
0.000095
0.004450
0.003740
-0.003624
-0.001053
0.000157
0.000444
-0.002642
-0.003639
-0.003745
-0.000267
0.001547
0.000864
0.001305
0.006990
-0.000344
-0.001720
-0.000735
0.001412
0.001924
-0.003865
-0.000372
-0.004290
-0.001930
-0.001917
0.001969
0.005796
0.002136
0.000048
0.001668
0.000097
0.000474
-0.002869
-0.003730
-0.003140
-0.000705
-0.000735
-0.000282
0.002757
0.007656
-0.002248
0.000097
0.001397
-0.000237
-0.000933
0.001485
-0.005181
-0.000056
0.000487
0.001608
