0.004403
0.003335
0.004874
0.002224
0.002000
0.002384
-0.000810
-0.000404
0.005002
0.004019
0.001861
0.004745
0.009307
-0.004966
-0.006472
-0.003534
-0.005436
-0.006226
-0.004207
-0.006911
-0.004293
0.003976
0.009927
-0.003107
-0.006035
-0.007445
-0.008844
-0.010414
-0.006056
-0.007103
-0.006301
-0.004229
0.011839
0.004596
-0.002167
-0.000917
0.000867
-0.008074
0.000996
-0.001056
-0.001975
0.000654
0.008345
0.007469
0.002844
0.001370
0.001241
0.000024
-0.004794
0.001647
0.002320
0.002096
0.007299
0.008260
0.000226
-0.002039
-0.001099
0.001562
-0.010467
-0.000190
-0.002840
-0.000426
0.002812
0.012021
0.001401
-0.000682
-0.002904
-0.001547
0.001113
-0.008929
-0.003684
-0.003524
-0.004143
0.001166
0.007416
0.007886
0.001209
-0.003000
-0.006515
-0.002178
0.002128
-0.009239
-0.003171
-0.001975
-0.006056
-0.005191
0.004169
0.011283
-0.000500
0.002000
0.004617
0.002267
0.005141
-0.004186
0.001583
0.004019
0.000632
0.003848
0.004009
0.003827
