0.001121
0.001121
0.001146
0.003411
0.001725
0.004727
-0.003307
0.001436
0.003334
0.000594
-0.000037
0.001041
0.000462
0.000148
0.000172
0.000172
-0.000170
-0.012528
-0.000194
0.001910
0.004518
0.016349
0.001886
0.006810
-0.006916
-0.006201
-0.018722
-0.005171
0.000752
0.010949
0.002884
0.005421
-0.011816
-0.019197
-0.004962
0.000622
0.005547
0.015427
0.003257
-0.010368
-0.007098
-0.007656
0.003809
0.011661
0.000647
0.007393
-0.004968
0.003045
-0.009921
-0.000509
0.009815
0.006549
0.004601
-0.008629
-0.007729
-0.009868
0.014164
-0.000170
0.013005
-0.000512
-0.006204
-0.015480
-0.007548
-0.003094
0.008709
0.002964
0.008367
0.000647
-0.000117
-0.001171
-0.009813
-0.011868
-0.004278
-0.002700
-0.005206
-0.002725
0.012715
0.005760
0.003544
0.004570
0.001935
0.003861
0.001411
0.000252
-0.013819
-0.000934
0.000385
0.000172
0.001331
0.003519
-0.003199
0.003519
-0.002463
0.000277
0.003411
0.001621
0.000906
0.001541
0.000567
0.003652
