0.003263
0.004960
0.006200
0.001253
0.004276
0.002600
0.002308
0.002294
-0.005183
0.002964
0.006257
0.004760
0.002294
0.005302
0.008538
-0.004897
-0.006437
-0.004214
-0.003857
-0.012717
0.000583
-0.003351
-0.006829
-0.005347
0.009650
-0.001676
-0.007685
-0.007756
-0.008925
-0.010258
-0.006559
-0.007007
-0.004990
0.004853
0.008945
-0.000913
-0.001990
-0.000180
-0.008769
0.002878
0.000477
-0.002517
0.003762
0.015131
0.000925
0.001952
-0.000736
-0.003622
-0.000835
0.001645
0.002650
0.009736
0.006578
-0.002695
0.000120
0.001410
-0.009724
-0.002503
-0.000329
-0.003708
0.007968
0.008659
0.000398
-0.004648
-0.002089
0.000940
-0.007664
-0.006089
-0.000792
-0.003180
-0.003800
0.004504
0.006613
0.003256
-0.004976
-0.005725
-0.001690
0.005181
-0.011898
-0.004128
-0.001513
-0.002332
-0.007229
-0.006181
0.008346
0.007668
0.001417
0.002779
0.002529
0.005266
0.005623
0.002907
-0.006324
0.002251
0.004867
0.002130
0.000911
0.005202
0.004033
0.004454
