0.001426
0.001064
0.001426
0.002481
-0.000083
0.002962
0.003591
0.001848
0.003385
0.003591
-0.003674
0.001124
-0.000174
0.000788
0.008784
0.003351
-0.003185
-0.003938
-0.010336
-0.003396
-0.004904
0.000583
0.006520
0.004680
0.000823
-0.003578
-0.005082
-0.012507
-0.006137
-0.002671
-0.000383
0.001786
0.008662
0.002119
-0.003185
-0.005234
-0.005114
-0.011086
-0.004963
-0.004600
-0.003155
-0.000987
0.009809
0.003174
0.001426
0.001064
0.000582
-0.000537
-0.005873
0.000884
0.000943
0.001184
0.001064
0.004049
0.008150
0.000582
0.000582
0.001487
0.001547
-0.004907
-0.003280
0.001064
0.001064
0.001154
0.004984
0.008421
-0.001439
-0.003275
-0.003635
-0.003638
-0.008346
-0.002491
-0.004962
-0.004480
0.000493
0.006460
0.005406
0.000732
-0.001889
-0.001106
-0.002524
-0.006897
-0.001106
-0.000744
0.002059
0.001515
0.010291
-0.000023
0.001094
0.000701
0.001636
-0.002045
0.002237
0.003355
0.003413
0.002175
0.001243
0.001064
0.002753
0.000733
