0.000254
0.004047
0.001999
0.000861
-0.000805
0.003224
-0.006313
0.000568
-0.000805
-0.000805
-0.000913
-0.000805
0.003224
-0.004941
-0.000805
0.003077
-0.004686
0.002342
-0.000177
-0.000805
-0.001540
-0.000805
-0.000177
-0.004686
0.002342
-0.000805
-0.000177
-0.000854
-0.000805
-0.001491
-0.004059
0.002342
-0.000805
-0.005431
0.004400
-0.001491
-0.000805
-0.000227
-0.000805
-0.000805
0.000764
-0.001001
-0.000834
-0.000834
-0.001001
-0.000834
0.000734
0.000499
0.008703
0.012928
0.010301
0.006047
0.000283
0.000744
-0.000628
0.002832
-0.004598
-0.000227
0.004684
-0.000805
-0.001491
-0.004373
-0.000658
-0.000805
0.003538
-0.002001
-0.004029
-0.000805
0.002312
-0.000177
-0.000805
-0.000805
-0.001540
-0.000805
-0.000177
-0.000854
-0.004804
0.003195
-0.000805
-0.001060
-0.000805
-0.004657
-0.002255
0.003763
0.000852
-0.002432
-0.004226
-0.000805
0.003195
-0.001060
-0.000805
-0.000805
-0.004657
0.002312
0.000225
0.002107
-0.001060
0.004910
0.004734
-0.000403
