0.000347
-0.000355
-0.000355
-0.000355
-0.000355
-0.000355
0.000504
0.006694
0.005454
0.002993
-0.000141
-0.000395
0.000172
-0.001000
0.000504
-0.000355
-0.000355
-0.000355
-0.001000
0.000289
-0.000570
-0.000141
-0.000395
-0.000355
-0.000355
-0.000355
-0.000355
-0.000355
-0.003773
0.003062
-0.000355
-0.003773
0.003062
-0.000395
-0.000355
-0.000541
-0.000170
-0.000355
-0.000355
-0.000541
-0.000385
-0.000141
-0.000355
-0.003773
0.003023
-0.000355
-0.000355
-0.001215
0.000289
-0.000141
-0.000541
-0.000170
-0.000355
-0.000355
0.002105
0.000562
0.000748
0.004048
0.003921
0.004292
-0.000355
-0.000355
-0.000355
-0.001098
0.000387
-0.000355
-0.001137
0.000387
-0.000355
-0.000541
-0.000170
-0.000355
-0.000355
-0.003744
0.003033
-0.000355
-0.003744
0.002779
-0.000141
-0.001098
-0.000472
0.000504
-0.000355
-0.000355
-0.003744
0.003033
-0.001098
-0.000355
0.000347
-0.000355
-0.000541
-0.000170
-0.000355
-0.000355
-0.003744
0.003033
-0.000570
-0.000297
-0.000170
-0.001098
