0.005206
-0.005250
-0.000464
0.000644
-0.001649
-0.000282
-0.000724
-0.000542
-0.000168
-0.000838
-0.000464
-0.000542
-0.000464
0.000498
-0.001503
-0.000282
0.000315
-0.000542
-0.001503
0.000644
-0.001649
0.000498
-0.001503
-0.000542
-0.000168
-0.000838
-0.000245
-0.000760
0.000498
-0.001503
-0.000542
-0.000464
-0.000542
0.004244
-0.005250
-0.000464
-0.000542
-0.000464
-0.000542
-0.000464
0.000498
0.003205
-0.000542
-0.003172
-0.000469
0.008876
0.008616
-0.000355
0.003684
-0.004653
0.003944
-0.000282
-0.000464
-0.000245
-0.000760
-0.000542
-0.000464
-0.000542
-0.000464
-0.000542
-0.000464
-0.000542
-0.000464
-0.000542
-0.000464
-0.000542
-0.000464
-0.000542
0.000575
-0.001581
-0.000464
-0.000542
-0.000464
-0.000542
-0.002392
0.001423
-0.000542
-0.000464
-0.000542
0.000575
-0.006326
0.009026
-0.005287
-0.000464
-0.000542
-0.000464
-0.000542
-0.000464
-0.000542
-0.000464
-0.000542
-0.000464
0.004204
0.002535
0.004167
-0.000464
0.000644
-0.000314
0.003237
0.005872
