0.000249
0.004283
0.005540
-0.003966
-0.002417
-0.000072
0.000444
-0.000742
0.002845
-0.004608
-0.000742
0.002203
-0.003785
0.002790
-0.004553
0.002385
-0.003966
0.002385
-0.000198
-0.004608
0.003027
-0.004608
0.002203
-0.003785
0.002790
-0.000742
-0.000840
-0.001426
-0.000742
-0.003966
0.003027
-0.000840
-0.004608
-0.000742
-0.000840
0.003027
-0.004608
-0.000840
-0.000742
-0.000840
0.002203
-0.000155
0.000333
-0.000448
-0.000923
-0.000923
-0.001649
0.002595
0.000767
0.008737
0.019512
0.003279
0.005666
0.000891
-0.000966
-0.000296
-0.000491
0.003753
-0.000155
-0.001426
-0.003939
-0.000742
-0.000840
0.002762
-0.004343
0.002762
-0.004343
0.002176
-0.000198
-0.005655
0.000333
0.002357
-0.003939
0.002762
-0.004343
0.002176
-0.000155
-0.001426
-0.005111
0.004172
-0.000979
-0.000840
-0.004343
0.002762
-0.004343
-0.000840
0.002762
-0.000742
-0.004762
0.003320
-0.001482
-0.000253
-0.005516
0.005540
-0.005976
0.002176
-0.000016
0.005456
0.001994
0.003935
