0.001731
-0.001517
0.000925
0.007247
-0.000353
0.007093
-0.000507
0.001097
-0.000565
-0.000142
-0.000393
-0.000353
-0.000353
-0.003716
0.003010
-0.000393
-0.000353
-0.000353
-0.001199
0.000492
-0.000393
-0.000353
-0.000353
-0.000565
-0.000142
-0.000393
-0.000353
-0.000353
-0.000353
-0.000353
-0.000393
-0.001084
0.000377
-0.000353
-0.000353
-0.000393
-0.003716
0.003010
-0.000353
-0.000353
-0.000393
-0.005514
0.004306
0.000166
-0.000142
-0.000393
-0.000536
-0.000382
-0.000142
-0.000171
0.000155
0.000309
0.007150
-0.001381
0.000703
0.000549
0.003297
0.004124
-0.000353
-0.000353
-0.000393
-0.000353
-0.000353
-0.000353
-0.000353
-0.000393
-0.000353
-0.000353
-0.000353
-0.000353
-0.000393
-0.000353
-0.000353
-0.000353
-0.000353
-0.000604
-0.000142
-0.000353
-0.000353
-0.000565
-0.000181
-0.000353
-0.000353
-0.001199
0.000492
-0.000393
-0.000353
-0.003688
0.002981
-0.000353
-0.000393
-0.003688
0.002981
-0.000353
-0.000353
-0.001123
0.000377
-0.000353
-0.000353
-0.001084
