0.001292
0.005206
-0.007318
-0.000670
-0.000670
0.002148
0.006923
0.000431
0.008210
0.001903
-0.000425
-0.000670
-0.010903
0.008946
-0.000790
0.000431
-0.000670
-0.001652
0.000311
-0.000670
-0.001652
0.000036
-0.000395
-0.000916
-0.004865
0.003770
-0.000670
-0.001652
0.000066
-0.000700
-0.000395
-0.000670
-0.001652
0.000311
-0.000670
-0.001771
0.000155
-0.000395
-0.001927
-0.004745
0.004595
-0.000670
-0.000395
-0.005110
0.003770
0.000311
-0.000670
-0.002633
0.000311
0.003770
-0.004590
-0.000090
0.002669
-0.000670
-0.004344
0.002489
0.004482
0.018526
0.005954
0.003991
0.000215
-0.004135
0.000371
-0.001592
0.000461
0.002848
-0.001496
0.000030
0.000616
-0.001652
-0.000790
0.000155
-0.000395
-0.004835
0.007934
-0.005080
-0.001771
0.000431
-0.000670
-0.001771
0.000431
0.000066
-0.002388
0.000066
-0.001406
0.000036
-0.000395
-0.001652
-0.004099
0.003740
-0.000670
-0.000946
-0.000670
-0.000395
-0.000916
-0.004835
0.003740
-0.000670
-0.000916
-0.001311
