0.000296
-0.000411
-0.000462
-0.000411
-0.000245
0.000130
-0.001221
-0.000411
-0.000462
-0.000411
-0.000273
-0.000411
-0.000652
0.000458
-0.001332
0.001027
-0.000952
0.003173
-0.000893
0.000818
-0.000407
-0.000213
-0.003964
0.000217
0.002059
0.004805
-0.000411
-0.000680
-0.000166
0.007303
-0.002446
0.002280
-0.003315
-0.004043
0.003015
0.002956
0.001355
-0.000028
0.003450
-0.005781
0.000107
-0.000221
-0.001221
0.000158
-0.003746
-0.000411
0.003011
-0.000411
-0.000462
-0.000628
-0.003667
-0.004394
0.001980
0.001498
0.002928
0.002660
-0.002936
0.002822
0.001683
0.000004
-0.005781
-0.000462
-0.000411
-0.000245
-0.000628
0.000407
-0.001091
0.002873
-0.007516
0.003146
0.000486
0.000296
0.003019
-0.003663
0.001980
0.000842
0.004098
0.004205
-0.004529
-0.000411
0.004671
0.002549
0.000514
-0.001170
-0.003098
0.002225
0.000130
-0.001004
0.000348
-0.000462
-0.000411
-0.000680
-0.000383
-0.004477
-0.003418
0.002746
0.000221
0.000846
0.001845
0.000296
