0.000490
-0.000604
-0.000465
0.003055
-0.003742
-0.000604
-0.000413
-0.000465
0.000350
-0.001010
0.002836
-0.002867
-0.001288
0.002891
-0.002895
0.000136
0.001695
-0.002294
-0.000135
0.001778
0.000764
-0.000978
0.000796
0.007620
0.000462
-0.000763
0.003802
-0.003304
-0.000433
0.000001
0.002955
0.000955
-0.000222
0.003031
-0.002405
0.006228
-0.008219
-0.001288
0.000191
-0.000958
0.000299
-0.000413
-0.001340
-0.000413
-0.004179
0.000005
0.003035
-0.000381
0.000816
-0.000004
0.000410
0.003249
0.002923
-0.008466
-0.001149
-0.000413
0.000462
-0.000465
-0.000413
0.000517
-0.000986
0.002621
-0.003690
0.000434
-0.002950
0.001034
0.000629
0.003059
-0.003602
-0.000274
-0.000413
0.001993
-0.000357
0.001778
0.003110
-0.000385
0.007405
-0.002211
0.001611
-0.002211
0.001611
0.000136
-0.000385
-0.000548
-0.002815
-0.000465
0.002864
-0.001204
-0.000357
-0.000413
-0.000465
-0.002950
-0.000381
0.001691
0.000136
-0.002895
0.001691
0.000573
-0.000767
-0.000413
