0.000356
-0.000453
-0.000517
-0.000453
-0.000453
-0.000517
-0.000453
-0.000517
-0.000453
0.003568
0.000572
-0.000923
0.000759
-0.000118
-0.000022
-0.005477
0.003787
0.000852
0.003565
-0.003228
-0.000453
0.003473
0.000421
0.002568
-0.004412
-0.000234
0.000261
0.003725
0.003565
0.000295
0.000233
0.001350
0.004067
-0.006719
-0.000517
-0.001668
-0.000487
-0.003228
0.002415
-0.000985
-0.003821
-0.003698
0.003098
0.003848
0.000261
-0.000234
-0.000453
0.000479
-0.001449
0.000701
0.003500
0.003504
-0.009061
-0.004443
0.003538
-0.000517
-0.000702
-0.000268
-0.000453
-0.000702
-0.005071
-0.000207
0.004596
-0.000517
0.003538
-0.003292
0.004534
0.002227
-0.003886
-0.005347
0.007309
0.002008
-0.000453
-0.000517
0.004534
-0.004101
0.000104
0.003190
0.000101
0.003848
-0.000702
-0.000610
0.000763
-0.001326
0.000356
-0.002446
-0.009716
0.004565
0.003756
-0.003231
-0.001330
0.000043
0.000415
-0.000050
0.003442
-0.000453
-0.001326
0.000107
-0.000203
-0.001326
