0.000909
0.006640
-0.001027
-0.007231
-0.000382
0.002559
-0.002490
0.000114
0.001689
-0.001910
0.002483
0.000111
-0.003795
0.000201
-0.001126
-0.000220
-0.000505
0.000363
-0.001126
0.002559
-0.000382
-0.000382
-0.002417
-0.000382
0.000262
0.002557
0.003240
-0.000220
-0.000382
-0.000792
0.001169
0.005423
-0.000184
0.000699
-0.000382
-0.000940
0.000177
-0.003223
0.002682
0.002745
-0.003347
-0.000543
-0.000059
-0.000357
-0.000568
-0.000195
-0.000568
-0.000382
-0.000382
0.000302
-0.004750
0.002729
0.000177
0.000549
0.000103
0.000374
0.002841
0.002398
-0.004030
-0.002701
0.001938
-0.002701
-0.000382
-0.000866
0.000201
0.001839
-0.006249
0.001602
-0.000332
0.001008
0.002471
0.003388
-0.001995
-0.004936
0.000847
0.005584
0.000103
-0.000220
-0.000382
-0.000382
0.006763
-0.002652
-0.000942
0.002471
-0.000110
-0.002703
0.000647
-0.000258
0.001429
0.000064
0.000289
-0.000195
-0.000382
-0.000382
-0.000382
-0.001027
-0.000480
-0.006957
0.001752
0.003836
