0.001823
0.002728
-0.003984
-0.001100
0.000028
-0.001351
-0.000863
-0.000495
0.004005
-0.000393
-0.000510
-0.005009
0.000429
0.003366
-0.004889
-0.001032
-0.001250
0.000429
-0.001637
0.001571
0.000463
-0.000205
0.003821
0.000734
0.002612
-0.000510
0.001654
0.003753
-0.005043
0.000429
0.008621
-0.000408
-0.000393
-0.003180
0.003720
-0.000209
0.002999
0.002108
-0.001700
-0.005043
-0.000577
-0.000495
-0.000577
-0.001637
0.000565
-0.001637
-0.001298
-0.005445
0.004847
0.000865
0.000042
-0.001332
0.002191
-0.000408
0.003502
0.000129
-0.006200
-0.000863
-0.000495
-0.000292
-0.000780
-0.000577
-0.000209
-0.000611
0.000260
0.002999
-0.007226
-0.005445
0.005500
0.000797
-0.000577
-0.000243
0.004140
0.000850
0.000816
0.003517
-0.004589
0.003047
0.000429
0.004088
0.000985
-0.000089
0.000884
0.002225
-0.000393
-0.003127
-0.000393
0.002210
0.000008
-0.003732
-0.000495
0.002965
-0.004037
0.003971
-0.000495
-0.000577
-0.005043
0.003686
-0.000209
-0.001501
