0.000241
0.001725
-0.002556
-0.000374
-0.000416
0.000339
-0.001128
-0.000251
-0.000416
0.000118
-0.000908
-0.000580
0.002611
-0.003401
-0.000227
0.000708
-0.000219
-0.000146
0.002553
-0.000188
0.000354
-0.000244
0.000001
0.000018
0.002643
0.000241
-0.000227
0.000241
-0.001687
0.003226
0.004365
-0.003925
-0.002943
0.003241
0.002242
0.000995
0.001840
0.000765
0.002668
-0.007108
-0.000374
-0.000580
-0.000251
-0.000374
-0.000416
-0.000416
-0.000374
-0.000416
-0.000416
-0.000563
-0.003401
-0.003533
0.002487
0.000084
0.003422
-0.000416
0.002660
-0.002032
0.005144
-0.003540
-0.003589
0.000339
-0.001128
0.002594
-0.003425
-0.000210
-0.000580
-0.003376
0.002636
0.002594
-0.002105
0.001970
-0.002810
0.000077
0.002692
-0.000425
0.006686
-0.003327
0.000873
-0.000293
0.005291
0.000593
-0.000883
0.000265
-0.000210
-0.001072
-0.000514
-0.000374
-0.000416
0.000175
-0.000398
-0.003885
-0.000310
-0.000670
0.000682
0.000190
0.000331
0.002570
-0.000416
-0.001030
