-0.001681
0.001486
-0.000340
-0.000370
-0.000497
-0.000077
-0.000476
-0.000370
-0.000340
-0.000370
0.000259
-0.000675
0.001927
-0.001618
-0.000054
-0.000002
0.001593
-0.000129
-0.000338
0.000574
0.000648
0.002136
-0.000340
-0.000789
0.002146
0.003616
-0.000119
0.000017
-0.004031
-0.000150
0.001121
0.001664
0.000941
-0.000119
0.000029
0.002914
-0.001449
-0.002983
-0.000370
-0.003528
0.002526
0.000144
0.000342
0.001812
-0.005227
-0.001912
-0.002059
0.002389
0.002211
0.000144
0.000175
0.000363
0.002211
0.000743
-0.000150
-0.004209
-0.000370
-0.000340
-0.000370
-0.000182
-0.003695
0.002222
0.000541
0.002294
-0.001787
0.002159
-0.003380
-0.000370
0.000206
0.004697
-0.005666
0.005587
0.000898
0.004812
-0.005730
0.002167
0.000648
0.000511
0.001507
-0.002741
-0.002614
0.002798
0.002010
0.006290
0.000405
-0.008121
-0.000340
-0.000528
-0.000340
-0.000370
-0.000213
-0.000497
-0.003190
-0.000002
0.000009
0.000061
0.002075
0.000081
0.000259
-0.000748
