-0.049372
-0.009593
0.000072
-0.004304
-0.016567
-0.001421
-0.017014
-0.001939
0.005258
-0.000164
-0.000921
-0.008994
-0.002183
-0.001878
0.001758
-0.004282
-0.001527
-0.002334
-0.001783
-0.004498
-0.001140
-0.002684
-0.004544
-0.002382
0.002216
0.001469
0.002504
0.001397
0.005171
0.001013
0.006438
0.001749
0.008501
-0.000133
0.006466
0.002799
-0.001341
0.001534
0.004027
0.001521
0.000066
-0.000044
0.002444
0.000776
-0.003393
0.005344
-0.001199
0.004381
0.004071
0.000507
0.005597
0.000850
0.005097
0.002519
0.006234
0.002939
0.001576
0.005323
-0.001874
-0.003374
0.000812
-0.004763
-0.002616
-0.001537
0.000914
0.002738
0.000332
0.001765
0.006614
-0.000503
0.004509
0.003101
0.003617
0.001947
0.003040
0.005905
0.005869
0.001103
-0.000453
0.001291
0.002590
-0.001630
-0.005934
0.005815
0.000777
-0.001168
-0.002289
-0.001400
0.001870
0.003350
0.004257
0.003668
0.003160
0.004448
0.001745
0.003034
-0.002468
-0.001738
-0.001466
-0.001038
