-0.002755
-0.011592
-0.006708
-0.005367
0.001512
0.000305
-0.000991
-0.003635
-0.002932
-0.000429
0.004101
0.006968
0.003488
-0.003971
-0.000389
-0.000469
-0.000616
0.002107
0.000370
-0.000811
-0.001313
0.000324
-0.001531
-0.000709
0.001928
0.001799
-0.000955
-0.002035
-0.000111
-0.001636
-0.000031
0.002388
0.001848
0.001934
0.001529
-0.002215
-0.000069
-0.000898
-0.000418
0.000796
0.000628
0.002345
-0.000355
0.001963
-0.000019
0.001020
0.000124
-0.000012
-0.000249
-0.000177
0.002785
0.001521
0.000854
0.000242
0.000061
-0.001458
-0.000621
-0.001076
0.001087
-0.000379
-0.000485
-0.000713
0.000882
-0.000317
0.000363
0.000437
0.001116
-0.000562
0.003745
0.002074
0.001542
-0.000512
0.000039
0.000120
-0.000857
0.001044
0.000291
0.000338
-0.001570
-0.001226
0.001943
-0.000671
-0.001040
0.001293
-0.001140
0.000569
0.002673
0.002457
0.000607
-0.002675
0.000432
-0.001012
0.000490
0.000242
0.003519
0.000256
0.002156
-0.001347
-0.001880
0.000287
