-0.154806
-0.023928
-0.026103
0.001318
0.000960
0.004679
0.000709
-0.003562
-0.007845
-0.000205
0.002502
-0.003183
-0.003024
0.006056
0.005229
0.008415
0.006144
0.003969
-0.003458
-0.003757
-0.005798
0.001405
0.007939
0.005321
0.007822
0.002575
0.005780
-0.000112
0.002731
-0.000478
0.004040
0.001241
0.000575
0.006426
0.006242
0.005138
0.002617
0.007248
0.011350
0.005162
0.001703
-0.002769
-0.001756
-0.000378
0.001661
0.001451
0.002510
0.005007
0.005857
0.001476
0.002807
0.006821
0.002098
0.004390
-0.002076
0.000974
0.001249
-0.003407
0.001482
0.002355
0.001688
0.001735
0.001690
0.002332
0.002859
0.001574
0.001208
0.001574
0.002401
0.002056
0.003067
0.003363
0.001438
0.002997
0.000887
0.001436
0.002194
0.002906
0.002011
0.003296
0.004396
0.002150
0.003249
0.000634
0.002583
0.002124
0.002260
0.002491
-0.002346
0.001459
0.001322
-0.000010
0.001666
0.002238
0.002950
0.001781
0.001574
0.001666
0.004874
0.001437
