-0.104771
-0.060967
-0.046407
-0.030908
-0.025089
-0.004479
-0.005002
0.006521
0.005285
0.009032
0.014068
0.000417
0.005262
-0.001923
-0.003647
-0.010884
-0.004412
0.000272
0.000330
0.000168
0.009584
0.012596
0.002296
0.003054
-0.001275
0.002509
-0.001187
-0.004699
-0.003653
-0.002062
0.006095
0.000146
0.009371
0.014723
0.001795
0.002767
-0.003234
0.003997
0.003474
-0.002136
0.016925
0.007773
0.001479
0.004291
0.002531
-0.008079
0.001066
0.003658
0.005498
0.004342
0.011653
0.015327
0.000043
0.007302
0.009717
-0.001194
-0.003234
-0.000406
-0.001165
0.006485
0.003967
0.002709
0.002186
0.006559
-0.000855
0.002053
0.006485
0.003548
0.002473
0.003231
0.002760
0.002053
0.002996
0.001766
0.003783
0.005698
0.003732
-0.002166
0.010233
0.000927
0.003393
0.003967
-0.002637
0.008554
0.005249
0.000714
-0.004367
-0.005206
-0.006230
-0.000781
0.003151
0.003599
0.008738
0.003651
0.003703
0.004910
0.008319
0.004910
0.007295
0.003887
