-0.034421
-0.005865
-0.019637
0.001829
0.014883
0.004532
0.005803
0.003577
-0.010620
-0.004594
0.004894
0.008765
0.013825
-0.004859
-0.013542
-0.010051
-0.005836
-0.011506
-0.004324
-0.001506
0.007936
0.006861
-0.013910
0.002404
-0.005158
-0.006940
-0.001937
-0.001903
-0.003783
0.004952
0.007194
-0.012081
-0.001103
0.000685
0.010938
-0.007021
-0.004266
-0.010270
0.002065
-0.005112
-0.001265
0.010932
0.015125
0.001938
0.007166
-0.002708
-0.008798
-0.011127
-0.003686
0.001852
0.002623
-0.001092
0.004388
0.002818
0.005579
0.004549
0.008011
0.004825
-0.000920
0.007580
0.004762
0.006361
0.000190
0.000892
0.002111
-0.005146
0.001932
-0.003922
0.005170
0.000535
0.001432
-0.000184
0.005072
-0.003778
0.005107
0.001754
-0.000443
-0.001690
0.005026
0.004399
-0.006469
0.005682
0.000874
0.003261
0.000984
0.000938
0.001225
-0.004899
-0.005043
-0.000075
-0.006854
0.006389
0.004014
0.002346
0.002139
0.002427
0.003853
0.005780
0.000006
0.005153
