-0.008811
0.008791
-0.007897
0.002197
-0.001703
0.002428
0.004302
0.001412
-0.001918
-0.002912
-0.000723
-0.000455
-0.000868
-0.001118
-0.001950
0.002276
0.008097
0.000717
0.001298
-0.003873
0.000052
-0.002910
0.000087
0.001865
0.004180
0.005086
0.002225
-0.000958
-0.002608
-0.001409
-0.002769
-0.000248
-0.004380
-0.002005
-0.000629
-0.003004
-0.002193
0.001539
-0.004051
0.001604
-0.002655
-0.000190
-0.001114
0.000081
0.001752
-0.002436
0.000610
0.002252
0.006636
0.003253
-0.003951
-0.002834
-0.005112
-0.001616
0.001609
0.000510
0.004296
0.005759
0.000277
-0.001289
-0.002752
-0.000638
-0.003880
-0.001668
-0.001635
-0.003290
-0.001760
0.000148
0.000594
0.001731
0.001780
0.001687
0.004043
0.000329
0.003994
-0.000353
-0.000127
0.004260
0.001651
0.002685
-0.000618
0.000903
0.001629
0.001600
0.000742
-0.000643
-0.002177
-0.001021
-0.003064
-0.002656
0.001128
0.005224
0.003753
0.001702
0.002325
-0.003218
-0.001650
-0.004474
-0.000371
-0.000514
