-0.090206
-0.012972
-0.010723
-0.017107
-0.007183
-0.000146
-0.008539
-0.007563
0.006528
0.005430
0.003804
-0.004919
-0.003342
-0.002229
-0.002811
0.000139
-0.002090
-0.000225
0.002309
0.000543
0.006413
0.005180
0.009557
0.001483
-0.000310
0.000399
0.000885
-0.000807
0.001153
0.003942
-0.001984
0.000710
0.000856
0.003011
0.002326
0.000919
0.003705
0.003397
0.002517
0.004630
0.000948
0.002182
0.001604
0.001721
-0.000806
0.007491
0.007707
0.001228
0.000303
0.003918
0.001601
0.001778
-0.001561
0.003876
0.006243
0.004868
0.004418
0.001643
0.002409
-0.001653
-0.000101
0.002805
0.002628
-0.003199
0.001136
0.002671
0.005683
0.005031
0.001413
0.004900
0.002242
-0.000724
-0.001494
0.000902
0.001703
0.001384
0.003954
-0.000157
-0.001245
0.002742
-0.000196
-0.001164
-0.000419
0.001516
0.000563
-0.000833
0.001895
0.002339
0.001307
-0.000610
0.003554
0.005578
0.001059
-0.001748
0.006287
-0.001032
-0.000723
0.004373
0.001180
-0.001794
