-0.181625
-0.010493
-0.007418
0.000949
-0.001266
0.003010
0.000047
-0.002026
0.003791
0.001096
0.003556
0.003136
-0.001484
-0.001691
0.000655
-0.001086
-0.001043
-0.001140
0.002453
-0.000529
0.000235
0.002256
-0.000230
-0.001377
-0.003497
-0.000312
-0.000333
-0.000792
-0.000800
-0.001847
-0.000277
-0.000638
-0.000011
0.000067
0.000714
0.001528
-0.001104
-0.000046
-0.000045
0.000932
0.003303
0.002981
0.001663
0.002833
0.002305
0.004271
0.001574
0.002910
0.002202
0.002311
0.002499
0.002420
0.003588
0.002305
0.001181
0.003617
0.002899
0.002016
0.003787
0.003178
0.004284
0.002186
0.003690
0.001502
0.002257
0.002602
0.003786
0.003454
0.004331
0.002728
0.003805
0.001362
0.002136
0.003702
0.001810
0.004971
0.007026
0.005629
0.003720
0.003690
0.003333
0.003999
0.003747
0.004413
0.003953
-0.000285
0.005563
0.002044
0.000227
0.004983
0.001369
0.003956
0.003636
0.003477
0.004649
0.005165
0.004481
0.005598
0.005108
0.004757
