-0.189286
-0.052712
-0.007369
-0.002261
0.007013
0.010906
0.004458
-0.005762
0.006031
0.005952
0.006075
0.003360
0.005872
0.001309
-0.007418
-0.000658
-0.001876
0.003748
0.006302
-0.000736
0.003980
0.005276
0.001579
0.004410
0.003269
0.003073
0.002719
-0.000034
0.002287
0.003858
0.002719
0.001932
0.002208
0.001932
0.001932
0.002758
0.004173
0.002561
0.002326
0.003192
0.003467
0.004647
0.001148
-0.001291
0.008813
0.001932
0.001421
0.001814
0.002365
0.002403
0.002208
0.001932
0.002403
0.003663
0.000202
0.002089
0.008419
-0.000937
0.000164
0.003270
0.005040
0.002759
0.004094
0.000674
0.004016
0.000281
0.001932
0.004842
0.001932
0.002403
0.001932
0.002208
0.004173
0.002089
0.002326
0.001265
0.005433
0.002012
0.002523
0.000280
0.008262
0.001814
0.001540
-0.000034
0.004566
-0.004240
-0.000506
-0.002118
0.003820
0.000714
0.002679
0.004960
0.004331
0.002719
0.002403
0.005551
0.005315
0.000674
0.004173
0.001932
