-0.071488
-0.014960
-0.023813
-0.000830
-0.001052
-0.008945
-0.019075
0.003249
-0.001120
-0.000244
0.002209
0.002121
-0.001551
-0.010589
0.004205
0.002692
-0.007838
-0.002238
-0.002549
-0.001424
0.005609
0.002140
0.002505
0.001684
0.002631
0.001771
0.002513
0.003034
0.002004
0.001494
0.001648
0.001755
0.001234
0.001592
0.001648
0.001956
0.001119
0.001822
0.001830
0.001869
0.003669
0.002746
0.001668
0.000993
0.002043
0.003121
0.001668
0.001494
0.001581
0.002110
-0.000499
0.003641
0.001956
0.001032
0.003420
0.001312
0.002312
0.000290
0.003476
0.003717
0.001936
-0.000953
0.003006
0.003227
0.001648
0.001841
-0.000768
0.003507
0.001494
0.003574
0.000030
0.002958
0.001494
0.001696
0.001984
0.000973
0.004912
0.000484
-0.001837
0.006665
-0.000538
0.001696
0.003006
0.001533
-0.003649
0.001226
-0.000191
-0.001616
0.004442
0.001060
0.002446
0.003468
0.002110
0.001755
0.003574
0.002600
0.002253
0.003314
0.002370
0.000898
