-0.000046
0.004460
-0.002994
0.001174
-0.012916
-0.004422
-0.000443
0.001525
-0.000565
0.002545
0.000880
-0.000557
-0.000700
0.001884
0.002268
-0.001226
-0.007541
0.000815
-0.000635
-0.011177
0.002264
0.003439
-0.006067
0.003627
0.009713
0.001235
0.005447
0.001782
0.001431
-0.007830
-0.006569
-0.001426
-0.001394
-0.001034
-0.007414
0.001068
0.001586
-0.003577
-0.004136
0.001317
-0.001593
0.007480
0.007272
0.011292
0.002791
0.000774
-0.001394
0.000982
0.000402
0.001709
0.000782
-0.000079
-0.006377
-0.001920
-0.005454
0.000582
-0.000397
0.004970
0.007521
0.001525
-0.002512
0.001786
0.004403
0.003223
0.000113
-0.008977
-0.002447
-0.007373
0.003158
0.007782
0.003627
0.001117
0.000447
0.010280
0.004880
0.002288
0.004362
-0.002458
-0.003414
0.004292
-0.001394
-0.001218
0.001492
-0.001385
-0.003267
-0.012030
-0.001593
-0.000508
0.007705
-0.000692
-0.001361
0.000680
-0.001504
-0.003043
-0.006455
0.001652
-0.001394
0.001525
0.000929
0.000623
