0.002507
-0.001088
0.002327
-0.002081
-0.013300
-0.006461
0.004124
-0.000435
0.000350
0.003963
-0.002800
0.001750
-0.000464
0.002090
0.001154
-0.000710
-0.002431
-0.005420
-0.001107
-0.010320
0.000861
0.001854
-0.002753
0.008608
0.005950
-0.002497
0.007908
-0.000265
-0.001457
-0.008949
-0.002602
-0.001022
-0.000852
-0.001230
-0.006820
0.003027
0.004597
-0.001060
-0.001911
0.001116
0.004361
0.006839
0.009213
0.005363
0.002176
0.001570
-0.000246
0.000577
0.004058
0.005552
0.003415
-0.000974
-0.003283
-0.003302
-0.006764
0.000634
-0.001353
0.004370
0.008996
-0.001230
-0.000672
0.001882
0.008201
0.001182
-0.004560
-0.008381
-0.002261
-0.003122
0.006470
0.000690
0.000520
-0.001060
-0.001003
0.009478
0.000775
0.002630
-0.001552
0.000917
-0.008391
0.001967
-0.000672
-0.000095
-0.002431
-0.003150
-0.010103
0.001021
0.007321
0.001627
-0.003302
-0.002242
-0.001353
0.001750
-0.003075
-0.007492
0.002223
-0.002914
0.001617
0.002667
0.001419
-0.000653
