0.002486
-0.000091
0.002743
-0.002013
-0.008155
-0.004376
0.002825
-0.001052
0.001984
0.003665
-0.003939
0.001835
-0.000957
0.002852
0.002540
0.000141
-0.002082
-0.004659
-0.000838
-0.013145
-0.000101
0.006158
-0.001822
0.002811
0.011500
-0.005157
0.008245
0.003231
-0.005159
-0.006243
-0.000348
-0.003926
0.000792
-0.005308
0.004318
0.003221
-0.003302
0.001035
-0.002054
0.002811
0.001793
0.002270
0.007962
0.004207
-0.006949
0.000183
0.000412
0.000221
0.004858
0.003395
0.002528
-0.001227
-0.003332
-0.009063
-0.003965
0.001822
0.002011
0.011159
0.000671
-0.001052
-0.000076
0.000671
0.006918
0.001307
-0.005837
-0.005159
-0.009036
-0.000455
0.004289
0.004330
0.000671
0.000738
0.001063
0.012421
0.001701
0.000738
0.000345
-0.008194
0.002025
-0.001052
-0.000252
-0.000916
0.001035
0.000073
-0.014269
-0.005647
0.001048
0.003788
0.002974
0.002593
-0.000809
-0.001420
-0.001121
-0.003844
-0.007181
0.005251
-0.000957
0.001835
0.002729
-0.000687
