-0.000074
-0.000778
0.002207
0.001009
-0.007703
-0.009102
0.004434
-0.000050
0.001555
-0.004178
0.005121
-0.001109
-0.000430
-0.000042
0.003880
-0.000984
-0.000563
-0.009705
0.002630
-0.001756
-0.012518
0.003782
0.003863
-0.000204
0.003535
0.012418
-0.003083
0.011128
0.004170
0.003665
-0.006006
-0.008621
-0.001332
-0.001465
-0.001481
-0.005322
0.000091
0.001061
0.002400
-0.001926
0.000224
0.002383
0.006297
0.006952
0.006313
0.001267
0.001102
0.002598
0.000075
0.006677
0.002011
0.002913
-0.007331
0.000827
-0.004558
-0.004574
-0.003309
0.001688
0.006568
0.006346
-0.001158
-0.000248
0.000406
0.004567
0.003293
0.000224
-0.009838
-0.001332
-0.009705
0.000241
0.004518
0.004005
0.000447
-0.001332
-0.000463
0.010506
0.002590
-0.000588
-0.003556
-0.006163
-0.000216
-0.000430
-0.001316
-0.002367
-0.004716
-0.008026
0.003613
0.003285
0.001381
-0.003665
-0.001332
0.000876
-0.001324
-0.001316
-0.005686
-0.003187
0.001886
-0.000216
0.001406
0.001943
