-0.017268
0.000654
-0.002059
0.002249
-0.005240
-0.018104
-0.000606
0.000240
-0.000947
-0.001517
0.001936
-0.000707
-0.000214
-0.001931
-0.000486
0.002412
-0.001474
-0.011160
0.001944
-0.005814
-0.003181
0.002485
0.003099
0.000150
0.003476
0.010631
-0.004143
0.007718
0.001232
-0.002890
-0.007528
-0.002393
-0.002444
-0.002741
-0.007877
0.003454
0.001141
0.000792
0.003433
0.003164
0.004787
0.004112
0.009236
0.014078
0.003498
0.002837
0.003676
0.004046
0.003803
0.003447
0.006316
0.002165
-0.008167
-0.002237
-0.000740
-0.003886
0.002387
0.000157
0.006309
0.006665
0.000749
0.001639
0.001490
0.007726
0.001312
-0.010056
-0.002393
-0.009173
0.003178
0.008140
0.002601
0.003120
-0.000363
0.004998
0.007057
-0.000028
0.003396
0.000879
0.000977
0.001915
-0.002258
-0.002030
-0.002821
-0.003105
-0.014494
-0.001561
0.007875
0.001275
-0.002465
-0.000435
-0.004601
-0.002956
-0.001881
-0.002600
-0.003519
-0.008320
0.004457
-0.002215
-0.001176
0.003687
