-0.000205
-0.000741
0.002633
-0.000162
-0.014968
-0.000713
0.002079
-0.001122
0.003141
-0.001855
0.002442
0.001762
0.001836
-0.000396
-0.000633
0.001254
-0.009911
-0.001575
-0.001085
-0.014189
0.003603
0.000136
-0.000689
0.002839
0.011264
-0.006075
0.009642
0.002759
-0.001378
-0.002474
-0.009310
-0.000741
-0.001323
-0.001169
-0.007306
0.000509
0.000118
-0.000134
0.001860
0.001795
0.002550
0.005080
0.012997
0.000798
-0.000996
0.001832
0.003184
0.002079
0.004418
0.001124
-0.000307
-0.004422
-0.003332
-0.004010
-0.000479
-0.000796
0.002750
0.009026
-0.000097
-0.001286
0.002550
0.002466
0.005551
0.000019
-0.008830
-0.008150
-0.002366
0.001161
0.006604
0.000835
0.002303
0.002303
0.012624
0.003645
0.002303
-0.000581
-0.009249
0.001906
0.001571
-0.001249
-0.002954
0.000420
-0.004314
-0.009067
-0.004711
0.001673
0.004754
0.003356
-0.001975
-0.001439
0.001608
-0.000340
-0.004120
-0.005601
0.001319
-0.000097
-0.001286
0.004791
-0.002772
0.003710
