-0.000962
-0.000613
0.001599
0.001569
-0.001901
-0.014898
-0.002053
-0.001988
0.003877
-0.000623
0.003932
-0.000083
-0.001517
-0.001669
0.002639
0.001402
-0.000225
-0.010488
-0.004214
0.002443
-0.012594
0.002599
0.002246
-0.002043
0.007433
0.005625
0.004084
0.003185
-0.000063
-0.005861
-0.006695
-0.003452
0.001539
-0.002063
-0.008266
0.000246
0.002014
-0.000093
-0.001876
-0.003811
0.000953
0.005817
0.005645
0.011055
0.000231
0.001135
0.002059
-0.003457
0.002084
0.003307
0.001312
0.002771
-0.005988
-0.000028
-0.002113
-0.002138
0.003070
0.000654
0.002958
0.009625
-0.000255
0.001665
0.003787
0.002397
0.009433
-0.000790
-0.007250
-0.002608
-0.008801
-0.003876
0.008711
0.004347
0.004317
-0.000441
0.005822
0.007292
0.003690
0.003817
-0.001799
-0.001149
-0.000810
0.001382
-0.004381
0.000988
-0.013685
-0.006366
0.002639
0.006579
-0.002245
-0.000942
-0.001537
-0.001497
-0.001689
0.000866
-0.009524
0.000311
0.001715
0.001387
-0.001492
0.002660
