-0.001009
-0.001017
0.003915
-0.003548
-0.002656
-0.016641
-0.002292
0.000087
0.001350
-0.001916
0.001534
0.001550
-0.000648
-0.001554
-0.000650
0.001173
0.002101
-0.001017
-0.009906
0.000436
-0.000822
-0.010281
-0.005203
0.004618
0.001517
0.001707
0.012635
-0.004481
0.011526
0.003893
-0.001198
-0.009382
-0.005190
-0.001740
0.000451
-0.002472
-0.003391
0.003879
-0.000478
-0.002451
0.001707
0.002967
0.003868
0.008253
0.012450
0.002244
0.003881
0.003509
0.000257
0.002265
0.000623
0.004255
0.001881
0.000255
-0.006652
-0.002115
-0.003212
0.000613
0.003168
0.010629
0.000076
0.000613
0.002431
0.004621
0.002439
-0.006826
-0.004480
-0.009186
0.000611
0.008260
0.001156
0.000069
0.000076
0.001524
0.011362
0.004068
0.002069
0.001698
-0.003592
-0.001192
-0.001378
-0.001735
-0.001923
-0.001910
-0.009559
-0.003734
-0.000648
0.007349
0.000271
-0.004102
-0.002282
0.000986
-0.001005
-0.010269
0.001174
-0.003545
0.004440
-0.001916
-0.004650
0.005364
