-0.001064
0.001428
-0.000673
0.002087
-0.009461
-0.008394
0.001930
0.001910
0.000529
0.000347
0.001219
-0.001759
0.001376
0.001759
0.000163
-0.001571
-0.005610
-0.005238
-0.002787
-0.008940
0.004551
-0.004386
-0.004921
0.003316
0.006635
-0.008262
0.009979
-0.001888
-0.002065
-0.012976
-0.003504
-0.003862
0.001378
-0.005610
-0.002630
0.003611
0.002238
0.000149
-0.001811
0.003267
0.004328
0.001861
0.007498
0.012780
0.003636
0.002917
0.000651
0.003802
0.004160
0.002795
0.001541
0.003438
0.000298
-0.004364
-0.001083
-0.006197
0.000149
-0.000543
0.005050
0.008052
-0.001585
0.000138
0.003997
0.006445
0.001359
-0.009985
-0.002288
-0.008587
0.000132
0.007347
0.002396
0.002062
0.002757
0.009070
0.009056
0.003625
0.003972
-0.003060
-0.001943
0.001219
-0.001599
-0.000532
0.000017
-0.003694
-0.003148
-0.012791
0.000025
-0.003341
0.008400
0.001913
0.001927
-0.005036
-0.004733
-0.000901
-0.002627
-0.004885
0.001381
-0.000703
-0.001753
0.004722
