-0.000657
0.001534
0.002327
-0.000814
-0.004088
-0.016293
0.002853
-0.001741
0.001723
-0.000665
0.004699
-0.000249
-0.001419
-0.001238
0.002453
0.002673
-0.002337
-0.001757
-0.005840
-0.000445
-0.001930
-0.016348
-0.002761
0.005365
-0.006413
-0.000327
0.009120
-0.004513
0.007809
0.001062
-0.003602
-0.009908
-0.002141
-0.001419
-0.001607
-0.006697
0.001080
0.001284
0.000899
-0.002423
0.000003
0.003914
0.002579
0.006136
0.009097
0.005956
0.000169
0.001857
0.000749
0.003011
0.003387
0.004660
0.001338
0.001449
-0.005683
-0.001230
-0.008674
0.001567
0.002234
0.001142
0.009843
0.003380
0.001111
0.002195
0.003176
0.006490
-0.005471
-0.005117
-0.009154
0.001480
0.007675
0.002195
0.002195
0.001284
0.006906
0.007786
0.002603
0.003813
0.002682
-0.004637
-0.003194
0.001715
0.001581
-0.003264
-0.003625
-0.013772
0.001919
0.006882
-0.000838
-0.001961
-0.001419
0.001542
-0.001419
-0.003256
-0.007050
0.002845
-0.001419
-0.000696
-0.000838
0.004926
