0.000435
0.001559
0.001365
-0.000141
-0.003865
-0.015708
-0.001783
0.002474
0.001695
0.003373
0.001034
-0.001415
-0.000516
0.001695
-0.001026
0.003179
-0.001430
-0.001618
-0.006354
0.000329
-0.014635
-0.001699
0.001552
0.001702
-0.005679
0.010148
0.003021
0.003777
-0.000824
-0.002135
-0.010093
-0.004720
0.000795
-0.001250
-0.001933
-0.007118
0.000909
-0.001474
-0.001334
0.000556
0.003248
0.008194
0.011746
0.011970
0.003923
0.003428
0.001096
0.002249
0.002069
-0.001107
0.003314
0.000182
-0.007658
-0.002690
-0.003197
0.002888
0.001808
0.007548
0.009414
-0.001287
0.001419
0.001988
0.003906
0.003006
-0.005829
-0.006579
-0.004743
-0.006924
0.007398
-0.000531
0.003608
0.002319
0.004177
0.011632
0.005646
0.000446
-0.005657
0.000009
0.000983
-0.004533
-0.000141
-0.001371
-0.001206
-0.014643
-0.001460
-0.002150
0.000189
0.010696
-0.002727
0.001567
-0.001147
-0.004691
-0.001243
-0.002345
-0.005591
0.002826
-0.001430
0.001695
0.000465
0.000983
