0.000166
0.001099
0.001655
-0.002776
-0.011940
-0.008819
-0.001267
0.000915
-0.000569
0.002367
-0.000734
0.001437
-0.001843
0.001434
-0.000734
0.002200
-0.001675
-0.010289
0.001460
-0.004572
-0.010079
0.005483
-0.004938
-0.001320
0.006022
0.005256
-0.007715
0.010956
-0.000731
-0.000546
-0.011733
-0.005888
0.000521
-0.001656
-0.004047
-0.002234
0.001403
-0.002058
0.001800
0.001786
0.000291
0.006147
0.015909
0.007985
0.005046
0.001040
0.003432
0.000155
0.006033
0.001412
0.001957
-0.003148
-0.004961
0.002879
-0.006674
0.002672
-0.002242
0.004183
0.007846
0.006376
-0.002776
0.001957
0.004887
0.008212
0.000303
-0.007721
-0.002949
-0.005522
-0.004793
0.001613
0.007656
0.004314
-0.001323
0.001593
0.012624
0.003463
0.004898
-0.003766
0.000314
-0.000220
-0.001675
-0.001661
0.001999
-0.007715
-0.009512
0.000702
0.006195
-0.001843
0.001437
-0.001672
-0.004044
-0.001298
-0.000024
-0.009886
0.003278
-0.001675
-0.001843
-0.000390
0.003837
-0.001108
