-0.000820
0.001436
-0.001173
0.002925
-0.001545
-0.010335
-0.006683
-0.001073
0.002357
0.001762
-0.000694
0.002480
-0.001498
-0.000657
0.000745
0.003022
-0.001193
-0.000820
-0.008939
0.001496
-0.001485
-0.012220
0.004162
0.001965
-0.001335
0.007924
0.008682
-0.004599
0.012191
0.000453
0.000745
-0.005177
-0.006370
-0.001960
-0.003077
-0.001472
-0.005097
0.000333
-0.001518
0.001227
-0.000202
0.002726
0.005212
0.008961
0.013012
0.002151
0.002929
0.001044
0.000326
0.003706
0.002636
0.000509
0.000366
-0.005789
-0.004506
-0.002303
0.000366
0.001240
0.009210
0.003334
0.000333
0.000881
0.001174
0.010762
-0.002087
-0.008810
-0.002555
-0.008099
0.003138
0.004155
0.002231
-0.000820
-0.001023
0.008688
0.005252
0.001436
-0.002595
-0.010375
0.001280
0.001579
-0.004257
-0.000677
-0.001119
-0.001661
-0.004636
-0.009421
-0.003084
0.001280
0.006751
0.003713
-0.004087
-0.001113
0.000330
-0.003070
-0.002874
-0.002339
-0.000272
-0.001362
-0.000820
0.005082
