-0.011514
-0.000706
0.000733
-0.003642
0.001072
-0.000760
-0.001099
-0.001953
0.001912
0.003355
-0.002305
-0.000452
0.000581
-0.001242
0.001259
-0.002664
-0.000886
0.001725
-0.000652
-0.001618
0.000947
0.000242
0.000642
0.000509
-0.000256
0.000746
-0.000676
-0.000232
0.000679
-0.002793
0.001380
-0.000778
-0.007575
0.002108
0.003750
-0.002698
-0.004151
0.001993
0.000638
-0.000703
0.000089
0.000005
0.000049
-0.000433
-0.001265
-0.001448
0.001268
0.007938
0.000299
-0.009380
-0.002061
0.000777
0.000679
0.001349
0.000076
0.001109
-0.000703
0.001193
0.000883
0.001316
0.001249
0.000051
0.009990
0.006512
0.006553
0.006008
0.005195
0.002451
0.002573
0.003941
0.000987
-0.000872
-0.001974
-0.001573
-0.001872
-0.000970
-0.000839
-0.002038
-0.001939
0.000249
-0.002180
-0.000697
-0.005852
-0.000358
0.004222
-0.000893
-0.003704
-0.001363
-0.000381
0.001962
-0.001739
0.000804
-0.000608
-0.001675
0.000161
-0.001042
0.001542
0.001292
-0.002119
0.002291
