-0.016566
-0.014130
-0.000555
0.004601
-0.003503
0.000059
-0.000923
0.000169
-0.003432
0.000236
0.003653
-0.000558
-0.002484
0.003690
-0.001254
-0.000816
0.000927
0.003147
0.004632
0.002742
-0.000236
0.001037
0.000420
0.000169
0.001402
-0.001178
0.004129
-0.004162
0.002601
-0.001362
-0.001543
0.004380
0.000092
-0.000129
-0.012517
-0.000129
0.000887
0.006049
0.002018
-0.004052
-0.005104
-0.000236
-0.000236
-0.000236
-0.000018
-0.003981
0.008414
-0.003322
0.001801
0.002273
0.006598
0.012628
0.002491
-0.001181
-0.003254
0.002963
-0.003251
-0.001254
-0.000236
-0.000236
-0.005104
-0.000960
0.001583
-0.005944
0.010156
0.003288
-0.013388
-0.001656
0.002926
0.000166
-0.002595
0.003837
-0.003542
0.002712
0.001292
0.000169
-0.000049
0.000749
-0.000306
0.004199
-0.000092
0.000635
0.000019
0.005000
-0.001395
0.001948
0.000930
0.002601
-0.002595
0.002236
-0.002018
-0.000196
0.000092
-0.001033
0.003328
0.000454
-0.003864
-0.000086
0.003583
0.000782
