-0.086776
0.002032
0.001418
-0.000291
0.005822
0.001387
0.001283
0.002933
0.002302
0.001328
0.001716
0.000099
0.001643
0.003036
0.001555
0.001626
0.001328
0.001373
0.005150
0.000774
0.002360
0.002108
0.002438
0.001506
0.001522
0.000924
0.002497
0.000007
0.005479
-0.001642
-0.009316
-0.000007
0.005299
0.006036
-0.006334
0.001117
0.004940
-0.009976
0.002643
-0.004211
-0.008972
-0.007597
-0.003441
-0.000365
0.001358
0.001568
-0.000438
0.003065
0.001102
-0.000394
0.002542
-0.002284
0.004086
0.003349
0.006769
0.004102
0.000744
0.001867
0.001418
0.002723
0.001839
0.003531
0.001001
0.001328
0.003981
0.001312
0.002708
-0.001313
-0.006069
-0.010381
0.004262
-0.004848
0.004140
0.000609
-0.007921
0.005944
0.005645
-0.002258
-0.008375
-0.000894
0.002751
0.003441
0.001132
0.001387
0.002137
0.001597
0.000547
0.001927
0.002364
0.001957
0.004025
0.000354
0.002676
0.001178
0.003679
-0.000470
0.000594
0.002270
0.000443
0.003440
