-0.417577
0.000446
0.004432
0.006457
0.003598
0.004239
0.005463
0.004703
0.004818
0.004518
0.003504
0.007286
0.004686
0.005775
0.005159
0.005044
0.005866
0.004231
0.006551
0.001055
0.004826
0.007997
0.003733
-0.000995
0.003487
0.004456
0.007758
0.000016
0.003791
0.004929
0.004029
0.005992
0.007672
0.006058
0.003934
0.003187
0.005031
0.003425
0.003980
-0.001997
0.000849
0.003060
0.004189
0.004205
0.003992
0.003363
0.003010
0.003808
0.004123
0.003799
0.005730
0.006309
0.006670
0.007178
0.002731
0.005511
0.005910
-0.004358
0.004583
0.006366
0.006075
0.004715
0.005709
0.002788
-0.001882
-0.005533
0.000701
0.009151
0.005516
0.004255
0.004813
0.001531
0.000114
0.007310
0.004300
0.003992
0.001146
0.004871
0.007963
0.001395
0.005483
0.004300
0.006231
0.004543
0.005410
0.005894
0.005151
0.004772
0.006219
0.005442
0.004518
0.003495
0.003799
0.004206
0.006966
0.002493
0.006469
0.003779
0.004222
0.005088
