-0.010047
-0.000500
0.001115
-0.000542
-0.000477
-0.000221
-0.000198
-0.000256
-0.000275
-0.000237
-0.001874
0.002150
0.002028
-0.001896
0.002445
0.000670
-0.000198
0.001772
-0.000500
-0.000083
-0.001839
0.002105
-0.000496
0.001772
-0.001284
-0.000794
0.002582
-0.008475
0.001006
0.005244
-0.000413
-0.002738
-0.001732
-0.000294
-0.001736
0.001397
0.000644
0.001608
0.000571
0.000157
-0.002248
0.001894
-0.000294
-0.000156
0.000218
0.000192
0.000705
0.003309
0.000180
0.002723
-0.002895
0.001951
0.002364
0.011375
0.004719
-0.000589
-0.000964
-0.000768
-0.001969
-0.000576
-0.000737
-0.000294
-0.002463
-0.000964
-0.001621
-0.002034
-0.000439
-0.000474
-0.000336
-0.006896
-0.000176
0.000532
0.005202
-0.000333
-0.005025
0.000410
0.000093
0.002002
0.000311
-0.000240
-0.001957
0.001692
-0.000083
-0.000909
-0.000435
0.002031
0.002089
-0.001617
0.001237
0.001317
-0.000141
0.001381
-0.000317
-0.001621
-0.000217
-0.000083
-0.000637
0.000089
0.000388
0.001944
