-0.010261
-0.011661
-0.000037
-0.002928
0.000115
0.000052
-0.001238
0.003731
-0.004825
0.001927
-0.001934
0.002353
-0.002751
0.002652
0.000026
0.000536
0.004068
0.000422
0.002412
0.000785
-0.001331
0.002437
0.002340
-0.004100
0.001565
0.002193
0.000751
0.000385
-0.002680
0.001181
-0.008686
0.001210
0.001775
0.001931
-0.003893
-0.001327
-0.000269
-0.000513
-0.003405
0.002715
-0.004977
0.000962
-0.006094
-0.000484
0.009893
-0.010279
0.003255
0.001206
0.011490
0.003166
0.002256
0.001843
-0.000092
0.001181
0.000755
0.003133
0.000300
0.002981
-0.002987
0.004102
-0.001027
-0.000387
0.000873
0.000578
-0.004462
-0.000994
-0.001057
0.004494
-0.000298
-0.010338
0.000452
0.001780
-0.000033
0.000966
-0.000062
-0.003080
0.002981
0.000056
0.000115
0.000119
0.000903
0.003048
0.002863
0.001324
-0.001988
0.002079
0.000212
0.000777
-0.000699
0.000119
-0.001512
0.004313
-0.002566
0.000030
-0.002928
0.002825
-0.000547
-0.002237
-0.000842
0.006812
