-0.417740
0.001479
0.004842
0.003321
0.003887
0.004644
0.004163
0.002923
0.006727
0.003466
0.002048
0.009190
0.005847
0.002940
0.004483
0.005244
0.004487
0.004000
0.002713
0.006378
0.003158
0.004747
0.003364
0.005164
0.007286
0.004628
0.003924
0.004543
0.004207
0.003507
0.005455
0.005674
0.000125
0.006424
0.005379
0.005934
-0.001910
0.005434
0.005106
0.008689
-0.001723
0.004228
0.004287
0.006334
0.003807
0.010365
0.005183
0.005587
0.004766
0.002867
0.005135
-0.004543
0.003794
0.003652
0.005488
0.003534
0.003866
0.002785
0.003555
0.002522
0.005224
0.005641
0.005317
0.003142
0.010609
0.004614
0.006310
0.004729
-0.000389
0.001539
0.005982
0.003511
0.005459
0.005265
0.003738
-0.000608
-0.005728
0.000066
0.008260
0.006974
0.005697
0.004545
-0.000552
0.005547
0.003848
0.005370
0.001100
0.003224
0.010235
0.004678
0.003283
0.004653
0.004823
0.004322
0.002871
0.004580
0.004386
0.004045
0.004997
0.007327
