0.007021
0.000727
0.001599
0.000030
-0.000978
-0.002933
0.002839
-0.001113
-0.000222
0.001579
-0.002856
0.001018
-0.002837
0.002954
-0.001307
-0.000144
0.000553
-0.002430
0.002568
0.000339
-0.003689
0.000301
0.000515
-0.001074
-0.001577
0.003420
-0.004502
-0.000492
-0.002294
0.001444
-0.000647
-0.002701
0.000456
-0.002179
-0.002216
-0.003068
-0.001752
-0.000144
-0.001094
-0.000765
0.002973
-0.001151
-0.002953
-0.000086
0.005298
0.005550
0.004039
-0.001655
-0.000435
-0.000918
-0.002080
0.004078
-0.000900
-0.000048
0.000612
0.001888
-0.001752
0.002005
-0.001093
0.000146
-0.000376
-0.000086
0.001966
-0.000144
0.002412
-0.001539
0.001831
-0.004191
0.003749
-0.000028
0.002141
-0.002430
-0.000861
-0.000473
-0.001171
0.003517
-0.002565
-0.000764
0.002702
-0.000396
0.001307
-0.002604
0.001522
-0.003611
0.001811
-0.001094
-0.000513
0.000863
-0.001016
0.000999
-0.001636
-0.000493
0.004853
0.000030
-0.002837
0.001946
-0.000396
-0.001712
-0.001752
0.003168
