-0.000434
0.002935
-0.003146
0.011744
-0.012734
0.008922
0.002030
-0.000143
0.002695
-0.003063
0.000444
0.002211
0.000542
-0.001323
-0.000961
0.000833
-0.003535
0.002101
0.002837
-0.002784
-0.000391
-0.003508
0.002518
-0.000725
0.000153
-0.001406
-0.000210
-0.000225
-0.000391
-0.000989
-0.000434
-0.003217
-0.001087
-0.004413
-0.003870
-0.000867
-0.002870
0.002128
-0.003480
0.000125
-0.003579
0.001865
-0.000906
0.000125
-0.003425
0.001558
0.000625
-0.003217
0.002073
0.001168
0.011574
0.001152
0.002113
-0.000072
-0.002910
0.003018
-0.001323
-0.000237
-0.000198
-0.002992
0.005537
-0.002937
-0.000391
0.003770
-0.001115
-0.002284
-0.000060
0.002919
0.002892
-0.002882
0.001766
0.000778
0.000027
0.002963
-0.003118
-0.000060
0.006190
-0.002886
0.002766
0.000054
-0.003370
0.003534
-0.000906
-0.000501
0.000263
-0.000210
-0.000391
-0.003689
0.002908
-0.000391
-0.003689
0.002864
-0.000210
-0.000391
-0.001115
-0.000446
-0.000225
-0.003689
0.003687
-0.000391
