0.007959
0.002711
-0.001407
0.000369
-0.002622
-0.001622
0.003460
-0.001341
-0.000302
-0.003284
0.002790
-0.003152
0.001369
-0.002718
-0.000140
0.001435
0.000501
-0.003323
0.002474
-0.000376
-0.000341
-0.000311
0.000602
0.001790
0.000413
-0.000670
-0.000412
0.002702
0.000066
-0.000442
-0.000157
0.000501
-0.000604
0.001908
-0.003056
0.002636
-0.000596
0.000707
0.002452
-0.001517
0.000860
0.002399
-0.003367
0.000435
0.003829
-0.001907
-0.000995
-0.002512
0.001465
-0.000074
-0.003117
0.001584
0.005302
0.009691
0.007784
0.002658
0.001031
0.002465
-0.002372
-0.000192
0.001457
-0.000508
-0.002534
-0.000692
-0.000302
0.000764
-0.005472
-0.001017
0.001768
-0.003902
-0.000876
-0.001082
-0.004183
-0.003292
0.001531
-0.005678
0.001149
-0.004713
0.000294
-0.004257
0.002347
-0.000376
-0.000473
-0.001267
-0.002740
-0.000170
0.001421
0.000220
-0.002459
-0.001060
0.002421
-0.004345
0.003202
-0.003262
0.001487
-0.000604
-0.002503
0.001707
-0.002372
0.006951
