0.000252
0.002810
-0.003631
-0.000614
-0.000207
0.001820
-0.000128
-0.002897
0.002968
-0.002693
0.006366
0.005992
0.001702
-0.000174
0.000022
0.000606
-0.000411
-0.000411
-0.000411
-0.000411
-0.000456
-0.000411
-0.000411
-0.002844
0.002023
-0.000411
-0.000411
-0.000588
-0.000234
-0.000411
-0.000633
-0.001224
0.000429
-0.001526
0.000075
-0.000332
-0.002792
-0.001033
-0.000882
-0.002208
0.001472
-0.007534
-0.000509
-0.000016
-0.004182
-0.000535
-0.002720
0.004129
-0.003349
-0.002897
0.001879
-0.000306
-0.000286
-0.000889
0.005473
0.007127
0.000534
0.003178
-0.003428
0.002712
-0.000193
-0.002720
0.002836
-0.000942
0.000121
0.000403
-0.001021
0.003473
-0.001066
0.000974
0.000620
-0.000050
0.002686
-0.000889
0.002810
-0.002490
0.000324
-0.000614
0.000305
-0.000253
0.005540
-0.000095
-0.000253
-0.002182
-0.001040
0.002791
0.002305
-0.003048
0.000429
-0.003402
-0.000607
0.003013
-0.003631
0.002810
-0.001119
0.000147
-0.000358
-0.003428
0.002607
-0.000916
