0.000059
-0.000071
-0.000482
0.001463
-0.000147
0.003330
-0.002145
-0.000874
0.001743
0.000152
-0.002218
0.001406
-0.001922
0.004582
-0.001473
-0.001062
0.001553
0.011626
0.004057
-0.002036
-0.000463
-0.000444
-0.000967
-0.001774
0.001406
-0.004107
0.000883
-0.001228
-0.001698
-0.000874
-0.000575
-0.000725
-0.002760
0.000489
-0.000425
-0.001639
0.000397
-0.002724
-0.001380
0.000378
-0.000763
-0.000986
-0.000390
-0.002556
-0.000444
0.001648
-0.002199
-0.000371
-0.000295
-0.000276
0.000995
-0.002499
0.001461
-0.002781
0.003444
0.002059
-0.000183
0.000114
-0.002817
-0.000145
0.001948
-0.001753
0.004263
0.001684
0.002489
-0.000706
0.000059
-0.000145
0.002339
0.000641
-0.000333
-0.000240
-0.000314
-0.002275
-0.002741
0.001256
-0.000708
-0.000855
0.002788
0.000154
-0.002071
0.001406
-0.002256
0.000957
0.002228
-0.000221
-0.002855
0.000135
0.000078
0.001463
0.000919
-0.000333
0.001275
-0.001005
-0.003081
0.001667
0.000902
0.001836
-0.001097
0.000171
