0.000155
-0.000432
0.006730
0.007068
-0.002684
0.002296
-0.000879
-0.002593
0.001955
-0.007708
0.013960
-0.006220
-0.000744
-0.000406
-0.000249
-0.002542
0.002161
-0.000114
-0.002771
-0.001534
0.002428
-0.003289
0.002428
-0.003921
-0.000523
-0.000589
-0.000630
-0.002837
-0.000249
-0.003111
-0.001242
-0.000475
-0.003876
-0.000452
0.000449
-0.001351
0.000294
-0.003764
-0.002141
0.001887
-0.000858
-0.000025
-0.000566
-0.000363
-0.000432
-0.000432
-0.000904
0.002273
0.007268
0.004589
0.000447
-0.000996
-0.000632
-0.000432
-0.000252
-0.000612
0.000221
0.001755
-0.000432
-0.002931
0.000018
0.002115
-0.000361
-0.002362
0.005648
-0.002593
0.002362
-0.002367
0.002948
-0.000973
0.002496
-0.002593
0.002001
-0.002207
0.002570
0.002341
-0.002659
0.002542
0.000155
-0.000589
-0.000274
-0.000432
-0.000252
-0.000432
0.002250
-0.002639
-0.000498
0.002070
-0.002456
0.000068
0.002501
-0.002636
0.002545
-0.001082
0.004840
-0.003921
0.001640
-0.002367
0.002473
-0.001062
