0.004737
-0.012616
0.006176
0.002237
-0.001009
0.002154
-0.002269
0.000370
0.002044
-0.002316
0.001506
-0.001696
0.002044
-0.004494
0.004172
-0.000705
0.000225
-0.003054
0.002733
-0.002737
0.000108
0.001493
-0.000318
-0.001448
0.001727
-0.001607
0.003801
0.000046
-0.002427
0.000205
-0.000037
0.000122
0.001520
0.000184
-0.000229
0.001665
0.000033
-0.000167
0.000542
0.000480
0.002133
-0.002882
0.004661
-0.002903
-0.000409
0.002871
-0.002778
0.002154
-0.002186
0.002065
-0.002261
0.002189
0.000308
-0.001056
0.002382
0.002106
0.002299
0.006659
0.000433
-0.000167
-0.002792
-0.000105
-0.000484
-0.000897
0.000163
0.000046
-0.000492
-0.000926
-0.000375
-0.003020
-0.000071
-0.001986
-0.001986
-0.000871
-0.003392
-0.000718
-0.002337
0.002231
-0.002771
0.002203
-0.000209
-0.000071
-0.002399
-0.000546
-0.000643
0.000418
0.002003
-0.000305
-0.002254
0.002127
0.000095
-0.000939
0.000322
-0.000601
0.000342
-0.000029
0.000542
-0.000767
-0.000167
0.002850
