0.002792
0.011772
0.003482
-0.002823
-0.003695
-0.008488
0.001292
0.002235
-0.009613
-0.003441
0.002235
-0.015724
0.001292
-0.002376
-0.003259
-0.003441
-0.004301
-0.005002
-0.003259
-0.002558
-0.005002
-0.000016
-0.006176
-0.002884
-0.009370
-0.003937
0.000917
-0.010060
0.001655
-0.003717
0.001534
0.003773
0.001765
0.004209
0.001644
0.001523
0.004342
0.004838
0.008964
0.002830
0.005516
0.006399
-0.002289
0.007221
0.002671
0.003520
0.017387
0.005892
0.006460
0.001909
0.002235
0.003531
0.007210
0.004584
0.004899
0.004088
0.003652
0.007403
0.000845
0.006460
0.004209
0.005963
-0.003728
0.010283
0.007149
-0.001406
0.006532
-0.006271
0.008335
-0.001406
-0.002084
0.003906
-0.008813
-0.004445
-0.001395
-0.002884
-0.003077
-0.003937
0.001292
-0.001758
-0.005619
-0.001758
-0.003441
-0.006055
-0.002823
-0.000016
-0.005862
-0.003441
-0.005801
-0.001758
-0.009310
0.001750
-0.001952
0.002781
-0.003259
-0.008378
0.001098
-0.003755
-0.002641
0.000227
