0.000553
0.002840
-0.003119
-0.001207
-0.000389
-0.000217
-0.000389
0.000225
-0.001273
-0.000438
-0.000389
-0.000438
-0.000389
-0.000245
-0.000581
-0.000438
-0.000389
-0.000438
0.000601
0.003349
0.004052
-0.000245
-0.000389
-0.000438
-0.000168
-0.000466
0.000831
-0.001379
0.000139
0.002177
-0.000351
-0.000274
0.001782
0.002706
0.000139
-0.001735
0.001101
-0.000389
-0.000245
-0.000553
-0.000438
0.000495
-0.000245
0.004167
-0.004726
-0.001273
0.003090
-0.003917
-0.000438
-0.000581
-0.003773
0.002677
-0.000937
-0.002918
-0.000332
0.002321
0.000188
-0.003773
0.003908
-0.001207
-0.000389
0.000389
-0.000389
-0.001015
0.000880
-0.000794
0.002091
-0.002476
0.001764
-0.002389
-0.000188
0.003108
0.003340
0.000553
-0.000389
0.003090
0.000897
-0.000015
0.002907
-0.002370
0.002321
-0.000389
0.000332
-0.001273
0.000447
-0.001158
0.000332
-0.000389
-0.000438
-0.001158
-0.008426
0.002947
0.001205
0.002889
0.000639
0.000601
-0.001832
-0.000323
-0.001072
0.000332
