0.009876
-0.011288
0.002369
-0.001077
0.000164
-0.000161
-0.003108
0.002392
-0.000381
-0.000381
-0.000381
-0.000347
-0.000381
-0.000381
0.000315
-0.000288
-0.000404
-0.000660
0.000071
0.000060
0.002427
0.002149
0.000477
-0.000056
-0.000381
-0.000381
0.002369
-0.002284
-0.001205
0.000222
-0.000207
0.000013
0.002137
0.000048
0.002299
0.000593
-0.000903
-0.001855
0.002485
-0.001077
-0.000381
-0.000381
0.000315
-0.000381
-0.000869
0.003158
-0.002945
-0.001159
-0.000381
-0.000381
-0.003154
0.002218
-0.000381
-0.000903
-0.000462
-0.000416
-0.000230
0.000362
-0.000555
-0.000207
-0.000381
-0.000381
-0.000230
-0.000532
0.002392
-0.002458
0.001730
-0.002377
-0.000312
0.001615
-0.000045
-0.000149
0.001290
0.002021
0.000245
-0.000207
0.000222
0.001893
0.000617
0.000072
0.002207
0.000466
-0.000207
-0.000927
-0.002435
0.001673
0.000164
-0.000230
-0.001043
0.000315
-0.000555
-0.000810
0.000222
-0.000381
-0.000985
-0.002505
-0.000323
0.001533
0.000060
0.002995
