0.000191
-0.000415
-0.000415
-0.000051
-0.000112
0.001957
-0.002430
0.002586
-0.000051
0.000018
0.000798
0.001896
0.000214
-0.000263
-0.003195
0.002404
0.000366
0.001608
0.000419
-0.000938
-0.001907
0.001502
0.000844
0.002457
0.000388
-0.000392
-0.000415
-0.000377
-0.000415
-0.000415
-0.000089
-0.000703
-0.000089
0.002040
-0.001793
-0.001218
-0.000589
-0.000415
-0.000415
-0.000551
-0.003021
0.001305
-0.001975
0.002252
-0.000278
-0.000869
0.000191
-0.000377
-0.000415
-0.000263
-0.000718
-0.000051
0.000017
-0.000415
0.001760
-0.002309
-0.000635
-0.000104
-0.000369
0.002677
0.000192
0.002692
-0.000089
-0.000377
0.000366
0.000025
-0.000119
0.002972
0.001699
-0.002278
0.001646
-0.000006
-0.002847
0.001646
0.000131
-0.000377
-0.000438
-0.002998
0.001646
0.000563
-0.000566
-0.000415
-0.000415
-0.000377
-0.000589
-0.007188
-0.001021
0.003866
0.004267
0.011988
-0.001968
-0.010726
0.003465
0.000017
-0.000824
-0.000097
-0.002847
-0.000415
0.001646
-0.000286
