0.000267
-0.000347
0.000364
0.001800
-0.000072
0.000737
0.000664
-0.000298
0.001688
-0.002204
0.001890
0.000291
-0.000347
-0.000162
-0.000347
0.000364
0.000040
0.000043
0.001333
0.000970
0.000461
0.002326
-0.000193
0.002358
-0.002406
-0.000960
0.000016
0.002148
0.004281
-0.003860
-0.003940
-0.000347
-0.000347
-0.000929
0.000267
-0.000347
-0.000315
-0.000347
-0.000960
-0.000413
-0.000476
-0.002187
0.001761
-0.000267
0.000517
-0.000960
0.000298
-0.000347
0.000267
-0.000751
-0.000371
0.002326
-0.000347
-0.002253
0.001640
-0.000322
-0.001898
0.001455
-0.001807
0.002521
0.002295
0.000252
0.000444
-0.000162
0.002326
0.000761
0.002497
0.000057
-0.000249
0.000298
-0.000783
0.000267
-0.000347
-0.000315
-0.001058
-0.000347
0.000396
-0.000525
-0.000169
-0.000315
-0.000347
-0.000525
-0.000880
-0.000315
0.000211
-0.001033
-0.002204
-0.000347
-0.000347
0.001873
0.000267
-0.000960
0.000089
-0.000751
0.000267
-0.000960
0.000298
-0.000525
-0.000783
-0.000315
