0.000209
0.002446
-0.002609
-0.000635
0.000458
0.001363
-0.001873
-0.000175
0.002442
0.002831
-0.000194
-0.003359
0.004251
-0.000480
0.002432
-0.003810
-0.000410
-0.000373
-0.003036
0.002432
0.000246
0.002596
-0.003252
0.001837
0.000613
0.002536
0.000125
0.000340
-0.000410
0.000340
0.001719
-0.003036
0.000068
-0.000410
-0.000837
0.000054
0.005832
-0.004166
-0.003252
-0.000373
-0.007177
0.007393
0.007665
-0.007116
-0.000373
-0.000565
-0.003036
0.001766
-0.000255
-0.002595
0.002254
-0.000194
-0.000255
-0.000527
0.000303
0.001756
-0.002881
0.000054
-0.000279
-0.000077
-0.000565
-0.000006
0.002240
0.000111
0.000763
0.002385
-0.000255
0.002469
-0.000255
0.000693
0.000575
0.001790
-0.000100
-0.002609
0.001827
-0.000087
-0.000790
-0.002478
0.002230
-0.000349
-0.000255
-0.000373
-0.000373
0.002409
-0.003191
-0.000410
-0.000373
-0.003810
-0.000212
-0.000044
-0.000034
-0.002623
0.002616
0.000135
0.002826
-0.000077
-0.003191
0.001696
0.000162
-0.000813
