0.000282
0.003915
0.004866
0.000719
0.004959
0.004866
-0.000967
-0.002131
-0.004227
-0.000305
-0.001236
-0.000342
0.000627
-0.000305
-0.000342
0.000739
-0.001349
-0.000342
-0.000305
-0.000305
-0.000258
-0.000305
-0.000389
-0.003947
0.007018
-0.004283
-0.000165
-0.000221
-0.003910
-0.007916
0.000422
-0.000156
0.001875
0.000952
-0.004507
0.003328
-0.000324
-0.000324
0.003300
-0.000529
-0.000473
0.000851
0.003412
-0.002914
0.002658
0.000375
-0.000557
-0.000156
-0.000119
0.000254
0.003059
-0.000389
-0.003910
0.003496
-0.000305
-0.000342
0.003216
-0.002998
0.003533
-0.000557
-0.000557
-0.000650
-0.000063
0.003216
0.000767
0.003300
-0.000389
-0.003007
0.003449
-0.000324
-0.000650
0.003626
-0.004479
0.003272
-0.001517
-0.009948
0.000702
-0.000221
-0.004106
0.006804
-0.003817
-0.001264
0.000618
-0.000305
-0.000221
-0.000342
-0.000305
-0.000305
0.000590
-0.001236
-0.000305
-0.000342
-0.001349
0.000739
-0.000342
-0.000305
0.000627
-0.001441
0.003216
0.000254
