0.000636
-0.000678
-0.000678
0.005216
-0.006571
0.005216
-0.005103
-0.000678
0.003786
0.001158
-0.002205
0.001274
-0.000292
0.001274
-0.000523
-0.000678
0.005583
0.000308
0.003979
0.001332
-0.000408
-0.000408
0.001389
0.002916
0.001486
-0.001045
-0.005914
0.005293
-0.000678
-0.000678
-0.000678
-0.000678
-0.000349
-0.001006
-0.000349
0.000308
-0.000272
0.003573
-0.000639
-0.003905
0.004500
0.005003
-0.007074
-0.005624
-0.001992
-0.000678
-0.000678
-0.000678
-0.000678
-0.002146
-0.000523
-0.005586
0.003360
0.001119
0.000018
-0.001045
-0.000311
-0.000678
-0.000678
0.000772
0.003940
-0.000639
0.000829
-0.000523
0.001235
0.004346
0.001950
-0.000678
0.005930
-0.000041
0.004307
-0.004040
0.004887
-0.000311
-0.000678
-0.000311
-0.001045
0.000018
-0.001045
0.005061
-0.005026
-0.002146
-0.000678
-0.000678
-0.000678
0.000791
-0.002146
0.000791
-0.002146
-0.000678
-0.001779
-0.012755
0.005196
-0.000408
0.004307
-0.004040
-0.000639
0.002878
0.001776
-0.001856
