0.000370
0.000611
-0.001345
-0.000083
0.003080
-0.003361
0.003651
-0.001856
-0.000320
-0.004173
-0.000019
0.003800
-0.004711
0.003891
-0.004802
0.002417
0.000854
-0.001463
0.000914
-0.000651
-0.000348
-0.000290
0.000765
-0.001585
0.004013
-0.006398
0.005305
-0.005042
-0.000080
-0.000168
-0.000651
-0.000439
0.000823
-0.001643
-0.000381
-0.000348
-0.000682
-0.000138
-0.000110
0.004104
-0.001074
-0.000530
-0.004504
-0.000530
-0.000472
0.005397
0.004281
0.002328
0.004551
-0.000593
0.003891
-0.003391
-0.001585
0.003621
0.000312
-0.001585
-0.000530
0.001003
-0.000801
0.000972
-0.001612
-0.000381
0.000644
0.002627
-0.003540
0.003168
0.000100
-0.000593
-0.001646
-0.004233
-0.002397
-0.001585
0.000765
-0.000171
-0.000952
-0.000168
-0.000290
-0.000348
0.000793
-0.001883
-0.000110
-0.000801
-0.004504
-0.000530
0.004013
-0.004833
-0.000472
0.002207
-0.000110
-0.000892
-0.003300
-0.000621
-0.001165
-0.000892
-0.001497
0.000069
0.005907
0.004463
0.005515
0.004974
