-0.006948
0.001820
0.001916
0.003964
0.002250
0.003201
0.001631
0.005059
0.003344
0.000609
0.003821
0.003818
0.004938
0.004223
-0.002583
-0.002440
0.000107
0.005819
0.008245
-0.000868
0.000036
-0.002318
0.001109
-0.000557
0.000322
0.001274
0.000179
0.000537
-0.001725
-0.004199
-0.006054
-0.002438
0.000513
-0.000986
0.002988
0.003365
-0.000651
-0.006595
-0.001672
-0.003670
-0.003812
-0.001910
-0.004478
-0.003979
-0.004407
-0.003979
-0.003979
-0.002315
0.001632
0.000560
0.003297
0.002608
0.002464
0.002131
0.005202
0.002297
0.004651
0.005652
0.000654
0.004699
0.005699
-0.001153
0.000607
0.003320
-0.000843
-0.000274
-0.001487
0.001653
0.005602
0.001632
-0.004173
-0.001317
-0.002057
0.002200
-0.001960
-0.002082
-0.006150
-0.004341
-0.001582
-0.002486
0.000630
-0.000938
0.001416
0.000011
-0.000510
-0.001435
-0.003979
-0.003979
-0.003979
-0.003979
0.001012
-0.003979
-0.004263
-0.003979
-0.003313
-0.002980
0.000562
0.006456
0.003865
0.004176
