0.001962
0.001141
0.000864
0.001843
0.000912
0.002320
0.001861
0.000677
0.002787
0.000277
0.002582
0.001918
0.001191
-0.001785
-0.006107
-0.005245
0.006207
-0.002006
-0.004302
-0.001830
-0.001348
-0.002651
-0.003683
-0.009782
-0.004580
-0.003041
-0.002775
-0.000203
-0.001549
-0.000972
-0.000191
-0.001654
-0.000522
0.001369
0.000541
-0.003504
0.005636
-0.003177
-0.000596
0.006007
-0.005125
0.000232
0.002299
-0.000520
0.000403
0.000454
0.000266
0.000694
0.003609
0.000329
0.000432
0.001609
0.001457
0.000587
0.001671
0.000643
0.003605
0.001950
0.001005
0.000953
0.002123
0.002387
0.003374
0.000182
0.003579
0.003888
-0.002515
-0.004884
-0.000408
-0.002016
-0.000733
-0.002641
-0.001236
-0.001395
0.000422
-0.001128
-0.001133
-0.001538
-0.000111
0.000272
-0.001116
0.001134
0.000529
0.001386
-0.001956
-0.003771
0.006773
0.001295
-0.002886
-0.002030
0.006813
-0.004183
-0.000065
-0.000493
0.001134
0.000877
0.000632
0.000511
0.001919
0.001866
