0.000255
0.001444
0.000594
0.000732
0.001444
-0.000049
0.000031
0.000065
0.002341
0.001444
0.000601
0.001636
0.000193
0.000720
0.001827
0.002893
-0.000830
0.001413
0.001523
0.002102
0.001747
0.000099
-0.000554
0.003791
0.004756
-0.001636
-0.003876
-0.003450
-0.000520
-0.000367
-0.004345
-0.001977
-0.000264
-0.000763
-0.002316
-0.003037
-0.000159
-0.000478
-0.002553
-0.000656
-0.001477
0.000886
-0.001164
-0.001744
0.001296
-0.001670
-0.000239
0.000316
-0.000444
-0.000061
-0.000064
-0.000064
-0.000064
0.001413
-0.001112
0.001673
-0.000046
0.001023
0.001459
0.000396
0.001753
0.000591
0.001444
0.000255
0.001250
0.002228
0.000429
0.002341
0.001490
0.000273
0.000545
0.003825
-0.000003
0.001039
0.000503
-0.004241
-0.003552
-0.002369
-0.004660
-0.004265
-0.001882
-0.002274
-0.001284
-0.000824
-0.000478
-0.000520
0.000077
0.000255
-0.000064
0.000316
-0.000030
0.001045
-0.001032
0.000172
0.001453
0.000165
0.000603
0.001073
0.000601
-0.000380
