-0.004618
0.001057
0.000443
0.001149
0.000072
0.000822
0.000997
-0.000020
0.001284
0.000790
0.001979
0.001260
0.002142
0.000758
0.001021
-0.003159
-0.002210
-0.003782
-0.000287
-0.000897
-0.001237
-0.000028
-0.000498
-0.001029
-0.000407
-0.001440
0.000706
-0.000930
-0.000192
-0.001205
0.000535
-0.000785
-0.000778
-0.000531
-0.000487
-0.000075
-0.000590
-0.000128
0.000682
-0.000403
0.000906
0.001005
-0.000000
0.000239
0.000626
0.000156
0.000966
-0.000383
-0.000056
0.000750
0.001488
-0.000467
0.001045
0.000227
0.000499
0.001053
0.000131
0.001201
0.000889
0.001145
0.001113
0.001847
0.002198
0.005082
-0.004750
-0.001639
-0.001197
-0.000917
-0.001033
-0.001883
-0.000160
-0.000439
-0.000024
-0.001711
-0.000287
-0.000894
-0.000427
0.000758
-0.000570
-0.000143
-0.000459
-0.001265
-0.000550
0.000016
-0.000227
0.000132
0.000830
0.001033
0.000120
-0.000622
0.001507
-0.000056
0.000623
0.000044
0.000522
0.000040
0.000136
0.001496
-0.000375
0.000730
