0.001102
0.002404
0.001535
0.001417
0.001712
0.000950
0.001137
0.001102
0.002111
0.001534
0.003024
0.000750
-0.000705
0.002264
0.000845
0.001031
0.000505
0.000410
0.000938
-0.000094
0.001079
-0.001736
-0.004937
-0.001935
-0.004074
-0.001432
-0.001573
-0.007204
-0.005773
-0.002089
-0.001574
-0.001445
-0.004858
-0.004354
0.005150
0.001057
-0.003835
-0.004140
0.001936
0.001910
-0.000973
-0.004456
0.001852
0.003060
0.002323
-0.000248
0.004034
0.001184
0.001114
0.001161
0.001008
0.004231
0.000915
0.001161
0.001020
0.001090
0.003082
0.002216
0.000986
0.000657
0.000691
0.000657
0.000657
0.000691
0.000657
0.001079
0.000316
0.000657
0.000657
-0.000893
0.000468
-0.000401
0.000069
0.000340
-0.003671
-0.003882
-0.003650
-0.001419
-0.001304
-0.002312
-0.005760
-0.003768
-0.004775
-0.001631
-0.004023
0.002428
0.002264
0.001325
-0.003835
-0.000398
0.003059
0.001442
0.002288
0.001779
0.002697
0.000986
0.002299
0.001677
0.001019
0.001959
