-0.000391
-0.002327
0.005504
0.000921
-0.007744
-0.016765
-0.004006
-0.003283
-0.002327
-0.005686
-0.000158
0.003090
-0.004974
-0.000881
-0.002438
-0.005097
0.003323
0.003458
-0.001604
-0.005686
0.009831
-0.005342
-0.010257
0.000332
-0.000268
-0.010735
-0.005330
0.002134
0.005516
0.010432
-0.002671
-0.003271
0.009230
0.010309
0.001778
0.002501
0.018006
0.018607
-0.002303
0.002134
0.001533
0.002857
-0.004706
0.005983
0.001778
-0.004962
-0.000391
0.012957
-0.000869
0.000332
0.000332
0.000332
-0.002671
-0.016397
-0.018444
-0.006654
-0.003038
0.000099
-0.006519
-0.009767
-0.004239
0.009709
0.001778
0.002501
-0.000747
-0.000513
0.002490
0.015604
0.004904
-0.007242
0.002501
0.008519
0.021254
0.008152
-0.007242
0.000332
0.001901
-0.003271
0.000688
0.007784
0.003458
0.002501
0.011633
0.001533
0.005259
-0.001825
-0.014351
-0.020258
-0.013272
0.002367
-0.010747
0.002723
-0.004374
-0.004374
-0.004374
-0.010747
0.016560
0.001055
0.008018
0.008997
