0.006994
-0.004341
0.007500
-0.007404
-0.003034
-0.002099
-0.002175
0.005029
-0.002270
-0.008472
0.006097
-0.002213
-0.002662
-0.004045
0.003722
-0.007070
0.002586
-0.007070
0.002586
-0.002270
-0.009274
-0.000925
-0.002996
0.000573
0.002309
0.001880
0.002309
0.001861
0.001766
0.000964
0.000516
0.008340
0.006136
0.001412
0.005000
0.017394
0.006097
-0.008749
0.000086
0.000516
0.001412
0.001861
0.002214
0.001842
0.002252
-0.000753
-0.000381
-0.001278
0.000888
-0.002213
0.007233
0.001317
-0.013644
0.002958
-0.011831
-0.002175
-0.009589
0.001165
-0.007852
-0.002099
-0.000811
0.001336
-0.002099
0.000048
-0.000906
-0.000400
0.005315
-0.007404
0.013979
0.007032
0.000793
0.007386
0.014465
-0.006116
-0.008281
-0.000772
0.006193
-0.004694
-0.000028
0.000516
-0.001278
0.007872
0.005725
-0.003091
0.003932
-0.003224
-0.017565
-0.005333
-0.008920
-0.008787
-0.002213
-0.003072
0.006374
0.005258
-0.001727
-0.008320
-0.001688
0.002195
0.012690
0.009685
