-0.000708
0.004223
-0.013909
-0.003951
-0.003394
0.005797
-0.013065
0.000136
-0.004507
0.003667
-0.001839
-0.003969
-0.000804
0.002458
-0.002090
-0.003874
-0.010839
0.002458
-0.007577
-0.005985
-0.000037
0.002476
0.000519
0.000519
0.000519
-0.007673
-0.006848
0.005432
0.001441
0.004433
0.015736
-0.000785
-0.003394
-0.002742
-0.000785
0.003302
0.021320
0.006007
0.001901
-0.004891
-0.009918
-0.001706
0.000519
0.000519
0.007485
-0.006273
0.003398
0.005911
0.001824
-0.000785
0.003648
-0.004412
-0.008786
-0.021622
0.000519
0.000693
-0.001706
0.005815
-0.008211
0.006468
0.003110
0.002745
0.002554
0.004146
0.000615
-0.001629
0.005624
0.005259
0.010363
0.012781
-0.004430
0.016119
0.007216
0.001441
-0.005237
0.000424
0.008598
0.000615
0.004607
0.000711
0.001537
0.014450
-0.000498
-0.000498
-0.004585
-0.032251
-0.005794
-0.005620
0.005797
-0.005908
-0.002127
-0.014657
0.004607
-0.003394
-0.009534
0.015084
0.004050
-0.003030
0.005336
0.009346
