0.002564
-0.002264
0.001032
0.015241
-0.024083
-0.005391
-0.001926
0.008249
-0.002889
-0.009537
0.004215
-0.003058
-0.000500
-0.011982
0.006148
-0.002433
0.011263
0.008249
-0.010162
-0.005278
-0.007892
-0.026016
-0.005847
-0.002777
-0.005447
0.006317
0.002108
-0.001357
0.006998
-0.004084
0.007511
0.009612
0.005010
0.007849
0.003190
0.019162
0.006429
-0.002664
0.000519
0.000175
0.001313
-0.003971
0.009956
-0.006698
0.008080
-0.007436
-0.001301
0.009556
0.006091
-0.009481
0.015866
-0.000844
-0.002889
-0.004371
-0.025390
-0.016529
-0.016810
-0.006185
0.003590
0.000063
-0.004765
-0.001301
0.001201
0.001201
0.001201
-0.006473
0.008474
0.003021
0.014672
0.004384
0.001201
0.002564
0.019049
0.011657
0.009500
-0.007323
-0.007042
0.002621
0.003246
0.002164
0.003246
0.003246
0.001201
-0.000162
-0.000844
-0.002889
-0.001926
-0.002889
-0.002889
-0.003514
-0.018743
0.006091
-0.009537
-0.005278
0.001489
-0.005103
0.003534
0.006429
0.010694
0.009725
