0.000995
0.004191
0.003470
-0.023896
0.002108
-0.004290
0.000523
-0.003513
0.004024
0.004720
-0.010993
-0.003513
-0.002761
0.003800
-0.003513
-0.003345
-0.008015
-0.005403
-0.001623
-0.004651
-0.007878
0.002830
-0.003843
0.004247
0.006610
-0.004981
0.004527
0.000690
-0.000590
0.001275
0.020875
0.000883
-0.005149
0.003638
0.022293
0.007226
-0.000479
-0.000870
-0.002145
0.007723
-0.002313
0.000218
-0.000814
0.002245
-0.002288
-0.001007
-0.008239
0.003968
-0.002120
-0.004514
-0.002512
-0.012131
-0.005124
-0.003706
-0.003009
-0.000535
-0.000118
-0.002313
-0.009153
-0.000423
0.001580
0.002276
0.001692
0.002581
0.003165
0.000523
0.000411
0.008588
0.009253
0.005248
-0.002978
0.018151
0.012368
-0.003955
-0.003507
0.002581
0.001692
0.003221
0.002525
0.001219
0.003165
0.009197
0.007891
-0.002257
0.005833
-0.000174
-0.013356
-0.019724
-0.008407
-0.008935
-0.002593
-0.005099
-0.001119
0.006946
-0.008351
-0.003345
0.005416
0.008724
-0.004178
0.012424
