0.002089
-0.008116
-0.004594
-0.003986
-0.003986
-0.003986
-0.001073
-0.003378
-0.006171
0.007427
-0.010909
0.005130
-0.004346
-0.003738
-0.002161
0.014855
0.006467
-0.016976
-0.005090
-0.003986
-0.003986
-0.003986
-0.007275
-0.014198
0.000992
0.006099
0.009628
-0.004730
0.004034
-0.006179
-0.002409
-0.001801
0.009500
0.014126
-0.002777
-0.004106
0.000376
0.008044
0.013150
0.012662
0.006459
-0.008236
-0.002521
0.001849
0.001849
-0.001201
-0.005691
0.004642
-0.005691
0.006467
0.002457
-0.000824
0.006219
-0.006667
-0.015535
-0.020145
-0.003506
-0.003506
0.000504
-0.005090
0.001961
0.002569
0.002569
0.001713
0.002569
0.002569
0.008164
-0.007395
0.001361
0.007067
0.014855
0.008172
0.009132
0.011205
-0.007756
0.001112
-0.000104
0.004026
0.004146
0.004754
0.004754
0.003169
0.004026
0.011813
0.003546
-0.007515
-0.007515
-0.025972
0.001849
-0.003986
-0.002777
-0.010789
-0.008116
-0.001681
0.012790
0.005731
-0.003258
-0.000344
0.013518
0.005602
