0.002266
0.006491
0.004655
-0.023490
-0.004375
-0.002715
-0.002715
0.000430
0.003054
0.000111
-0.003620
-0.005632
0.007539
-0.014922
0.009460
-0.008600
0.004655
-0.000267
-0.003620
-0.003822
-0.012591
-0.009037
-0.011602
0.001569
0.004831
-0.002454
0.004219
0.014649
0.001947
-0.002630
0.000957
0.001745
0.015261
0.017240
0.002793
-0.005860
0.007162
-0.009824
0.005443
0.003229
-0.006706
0.005502
0.004336
0.005267
0.008034
-0.006152
0.014037
-0.003822
-0.009505
-0.002715
0.004453
-0.025938
-0.013698
0.001888
0.000723
-0.001784
-0.002975
-0.010638
-0.001257
0.001276
0.000957
0.000957
0.000723
-0.000762
0.000345
0.000781
-0.000006
0.017416
0.002181
-0.000267
0.004336
0.004629
0.024115
0.004570
-0.009649
0.000345
0.000957
0.003724
0.002793
0.002793
0.002793
0.003724
0.002793
0.007715
0.004831
0.001452
-0.018477
-0.024044
-0.000937
-0.008600
0.005645
0.005879
-0.002891
-0.015769
0.002383
-0.002161
0.008151
0.005267
-0.005540
0.014590
