0.000521
0.010220
-0.003426
-0.011506
-0.002481
-0.004657
-0.000710
-0.004016
-0.001554
-0.005045
0.007808
-0.002684
0.000319
-0.002988
-0.007120
0.011299
0.000960
-0.002043
-0.002684
-0.002684
-0.000761
-0.000761
-0.002043
-0.003122
-0.016228
0.004704
0.001499
-0.000272
0.002140
-0.004556
0.000521
0.007859
0.002242
0.006037
0.004165
0.009630
0.011401
0.018535
-0.006765
-0.007508
0.009427
-0.004994
0.007656
-0.007558
0.007504
0.000217
0.000858
0.002242
0.003422
0.001010
-0.004893
-0.026383
-0.011151
-0.011741
0.004215
0.000960
-0.003661
-0.009717
-0.001738
0.000572
-0.000170
0.000521
-0.000761
-0.000761
-0.000761
0.002242
0.000521
0.006088
0.003524
0.011839
0.006037
0.000724
0.023950
0.002933
-0.007946
0.000572
0.001162
0.001162
0.001162
0.001162
-0.007406
0.015044
0.004654
0.003574
0.003574
-0.001300
-0.011100
-0.025152
-0.006917
-0.011455
0.005396
0.002090
-0.004759
-0.002245
-0.012636
-0.000761
0.008887
0.007808
0.002242
0.016764
