0.000329
0.008050
0.005620
-0.016609
-0.000647
0.002727
-0.006434
-0.002149
0.004653
-0.001126
-0.002173
0.005101
-0.006913
-0.002149
0.003159
-0.000607
-0.001661
-0.000159
-0.001582
-0.010310
-0.001174
-0.000623
0.000792
0.002239
0.002279
0.005157
0.001320
-0.001110
0.006643
0.009969
0.002735
0.003246
0.000800
0.009017
0.012406
0.008546
0.000337
-0.002070
-0.006874
0.001807
0.005676
0.002263
-0.004995
0.000368
-0.000175
-0.000199
0.006132
0.000305
0.004653
0.000832
-0.004507
-0.023923
-0.003980
-0.002062
-0.002141
-0.005946
-0.005883
-0.024394
-0.001566
0.001296
0.004653
-0.004979
0.006148
-0.004979
0.008514
0.008066
0.006100
-0.004020
0.007123
0.014797
0.006635
0.008562
-0.008352
-0.006913
0.005188
0.000776
-0.006466
-0.001134
-0.005938
0.007531
0.007578
0.007083
-0.004068
0.000760
0.005172
-0.006953
-0.003508
-0.024394
-0.006489
-0.004091
-0.001606
-0.002597
0.008498
-0.011262
-0.010334
0.005133
0.004229
0.009009
0.006564
0.005652
