0.004859
-0.001333
-0.003971
-0.000445
-0.000445
-0.001333
0.000833
0.007385
-0.003304
-0.001111
0.006386
-0.001916
-0.000917
0.005747
0.003082
0.000333
-0.005192
-0.004637
-0.003749
-0.005970
-0.000445
0.007774
-0.003832
-0.000944
0.000777
-0.000056
0.002998
0.002332
0.002665
-0.006359
0.000139
0.000388
0.000694
0.002082
-0.000111
-0.000472
-0.000111
0.004331
-0.003221
0.004137
0.003776
-0.003443
0.002610
-0.008413
0.003110
-0.003999
0.003110
0.003165
0.000194
-0.010357
0.003748
0.000111
0.000555
-0.000445
0.004331
-0.000167
0.002943
-0.002416
0.003082
-0.000445
-0.003971
0.007524
0.000944
0.005331
0.005136
-0.003471
-0.002360
-0.012689
-0.000944
-0.001333
0.000444
-0.007858
-0.000556
0.000083
-0.000389
0.006580
-0.000445
0.000333
0.004109
0.002860
-0.002249
0.008801
0.000305
-0.001638
-0.004748
-0.005581
-0.006164
-0.003221
-0.006275
0.004054
0.003720
0.000333
0.000444
0.004331
0.002082
-0.004110
-0.004776
-0.000667
0.001805
0.006108
