0.000914
-0.000317
-0.001019
-0.000512
-0.004547
0.002794
0.004638
0.004034
-0.003654
-0.003948
0.003745
0.008899
-0.006076
0.001176
0.000025
0.006038
-0.008111
-0.000286
-0.008169
-0.001530
0.001367
0.002700
0.000145
0.000118
0.000216
0.002976
0.004674
0.000918
-0.010209
0.004504
0.000479
0.002447
-0.002201
0.002251
-0.002490
0.002251
0.004700
0.001243
0.003647
0.000216
-0.000197
-0.009858
0.003243
-0.000477
-0.000095
0.004127
-0.006200
-0.003307
0.002789
-0.002481
0.003527
0.003207
-0.000255
0.001332
0.003300
-0.002894
-0.000926
0.000790
-0.000259
0.003403
0.005878
0.002669
-0.000286
0.003212
0.001038
-0.003969
-0.015230
-0.002765
-0.003783
0.001879
-0.005218
-0.003592
-0.000317
0.004318
0.003709
0.000670
0.000412
-0.000446
0.003429
0.003873
0.000443
0.007469
0.000128
-0.008685
-0.000575
-0.001650
-0.011351
0.001012
-0.007822
0.002163
0.003238
-0.002641
0.006740
0.005335
-0.000286
-0.009378
-0.000988
0.003243
-0.002352
0.007660
