0.003662
-0.003109
-0.001002
-0.000552
-0.000327
-0.004663
0.007641
0.001893
-0.001298
0.000175
0.001944
0.001729
0.000093
0.000451
0.003765
0.000625
-0.005430
-0.001902
-0.008652
-0.001002
0.005176
0.002425
0.000072
-0.003272
0.000072
0.003161
0.001187
0.004480
-0.011117
0.003744
0.003182
-0.002874
-0.000204
-0.000644
0.002506
0.000042
0.004440
0.000573
-0.000132
0.004337
-0.000899
-0.004039
-0.004940
0.004184
-0.000327
0.003243
-0.003497
-0.001452
-0.000695
0.000246
-0.000265
0.000573
0.000768
0.000185
0.002333
0.000809
0.000890
0.002384
0.000573
0.003253
-0.002434
0.007733
0.001187
-0.000112
0.000082
-0.009470
-0.008601
-0.001483
-0.000521
-0.004653
-0.004305
-0.000010
0.002251
0.000788
0.004930
-0.000562
0.000573
0.002159
0.000983
0.004347
0.007559
-0.000204
-0.008724
-0.003099
0.002220
-0.011987
-0.002045
0.002097
-0.008397
0.003478
0.001923
0.006802
0.000635
0.003120
0.001187
-0.005533
-0.004551
-0.000327
0.000573
0.007866
