0.001182
0.003370
-0.001047
-0.003879
-0.000372
-0.000556
-0.001436
0.002829
0.006438
-0.003931
-0.000178
0.001080
0.002307
0.001111
0.003248
-0.000208
0.004628
-0.006844
-0.002377
-0.005659
-0.003696
-0.000944
0.007910
-0.002377
-0.000925
-0.003154
0.002235
0.001713
0.002665
0.004956
-0.008982
0.003207
0.000447
-0.000914
0.000538
-0.000147
0.003012
-0.002826
0.007174
-0.000136
0.003237
0.000977
-0.003982
0.002818
-0.007264
0.001141
0.000447
-0.000331
0.003279
-0.003409
-0.001835
-0.003184
0.004423
0.000641
0.000394
0.001949
0.004117
-0.002335
-0.000270
0.001846
0.005067
-0.002999
0.000558
0.007522
0.003504
-0.000597
-0.005626
-0.014330
-0.001947
-0.003879
-0.004953
-0.000198
0.002419
0.004567
0.000671
-0.000136
0.000477
0.002235
0.005303
0.003412
-0.003102
0.008135
-0.006353
-0.006589
-0.000300
-0.010823
-0.000863
-0.001374
-0.006200
0.001152
0.010323
-0.002171
0.000252
0.007144
-0.000106
-0.008215
-0.002580
-0.000178
0.001224
0.007430
