0.011325
-0.004635
0.004621
-0.004449
0.002460
0.000148
-0.001249
0.008022
-0.009756
-0.000347
-0.000602
0.000995
0.005097
-0.008021
-0.000842
-0.000602
-0.004380
-0.000499
0.004670
0.004126
-0.006301
-0.005248
0.003225
-0.001352
0.002323
-0.000705
-0.002832
-0.000637
-0.004772
0.004347
-0.001249
0.005675
-0.007374
-0.000588
-0.005826
0.006714
0.012040
-0.000009
-0.000382
-0.007477
0.005930
0.000451
0.003073
-0.007188
-0.007036
-0.004993
0.001029
0.001029
0.000858
0.011256
0.009198
0.005827
0.000706
0.001029
0.000451
-0.000181
-0.014793
-0.001029
0.005268
-0.006678
-0.000705
-0.001249
0.000858
-0.000671
0.012550
0.001456
0.000299
0.002921
-0.013142
0.003225
0.005792
-0.000602
-0.004312
-0.001132
0.000569
-0.009432
0.010065
-0.003582
-0.000602
-0.001352
-0.002798
-0.005385
0.005675
-0.000382
-0.000602
-0.000553
-0.001318
-0.002405
0.005503
-0.000313
-0.004498
-0.000127
-0.008447
0.010354
-0.003630
0.003720
-0.005522
0.004367
-0.001896
0.007444
