0.006431
0.004481
0.006116
0.003774
0.001855
0.000770
0.000063
-0.001179
-0.001494
-0.002689
0.000079
-0.001887
-0.007657
0.004686
-0.007673
0.005362
-0.001494
0.011619
-0.019560
0.001195
-0.000362
-0.007673
0.003553
-0.006242
0.003553
-0.001934
0.000063
-0.002673
-0.006447
0.003931
0.007248
-0.007987
-0.004953
-0.006525
-0.001494
0.003553
-0.000362
-0.008805
0.008066
0.011305
-0.005346
0.003553
-0.001164
-0.016509
-0.000786
0.000393
0.000314
0.000393
0.007736
0.014387
0.008113
0.002280
0.002280
0.001824
-0.003129
-0.010346
-0.001855
-0.003066
-0.001494
0.000016
0.013978
0.005739
-0.005346
-0.002673
0.003553
-0.006478
-0.001494
0.003506
-0.006525
-0.016132
0.010031
0.005833
-0.001085
-0.007657
-0.001887
-0.000362
-0.001195
-0.001431
-0.002673
-0.000314
-0.001494
-0.004245
-0.002170
0.000016
0.000377
-0.001164
0.003160
-0.006478
-0.001494
-0.002673
0.004670
-0.006478
-0.000818
-0.000425
0.005818
-0.000503
0.004167
0.005676
0.007201
0.023255
