0.006010
-0.002049
-0.005509
-0.001051
0.002848
0.000448
0.014074
0.002448
0.002235
-0.010677
-0.002418
-0.002839
-0.004689
-0.002063
-0.002076
0.001397
0.003628
0.004041
0.007044
0.011648
0.003012
0.002022
-0.005212
-0.009479
-0.003039
-0.004684
-0.002063
-0.002684
-0.002089
0.001787
0.004045
0.003828
0.011856
0.004010
0.005030
0.002022
-0.003034
-0.002835
-0.002036
-0.002036
-0.004032
-0.009519
-0.002036
-0.002036
-0.003451
-0.001446
-0.000404
0.006014
-0.002036
-0.001832
0.002989
0.001597
-0.005469
0.000581
-0.001220
-0.002852
-0.009501
-0.003234
-0.002852
-0.001420
-0.005270
-0.001624
0.003012
0.002821
0.008649
0.010268
0.002195
0.000803
0.001126
-0.002089
-0.002670
-0.004853
0.000568
-0.005048
-0.006450
-0.013511
-0.002382
0.003606
0.005203
0.011262
0.004236
0.004835
0.004440
0.003420
-0.002684
-0.002267
-0.004653
-0.003052
-0.011302
-0.002981
0.004444
0.002630
0.011665
0.002652
0.004852
0.001841
-0.000661
-0.005487
-0.002085
0.005828
