0.006529
0.001050
0.002389
-0.003488
0.000411
0.002785
-0.001722
-0.003580
0.000441
0.000652
0.011616
0.004702
-0.003920
-0.015945
0.001353
-0.003033
-0.000657
-0.001142
-0.000169
0.009059
0.007078
-0.000202
0.003424
-0.005807
-0.014880
0.000529
-0.004221
0.003608
-0.004129
-0.003305
0.005310
0.013230
0.003696
0.000378
0.003483
-0.003521
-0.001054
0.000165
-0.006139
-0.007573
-0.000474
-0.000474
-0.000415
-0.000474
-0.001390
-0.000474
0.004612
0.005526
-0.000261
-0.000415
0.005313
0.004063
-0.000415
-0.000474
-0.000474
-0.000415
-0.000474
-0.000415
-0.000718
-0.011012
-0.003582
-0.000413
0.000378
-0.001024
0.000378
-0.001267
0.001017
0.013720
0.002266
-0.001324
0.000046
-0.000382
0.000138
-0.004098
-0.012260
-0.007054
0.003239
0.000714
0.008721
0.009912
-0.003578
0.000683
-0.001324
-0.003914
0.001199
-0.016615
-0.003707
0.000378
0.001017
0.013841
0.004702
-0.000351
-0.003002
0.002056
-0.003580
-0.003701
0.002207
-0.003308
-0.000597
0.010336
