0.003459
0.000502
-0.000447
0.000158
-0.001336
0.000340
0.000052
0.000259
0.003134
0.006154
-0.000041
-0.000044
-0.002813
-0.009420
-0.001030
-0.000086
0.000416
-0.000344
0.007362
0.004344
-0.000406
-0.005187
-0.011004
-0.004228
0.000158
0.001565
0.000138
-0.001736
-0.000041
0.001424
0.002831
0.004767
0.000379
0.000059
-0.000044
-0.001933
0.001850
-0.000044
-0.000041
0.000359
-0.000565
-0.005155
-0.000041
-0.000041
-0.001815
0.001730
-0.001050
-0.001406
0.003741
0.005409
-0.002014
0.005047
-0.000041
-0.000044
0.001892
-0.004872
0.003442
-0.003059
-0.002757
-0.000523
-0.001935
0.001850
-0.000044
0.000320
-0.000324
-0.000428
0.000382
0.005552
0.004282
-0.000125
0.000057
-0.002762
0.001503
0.000600
-0.000408
-0.009978
-0.003298
-0.000041
-0.000523
0.000438
0.000483
0.009049
-0.001894
0.001685
0.000177
-0.001252
-0.000371
0.000259
-0.008173
-0.003295
0.000359
0.004324
0.004871
-0.000453
-0.000526
0.000676
-0.001168
-0.001591
-0.000383
0.004747
