0.009303
0.000776
-0.000322
-0.001792
-0.005900
-0.002654
-0.001755
0.002962
0.001081
0.014950
0.002834
-0.012629
-0.002989
-0.006167
-0.002417
-0.000276
-0.002631
-0.001442
-0.001442
-0.000284
0.006674
0.014348
0.002536
-0.012332
-0.003858
-0.002394
-0.001503
-0.001488
-0.004482
-0.001175
-0.002943
0.003252
0.011124
0.002864
-0.000352
0.003481
-0.006502
0.000555
-0.002402
-0.002669
-0.002699
-0.007036
-0.003057
0.001965
0.001965
0.001965
0.002574
0.003443
0.011749
0.006987
0.001683
0.001088
0.001965
0.001965
0.001965
-0.006791
-0.012949
0.004647
-0.001213
-0.001510
-0.001510
0.003481
-0.006502
-0.001510
-0.001510
-0.001510
-0.001510
0.000547
0.012603
0.003511
-0.001732
-0.002082
-0.000276
-0.005870
0.001484
-0.007386
-0.013208
0.002254
0.016710
0.004639
-0.002921
-0.001175
-0.000589
-0.001191
-0.005892
0.001721
-0.000299
-0.006472
-0.010297
-0.002516
0.020863
0.002635
-0.001420
-0.001732
-0.005580
-0.001465
-0.002394
0.002353
0.001088
0.014013
