-0.003743
0.004366
0.000959
-0.005342
0.002747
-0.005499
0.000206
-0.000317
0.004337
0.014343
0.008227
0.005360
-0.002814
-0.015179
-0.005697
-0.001042
-0.000688
-0.003840
0.000448
0.002606
0.002139
0.015350
0.007687
0.005686
-0.000458
-0.011161
-0.008124
0.002662
-0.000688
-0.005258
-0.001356
-0.004847
0.002095
-0.003426
0.012455
0.011178
0.001982
0.000037
-0.000502
-0.000901
0.000307
-0.002149
-0.012964
-0.003256
0.000690
-0.000772
-0.000772
-0.000901
-0.001964
0.001853
0.011235
-0.000233
-0.000901
-0.000772
-0.000772
0.005799
0.005827
-0.000772
-0.000772
-0.000772
-0.000901
-0.000772
-0.000772
-0.003752
-0.016314
0.002477
-0.000772
-0.000772
-0.000772
0.003939
0.006665
0.005018
-0.000603
0.000601
-0.004875
0.003399
-0.005640
-0.003583
-0.015903
-0.000885
-0.000502
0.010965
0.006891
-0.004790
0.003839
-0.000434
-0.001782
-0.005427
-0.019338
-0.001594
0.005147
0.013675
-0.000333
0.002477
-0.003683
-0.000590
-0.000518
-0.004790
0.001740
0.011335
