0.010703
-0.003895
-0.002347
-0.001787
-0.000503
0.007147
0.007343
0.009900
0.004284
-0.000582
-0.012845
-0.003124
-0.004149
0.000992
-0.004122
-0.002368
-0.001787
-0.000757
0.001711
0.016879
0.003988
0.004289
-0.003895
-0.003409
-0.012845
-0.003113
-0.004122
-0.002823
-0.001518
-0.001518
0.000691
0.017148
0.002213
-0.001338
-0.000551
-0.008513
-0.011313
0.002767
-0.002379
-0.000577
-0.001591
-0.001591
-0.001845
-0.002373
-0.001591
-0.000556
-0.000350
0.007918
-0.000323
-0.001845
-0.001333
0.003544
0.004072
-0.002146
-0.000556
-0.001591
-0.002606
-0.000577
-0.001591
-0.001591
-0.001591
-0.002400
-0.001068
-0.011318
-0.002601
-0.001333
0.002508
-0.002653
0.005763
0.015062
0.000236
-0.001803
-0.004122
0.002313
-0.002854
-0.011318
-0.007250
-0.005189
0.005055
0.004495
0.015595
0.003792
-0.005142
0.001489
-0.003906
0.000992
-0.004899
-0.008243
-0.006008
0.005002
0.008098
0.015838
0.005489
0.004516
0.003560
-0.005359
-0.005396
0.002027
-0.000556
0.007829
