0.005960
-0.000204
-0.000272
0.000169
0.000135
-0.000780
0.010668
0.002302
-0.011279
-0.003591
0.003826
-0.001660
-0.003150
-0.001186
0.011074
0.001151
-0.008806
-0.000610
-0.003658
0.002607
-0.000306
-0.000475
-0.000339
-0.004674
0.001693
0.014291
-0.000678
-0.011820
-0.001017
-0.001897
-0.000305
-0.000678
-0.003862
0.006603
0.009211
0.000914
-0.000407
0.000609
0.002776
-0.003658
-0.001559
-0.004641
0.002844
-0.012057
-0.000339
-0.000407
-0.004573
0.004571
0.009042
0.000474
-0.000475
-0.000170
0.005723
0.004571
-0.000407
-0.000475
-0.000238
-0.002270
-0.010601
-0.000712
-0.000170
0.004741
-0.004674
-0.002439
0.000474
-0.000238
0.010126
0.001896
0.000169
0.002641
0.000981
-0.001457
-0.005352
-0.015410
-0.001152
0.010126
0.004334
-0.003049
0.002641
-0.003150
-0.000847
0.003081
-0.003794
-0.013141
0.004605
0.013919
-0.002439
-0.001186
-0.003150
0.003386
-0.000305
-0.007418
-0.010466
0.010566
0.005249
0.003081
-0.003218
-0.001796
0.001117
0.004741
