-0.004506
0.001517
0.002184
-0.002645
-0.000401
-0.001084
0.000953
-0.000075
0.002613
-0.003791
0.000063
0.004838
0.010265
0.000761
-0.008090
-0.010315
-0.000420
-0.003328
-0.001103
0.003744
-0.003465
0.004957
0.010453
0.005966
-0.010249
-0.009341
-0.001068
0.002287
-0.000075
-0.003688
0.002030
0.014667
0.000761
0.003741
-0.004443
-0.000351
0.003691
-0.000351
-0.004221
-0.001858
-0.014442
0.001720
-0.001429
0.000677
-0.004443
0.004409
0.009820
0.003691
-0.004443
-0.000351
0.000539
0.009598
-0.000401
0.000539
-0.001241
-0.000128
-0.006035
-0.006257
-0.000351
-0.000351
-0.000351
-0.000573
-0.000128
-0.001291
-0.000385
0.002165
0.007884
0.011343
-0.000812
0.003641
-0.000401
-0.003465
-0.000075
-0.001325
-0.010058
-0.009256
-0.001379
0.002096
0.014924
-0.002319
-0.001651
0.002629
-0.002645
-0.000417
-0.000624
-0.006157
-0.012559
-0.000454
0.010453
0.005217
-0.003585
0.003641
-0.001103
0.000627
-0.003995
0.000266
0.002184
0.000746
-0.001206
0.006652
