0.011792
-0.004842
0.004476
-0.001545
-0.003637
-0.001395
0.008594
0.010995
-0.007498
-0.014423
-0.000326
-0.001409
-0.004804
0.005508
0.005447
0.008120
-0.005406
-0.013429
-0.000649
0.003529
-0.000935
-0.000476
-0.004932
0.000036
0.000668
0.006118
0.011853
-0.000017
-0.000491
-0.000589
-0.001733
0.000368
-0.000303
-0.000491
-0.000589
-0.000491
-0.008988
-0.007445
-0.000589
-0.000491
-0.000589
-0.000589
-0.001635
0.000269
-0.000528
-0.000265
-0.001785
0.006479
0.007510
0.004612
-0.005790
-0.000205
0.012402
-0.005368
0.004575
-0.000491
-0.000589
-0.001635
-0.004608
0.004673
-0.000589
-0.000589
-0.000491
-0.013031
-0.002432
-0.000589
0.004710
-0.004495
-0.001785
-0.000589
-0.005790
0.005282
0.012116
0.007661
-0.001432
-0.003637
0.003046
0.000668
-0.004781
0.003069
-0.002094
-0.017434
-0.005345
0.006042
0.012500
0.000781
-0.004322
0.002723
-0.003637
-0.001906
-0.013392
-0.000580
0.018039
0.001376
-0.000250
-0.000228
-0.000649
-0.004533
0.003046
0.007510
