-0.012943
0.003138
-0.007542
-0.000832
0.000009
-0.000007
0.013606
-0.011022
0.002946
-0.007542
0.002611
-0.000710
0.003838
0.011885
-0.014799
-0.001602
-0.001658
-0.000660
0.010988
0.010163
-0.011639
-0.008018
0.001452
0.002485
0.000449
0.007950
0.012132
0.001731
0.000394
0.002642
-0.000255
-0.002063
-0.004240
0.003260
0.001204
-0.000781
0.000449
-0.008722
-0.007983
0.000536
0.005666
0.005807
-0.000604
-0.000518
-0.000518
-0.000518
-0.000518
-0.000604
-0.000518
-0.000518
-0.000518
-0.000518
0.011834
0.000941
-0.001713
-0.007826
-0.007071
-0.000604
-0.000518
-0.000219
0.000536
0.002698
-0.006210
0.000292
-0.000447
-0.000255
-0.000518
-0.000518
-0.000341
0.002521
0.014872
0.005894
0.000292
-0.004063
-0.001359
0.000009
-0.016871
-0.005247
0.009707
0.011657
0.003433
-0.003962
0.002293
-0.003293
-0.001658
-0.000640
-0.015888
0.011059
0.003275
-0.001658
-0.000412
0.003295
-0.005664
-0.009213
0.015242
-0.005172
-0.000412
-0.000498
-0.000305
0.005736
