0.001310
-0.001215
-0.001215
-0.000810
0.002573
0.021968
0.001715
-0.001215
-0.003245
-0.016955
0.005144
-0.008386
0.004153
0.008527
-0.019390
0.018585
-0.012490
-0.013753
0.000543
0.021968
0.001715
-0.001215
0.010556
0.001446
-0.013753
0.007850
0.002754
0.002573
0.009970
0.017908
-0.001982
-0.005320
-0.014339
-0.001891
-0.000810
-0.003921
-0.001846
-0.011859
0.008889
0.002754
-0.000583
-0.000810
0.001310
0.010151
-0.002704
-0.010234
-0.003921
-0.001215
-0.000810
-0.001891
-0.014339
-0.004012
0.013939
-0.002432
0.001942
0.009699
-0.012355
-0.003290
0.013849
0.013803
0.002573
-0.000583
0.009699
0.005956
-0.003245
0.004917
-0.022591
-0.007304
-0.013753
-0.015016
-0.005274
-0.003290
0.008345
0.005956
0.007400
0.001715
0.013353
0.008708
-0.007664
0.009653
-0.000583
-0.001215
-0.000810
-0.001215
-0.001215
-0.001215
-0.000810
-0.001215
-0.001891
-0.011228
0.009203
-0.016774
-0.010911
-0.003516
0.009925
0.005956
-0.000765
0.009880
-0.003921
-0.000629
