0.001333
-0.000983
-0.000983
-0.000983
-0.000983
-0.000404
0.002693
-0.003979
0.011101
0.010144
0.001333
-0.011279
0.004530
-0.018328
0.008055
0.009515
-0.008006
-0.004079
-0.003928
0.002114
-0.012865
0.001283
0.017294
0.005588
0.005588
0.008835
0.003650
-0.021274
-0.002871
-0.000983
0.009263
0.010622
-0.006395
0.009062
0.009313
0.005160
0.007375
-0.021802
-0.004759
-0.000983
-0.011279
0.009313
-0.011858
-0.005665
0.011302
0.014348
0.002693
-0.012286
-0.003500
-0.000655
-0.000983
-0.000983
-0.000983
-0.000983
-0.000983
-0.001612
-0.013645
0.002693
0.007048
0.003070
0.007627
-0.020166
0.006846
0.013668
0.009364
0.001333
-0.000655
-0.000983
0.009313
0.005688
-0.007755
-0.007704
-0.013746
-0.021903
-0.006647
-0.004759
0.009313
0.011730
0.000754
0.001333
0.007048
0.005638
0.009263
-0.000655
-0.000983
-0.000983
-0.001612
-0.002670
0.001333
-0.011229
-0.000404
0.009263
-0.001562
-0.014124
0.008155
-0.002971
-0.017850
-0.001612
0.014348
0.005915
