0.002632
-0.001360
-0.000907
-0.001360
-0.001360
-0.000907
0.010289
-0.011849
-0.000737
0.011662
0.014366
0.002759
-0.003738
-0.015756
0.008421
0.001216
-0.001360
-0.001784
-0.025198
-0.001615
0.011535
0.008209
-0.015629
-0.000865
0.006170
0.010120
-0.000030
0.000805
-0.003072
0.008124
0.008124
0.007713
-0.001530
0.001924
0.017989
-0.007149
-0.013718
-0.001360
-0.000907
-0.001360
-0.001360
-0.001615
-0.015756
0.009582
0.002801
-0.000695
-0.000907
-0.001360
0.001754
0.011209
-0.012260
-0.005153
-0.002068
-0.000907
-0.001360
-0.004191
-0.002861
-0.008183
0.007289
0.002136
0.003467
-0.002861
-0.006314
0.014620
0.011493
0.000678
0.001754
0.010332
0.004259
0.000509
-0.006853
-0.013264
-0.005607
-0.024490
-0.005196
-0.000865
0.012993
0.011662
0.004132
0.016405
0.002632
0.001471
-0.000242
-0.001360
-0.000907
-0.001360
-0.002068
-0.011849
0.010289
-0.000907
-0.001360
-0.001360
-0.000907
-0.003483
-0.014510
-0.015841
-0.003483
-0.000907
0.013163
0.011535
