0.002479
-0.001142
-0.001142
-0.001142
-0.001142
-0.001142
-0.001142
-0.000158
0.010726
0.014011
-0.000538
-0.001142
-0.005030
-0.022844
-0.004002
0.000624
0.017766
0.004424
-0.002952
-0.002438
-0.008607
-0.013702
-0.003734
0.000065
0.002479
0.021051
0.010682
-0.001275
0.007486
0.003686
-0.022196
-0.003086
0.002479
0.021051
0.001272
0.001653
-0.002908
-0.001790
0.001272
-0.002908
0.008871
-0.011802
-0.000761
-0.001142
-0.001790
-0.014261
0.012804
0.003261
0.007798
-0.011333
-0.003734
-0.001142
-0.003734
0.000847
-0.003131
0.000847
-0.005075
-0.018060
0.013877
0.005675
0.003261
0.002702
-0.018619
0.010726
0.012581
0.010726
0.002658
-0.001142
0.000065
0.007753
0.002390
-0.018060
-0.016116
-0.014261
-0.005030
-0.003086
0.000669
0.006279
0.010548
0.012067
0.009005
0.008223
-0.007310
0.009475
-0.001790
-0.010729
0.009475
-0.011758
0.009475
-0.001142
-0.011758
0.006882
-0.002527
0.002010
0.005720
-0.019134
-0.011847
-0.005500
0.011463
0.010592
