0.001069
-0.000887
0.000802
0.011525
0.011632
-0.000887
-0.001504
-0.002523
-0.009251
-0.003649
-0.009761
0.020103
-0.004184
-0.020110
0.009676
-0.004882
0.010399
-0.016168
0.018870
0.001928
0.011525
-0.001343
-0.013139
-0.000887
0.009112
0.005574
-0.000887
0.001365
0.018870
0.012088
-0.002334
-0.021289
-0.004586
-0.001800
-0.013246
0.003268
0.016404
-0.011101
-0.013756
0.003375
0.009166
-0.000887
-0.000324
0.011739
-0.013246
-0.001504
-0.000887
-0.000887
-0.000887
-0.010941
0.009166
-0.010941
0.008549
-0.002523
0.001365
-0.000887
0.001365
-0.002523
-0.000941
0.012195
0.011418
0.000802
-0.000324
0.004957
0.010802
-0.009251
-0.010727
-0.021799
-0.012737
-0.006436
-0.002951
0.006351
0.002705
0.001928
0.019433
0.008496
-0.000727
0.000239
-0.000887
-0.007804
0.009112
-0.010887
0.006646
0.000399
-0.001960
0.001365
-0.000887
-0.000887
-0.000887
-0.000887
-0.013139
-0.003649
-0.009251
0.006967
0.005574
-0.000887
0.006646
0.000399
-0.002576
-0.000271
