0.001193
-0.000760
-0.000760
0.001447
-0.002355
-0.001371
0.002550
0.019978
0.001447
-0.000760
-0.011225
0.005293
-0.018083
0.008424
-0.000893
-0.010927
-0.003205
-0.000760
0.002550
0.019978
-0.000998
-0.009883
0.011599
0.002789
0.006277
0.011540
-0.012507
-0.014042
0.008290
0.010988
0.003340
-0.000208
0.011599
0.010257
-0.011777
-0.013059
-0.004427
-0.014654
0.014596
0.010257
-0.009451
-0.013551
0.006874
0.003340
-0.007916
0.009393
-0.003205
0.009154
-0.000760
-0.006514
-0.004188
-0.001371
-0.000760
-0.003205
-0.002235
0.002177
-0.001803
-0.001251
-0.008169
0.009154
0.003892
0.008230
0.001626
-0.000760
0.009095
-0.000208
0.011540
0.002922
-0.003876
-0.005038
-0.020840
-0.022316
-0.006872
-0.006261
-0.006261
0.007932
0.011480
0.001447
0.011719
0.001805
0.009706
-0.001371
-0.002355
0.001447
-0.000760
-0.001013
-0.010614
0.009095
-0.010614
0.009095
-0.000760
-0.000760
-0.000760
-0.003205
-0.020169
-0.000268
-0.002235
-0.002653
0.003340
0.018144
