0.001172
-0.000792
-0.000792
-0.000235
0.010315
0.013450
-0.000850
-0.002403
-0.008557
0.007033
-0.008557
-0.003224
-0.001788
-0.012953
0.010315
0.009758
-0.009495
-0.001231
-0.012396
0.007238
0.014740
0.001436
0.010608
0.013450
-0.005773
-0.019869
0.005392
0.014740
0.001436
-0.000792
0.011663
0.007853
-0.019927
-0.004132
-0.012572
0.006417
-0.006037
-0.000792
0.005187
0.002784
-0.000235
-0.000792
0.009201
-0.006594
-0.005129
-0.000792
-0.000792
-0.000792
-0.000792
-0.000792
-0.010784
0.007033
0.001436
-0.000792
-0.001407
-0.001612
-0.000176
0.014007
-0.001290
0.001611
0.006974
0.001436
0.009201
0.002549
0.002373
-0.004425
-0.006652
-0.021041
-0.014682
-0.012572
-0.006330
-0.003370
-0.006389
0.015179
0.010315
0.009758
0.006183
0.006652
0.000146
-0.017085
0.015179
-0.000792
-0.000176
0.001436
-0.010726
0.009143
-0.000792
-0.000792
-0.001055
-0.000792
-0.001407
-0.013568
-0.010960
-0.003634
0.000820
0.010051
0.011546
-0.000235
-0.001407
-0.002403
