0.001305
0.000662
0.012716
0.012583
-0.000623
-0.001953
-0.014605
-0.004101
0.014820
-0.005431
-0.019236
-0.007271
0.009326
0.006024
0.005715
-0.014428
0.006024
0.009836
0.000019
0.012716
-0.012324
-0.004278
0.000618
0.010744
0.003233
0.018166
0.006755
-0.005809
-0.012123
-0.001953
-0.001266
-0.001266
-0.000844
-0.001953
-0.003837
-0.009552
-0.007138
0.006024
0.010057
-0.000844
-0.001266
0.012804
-0.000025
-0.015203
-0.001953
-0.001953
-0.012123
-0.000491
0.010057
0.009836
-0.008512
-0.003969
-0.012078
0.001638
0.030440
0.006490
-0.000157
0.000618
0.011342
0.004606
0.004984
-0.008002
-0.022405
-0.015802
-0.012809
-0.006074
-0.005387
-0.002218
-0.000069
0.018122
0.007908
0.009836
0.000795
-0.001909
0.007908
0.007908
-0.000623
-0.001266
-0.000844
-0.001266
-0.001266
-0.001266
-0.000844
-0.001266
-0.004013
-0.000667
-0.001442
0.000839
-0.011902
0.005671
-0.023691
-0.001442
0.003831
0.018809
0.001305
-0.001266
-0.003591
0.000839
-0.003371
-0.000667
