0.001159
-0.000777
-0.000777
-0.000777
-0.000777
-0.000777
0.001967
0.019216
-0.000171
-0.001009
-0.009300
-0.004619
-0.000055
0.004019
0.006013
-0.009590
-0.014471
0.009017
0.001592
-0.015569
0.010721
0.013813
0.001967
0.000869
0.011386
0.006041
-0.020134
-0.002598
0.003586
0.018003
0.003065
0.009913
0.002748
-0.013922
-0.007827
0.002141
-0.000228
0.009075
-0.000777
-0.006729
-0.026836
-0.007452
0.006330
0.007544
0.002748
-0.000228
-0.000777
0.009075
-0.010629
0.001418
-0.002366
0.000811
-0.001817
0.000494
-0.003204
-0.000777
-0.000777
-0.011437
0.005839
-0.006498
0.009075
-0.000228
0.002748
0.012715
0.007138
-0.000228
0.009075
-0.006498
0.008642
-0.001009
-0.012276
-0.022213
-0.012998
-0.006181
-0.003869
-0.000402
0.019823
0.002516
-0.000777
0.009075
0.004019
0.007428
-0.000171
-0.008376
0.009017
-0.001036
-0.000777
-0.000777
-0.001384
-0.002366
-0.003436
-0.005485
0.008352
-0.000835
-0.010455
0.006879
-0.001991
-0.011495
-0.004851
0.016731
