0.011354
0.013062
0.000170
-0.000936
-0.005145
-0.012889
0.005389
0.005534
-0.017050
0.003080
-0.000647
0.001421
-0.002595
0.010657
-0.016953
0.017728
0.004788
0.015972
-0.000431
-0.020368
-0.004856
-0.003341
0.004235
0.019580
0.002383
0.008901
0.005389
0.006447
-0.011734
-0.012528
-0.002451
-0.013130
-0.002643
0.018979
-0.006901
-0.013033
0.008036
0.003129
0.008949
-0.000936
-0.010435
-0.001537
-0.001537
-0.003148
-0.000335
0.001276
-0.000936
-0.000936
-0.003341
-0.008319
0.008589
-0.000936
-0.000936
-0.000936
-0.000936
-0.000383
0.013062
0.010007
-0.000383
-0.000936
0.005029
0.015924
-0.003943
-0.008416
0.001637
-0.020921
-0.014139
-0.013130
-0.005145
-0.002836
0.000772
0.014818
0.017126
0.002527
0.000363
0.007241
0.002576
-0.000383
-0.000936
-0.003341
0.001157
-0.000936
-0.003341
0.000916
-0.000984
-0.002547
-0.008512
0.005245
-0.018709
0.006737
-0.009281
0.012509
0.007000
-0.002788
0.000916
-0.000383
-0.000936
-0.000936
-0.001537
-0.001994
