0.008142
0.009592
-0.011629
0.010292
-0.013388
-0.012183
0.019950
-0.010782
-0.012834
-0.005929
0.009543
0.010748
0.002687
-0.012231
-0.000278
0.011188
0.001791
0.012996
0.006286
-0.019495
-0.004772
0.012996
0.002687
0.007735
0.001791
-0.001222
-0.000571
0.010048
-0.012736
-0.001222
-0.000815
-0.004023
0.000927
-0.000163
-0.012736
0.010292
-0.000163
0.010390
-0.012280
-0.001922
-0.001222
-0.000815
-0.001222
-0.001922
-0.011629
0.007035
-0.000522
0.001791
-0.001222
-0.000815
-0.001222
0.013093
0.010748
0.000130
0.000683
-0.005065
0.026106
0.001335
-0.002964
-0.004675
-0.024007
-0.004316
-0.023958
-0.005717
-0.005424
-0.006124
-0.002769
0.001237
0.022751
0.002443
0.002035
0.016595
0.004446
-0.010489
0.001286
0.007686
-0.000522
0.001091
-0.003128
0.000683
-0.011580
0.010243
-0.001222
-0.000815
-0.001222
-0.001222
-0.002916
-0.022003
-0.005521
-0.001417
0.020650
-0.000115
0.002182
-0.002476
0.001791
-0.001922
-0.003128
0.001791
-0.003372
0.012149
