-0.031616
-0.000855
-0.000489
-0.000045
-0.000452
0.000025
-0.000489
-0.000265
0.004102
0.000067
-0.000153
-0.002470
-0.000597
0.003957
-0.005475
0.009317
0.003658
0.003334
-0.003383
-0.001847
0.002961
-0.015983
0.002226
0.000727
0.005207
0.003774
-0.002357
0.009387
-0.009307
0.005128
0.005460
0.002413
0.004289
0.002300
-0.009299
-0.005591
-0.000672
-0.002432
0.002637
-0.001033
-0.002287
0.000765
0.003081
-0.000049
-0.003167
0.003405
-0.003752
0.003845
-0.004529
0.002338
-0.014330
0.003405
0.004982
0.004214
-0.004271
0.000208
0.005497
0.006494
0.003845
-0.000012
0.003957
-0.006326
-0.000892
-0.004309
-0.000925
-0.002619
0.002529
-0.004230
-0.000232
-0.000232
-0.001262
-0.000116
0.000648
0.001126
0.008951
-0.000045
-0.000452
0.004874
0.000104
0.005020
-0.000232
-0.006106
0.003143
0.003737
0.003517
-0.004595
-0.000265
-0.003022
0.002923
0.010093
-0.007206
0.003666
0.004144
-0.003130
0.002670
-0.003134
0.003774
-0.001735
-0.002582
0.002927
