-0.098356
-0.015769
0.002644
-0.002129
0.000757
0.003567
0.001309
-0.001144
0.002793
0.000757
0.002454
0.001220
0.001517
0.000370
-0.002053
-0.001251
-0.000670
0.003093
0.001531
0.000830
0.001828
0.003615
0.004980
0.007482
0.001382
0.001203
-0.002174
0.000176
0.001309
-0.007036
0.000802
0.003867
0.003940
0.005056
-0.000522
0.007675
0.002838
-0.012166
-0.000912
0.004745
0.000491
-0.003363
0.001500
0.008730
0.000384
0.003539
0.004863
0.000681
0.004462
-0.001520
-0.002844
-0.007261
0.000875
0.001351
-0.000432
0.000502
0.001531
0.000757
0.001276
0.000162
0.003688
0.001932
-0.006086
0.003197
0.001071
-0.005937
0.004980
0.001099
0.004506
0.002140
-0.002129
0.000712
0.001797
0.002378
0.002137
0.009829
0.009027
0.002137
0.001203
-0.003553
-0.001178
-0.002056
-0.005640
0.008208
0.003688
0.000757
0.004832
-0.005519
0.002883
0.002827
-0.000180
0.000936
-0.001189
0.004002
0.001842
0.003688
0.002095
-0.003363
0.002602
0.001396
