-0.233004
-0.031798
0.002660
0.001886
-0.001104
0.000390
0.002897
0.004933
0.004341
0.003179
0.002281
0.003448
0.003946
0.002832
0.004396
0.001882
0.001611
0.004493
0.004585
0.007113
0.002473
0.002085
0.002258
0.002333
0.004082
0.002421
0.000110
0.000088
0.007309
-0.000483
0.001169
0.003770
0.000446
0.005346
0.001749
0.006964
0.002604
0.007968
0.002742
0.007975
0.006009
0.003682
0.003003
0.005398
0.001814
-0.004281
0.005258
0.000056
-0.005753
-0.000181
0.007643
0.002633
0.009800
0.001114
0.002207
0.006445
0.002960
0.003186
-0.005351
0.001600
0.002195
0.003306
0.002301
0.002130
0.002561
0.004687
0.002202
0.006045
0.001685
0.003996
0.001913
0.002667
0.000487
0.001965
-0.000677
0.004136
0.001967
-0.004660
0.000875
0.002818
0.011518
-0.002214
0.008451
-0.006075
0.009153
-0.000799
0.001415
0.001751
0.003628
0.006316
0.005637
0.000444
0.001805
0.002917
-0.003388
-0.000149
0.003186
0.000532
0.003520
0.008139
