0.003644
-0.003739
-0.000683
-0.000088
0.000074
0.002157
-0.003658
0.002752
-0.002766
0.002996
-0.000009
-0.011313
0.003400
0.000533
-0.000304
-0.001251
0.000264
0.000264
0.004429
0.002969
0.006674
-0.002793
-0.001008
0.000426
-0.003279
-0.000981
0.008378
0.001536
-0.000601
-0.001737
-0.001008
-0.002440
-0.008040
-0.000277
-0.003198
-0.004470
0.003293
0.004186
0.012625
-0.008903
0.008921
-0.003414
0.002023
0.003915
0.002942
-0.001359
-0.007554
-0.002332
0.000507
-0.000493
-0.000548
0.000372
-0.000601
-0.000386
-0.000006
0.001589
-0.004631
-0.013233
0.001400
0.001022
0.005295
0.008272
-0.014260
-0.001707
0.011273
-0.010716
0.010056
-0.000275
-0.000142
0.001643
0.006214
0.002969
-0.013611
-0.000925
-0.003956
0.004291
-0.004740
-0.003955
-0.000683
-0.000493
0.000643
0.002726
0.010569
0.009028
0.002428
-0.000034
-0.002982
0.002373
-0.009013
0.003509
0.002481
-0.002549
0.003240
0.000345
-0.000277
-0.000710
-0.000493
-0.000277
-0.000304
-0.001440
