0.006311
-0.000067
-0.000210
-0.000603
0.001927
-0.008298
0.003153
0.002592
-0.001991
0.001340
0.002250
-0.002824
-0.002159
0.001230
0.002592
-0.003044
0.002728
-0.001036
0.000455
0.000184
0.000565
0.002540
-0.003250
-0.000720
0.000352
0.002753
-0.000313
-0.003721
-0.008905
0.002760
-0.000984
0.001791
-0.005097
0.001314
0.008298
-0.000952
0.003605
0.001688
0.001204
-0.003114
0.000223
-0.006342
0.000649
0.006491
0.004115
-0.000875
-0.007201
-0.001752
-0.004741
-0.003669
0.001101
-0.001958
-0.004664
0.003947
0.004548
0.010151
-0.006677
0.008150
-0.007400
0.008738
0.001024
-0.000132
0.001520
-0.005012
-0.003709
-0.002288
0.001901
0.001358
-0.002927
0.001707
0.001630
-0.000177
-0.002714
-0.007840
-0.008582
0.004413
0.003147
0.007273
0.000534
-0.012874
0.008183
0.001819
-0.009640
0.012469
-0.003508
-0.000765
0.003451
0.003767
0.002037
-0.013920
-0.000383
-0.003728
0.001784
-0.002501
-0.004774
0.000668
-0.002482
0.003128
0.007563
0.011404
