0.000309
-0.000156
0.000336
0.002070
-0.001969
-0.001724
-0.000975
-0.000361
0.000214
-0.000743
0.000022
-0.001110
0.000349
-0.000893
0.000131
-0.000361
-0.000361
0.004158
0.003720
-0.000361
-0.000401
-0.000565
0.002574
0.005454
-0.003418
0.002656
-0.000361
-0.000538
-0.003485
0.002697
-0.000361
-0.000196
-0.000361
-0.000183
-0.000783
-0.004986
0.000856
-0.000099
0.002834
-0.003772
0.004472
0.002861
-0.002693
0.002097
0.000965
-0.000276
-0.004387
-0.000361
-0.001110
0.000349
-0.000565
-0.000196
-0.001015
0.000349
-0.000401
-0.000361
-0.000361
0.000419
-0.003732
0.005249
-0.002461
-0.001357
0.000419
-0.000183
-0.001152
-0.000605
-0.000361
0.000554
0.007257
-0.000361
-0.000361
-0.000401
0.000349
0.007419
-0.000401
-0.000975
0.000963
-0.001110
-0.000183
-0.000538
-0.000401
-0.000361
-0.000401
-0.001180
0.000459
-0.000401
0.002669
-0.003390
-0.000605
-0.000156
-0.000538
-0.000933
-0.000361
-0.002886
0.002015
0.000254
-0.003253
0.001592
-0.001969
0.002164
