0.000306
-0.000194
0.000459
0.001902
0.000514
-0.002970
-0.000291
-0.000971
-0.000263
-0.001416
-0.003456
0.002694
0.002916
-0.003276
-0.000583
-0.000374
-0.000416
0.000639
0.001902
0.004207
0.000250
-0.000166
-0.000416
-0.000374
0.007442
0.000556
-0.000374
-0.000416
-0.000374
-0.001096
0.000347
-0.000374
-0.000374
-0.001763
0.000167
-0.002859
-0.000347
0.001791
0.000917
-0.000916
-0.000374
-0.000374
0.000347
0.002944
-0.003345
0.002610
0.000889
-0.003137
0.001625
-0.002707
-0.001346
-0.000194
-0.000555
-0.000374
-0.003637
0.002902
-0.000374
-0.000583
0.001500
-0.002582
0.000792
-0.001041
-0.002971
0.003652
-0.002623
0.000583
-0.000416
-0.000374
0.002944
0.001764
0.003318
-0.000374
-0.000069
0.002763
0.001833
0.002999
-0.000374
-0.000416
0.000347
-0.000888
-0.001305
0.000167
-0.000194
-0.000416
-0.000374
0.000347
0.003055
-0.004178
0.002694
-0.004678
-0.002651
-0.000374
0.001986
0.000403
-0.004220
0.000042
-0.000208
0.003027
0.000139
-0.000888
