0.000438
0.002662
-0.000117
-0.002778
-0.001052
-0.000634
0.002841
-0.003706
0.000412
-0.001231
-0.000455
-0.000410
-0.000455
-0.000204
-0.000615
-0.000455
-0.000410
0.000366
-0.001231
-0.003660
0.002795
-0.000410
-0.000410
0.008045
-0.000946
-0.003018
0.001715
0.009547
0.000107
-0.000615
-0.000250
-0.001124
0.000305
-0.000455
-0.000410
-0.000455
-0.000410
-0.000410
-0.000455
-0.000410
-0.000410
-0.000455
-0.000410
-0.000455
-0.000410
-0.000410
-0.001170
-0.003892
0.002811
-0.002223
0.002438
0.003464
-0.000383
0.000659
-0.004375
-0.000410
-0.000455
-0.000231
-0.000634
-0.000410
-0.000410
-0.000455
-0.000410
-0.000204
-0.000660
-0.000231
-0.000634
-0.000410
0.002867
-0.003732
0.000305
-0.001170
-0.000410
0.005654
0.004126
-0.000410
-0.000660
0.006707
0.003806
0.000366
-0.000410
0.002841
-0.003706
-0.000410
-0.000455
-0.000410
-0.000410
-0.000455
-0.000410
-0.001170
-0.000516
0.000412
-0.001170
0.000305
-0.000455
-0.001410
0.000385
-0.001288
-0.002116
0.002126
