0.001029
0.000177
-0.001569
0.004433
-0.004920
-0.000349
-0.000349
-0.001016
0.000318
-0.000349
-0.000349
-0.000349
-0.001121
0.000230
-0.000823
-0.000349
0.000318
-0.000349
-0.000542
0.000046
0.003494
0.000801
0.003415
0.000283
0.005591
0.000590
-0.000349
-0.003420
0.002055
0.000318
-0.000349
0.002722
-0.003420
-0.003420
0.002722
-0.000349
-0.000349
-0.000516
-0.000955
0.000458
-0.003561
0.002266
-0.002701
0.002134
0.000590
0.000318
0.002081
-0.003341
0.004486
-0.004920
-0.000349
-0.000349
-0.000349
-0.000349
-0.000349
-0.000349
0.000423
-0.001121
-0.000349
-0.000314
-0.000349
-0.000349
-0.000156
-0.000376
0.000151
-0.000823
-0.000376
-0.000349
-0.000156
-0.000042
0.002108
0.003565
0.001090
0.005539
0.001616
0.000318
0.002029
-0.000349
-0.003227
0.002564
-0.003034
-0.000542
-0.000516
-0.000349
-0.001016
0.000984
-0.001016
-0.000349
-0.000349
-0.000349
-0.000542
-0.000156
-0.000349
-0.000349
-0.000349
-0.001516
0.001187
-0.003850
0.002582
0.000125
