0.000346
-0.000420
-0.000420
-0.000420
-0.000420
0.003248
-0.003200
0.000255
-0.000298
-0.000768
-0.001238
-0.000677
0.000398
-0.001033
-0.000624
-0.000420
-0.000472
-0.000420
-0.000420
-0.000420
-0.000420
-0.000420
-0.000472
-0.000185
-0.000655
-0.000420
0.000398
0.008264
-0.000859
0.000755
0.003096
-0.000420
0.001929
0.003308
-0.000420
-0.000420
-0.000420
-0.000420
-0.000472
-0.000420
-0.000420
-0.000420
-0.000420
-0.000420
-0.000472
-0.000420
-0.000420
-0.001942
0.000172
0.000429
-0.001055
-0.003352
0.003126
-0.001359
-0.003026
0.002460
0.000398
-0.000420
-0.000420
0.000520
-0.000541
-0.000085
-0.000511
0.002869
-0.002556
-0.001851
-0.000472
-0.000420
-0.000420
-0.000420
-0.000420
-0.000420
-0.000472
-0.000420
-0.000420
-0.000420
0.000603
0.013097
-0.004374
-0.000420
-0.000328
-0.004314
0.008869
0.007642
-0.003935
-0.001359
0.000520
-0.000420
-0.000472
-0.000420
-0.000420
-0.000655
0.002717
-0.003321
-0.001412
-0.003139
-0.000350
-0.001964
0.001664
0.002717
