0.000308
-0.000177
0.000415
0.001870
0.003649
-0.007765
0.000820
-0.000742
-0.000374
-0.000374
-0.000336
-0.000374
-0.000374
-0.000139
-0.000571
-0.000203
0.002818
0.004603
-0.000374
-0.000374
-0.000336
-0.000374
0.007518
-0.000480
0.000452
-0.000374
-0.000374
-0.000336
-0.000374
-0.000374
-0.000374
-0.000336
-0.000374
-0.001568
-0.003145
0.003069
-0.002527
0.001950
0.000335
-0.000033
0.000138
-0.000230
0.002253
0.000377
0.000154
-0.003284
-0.001951
0.000415
-0.000336
-0.000374
-0.000374
-0.000336
-0.000374
-0.000374
-0.000374
-0.000336
-0.000374
-0.000374
-0.000336
-0.000374
-0.000374
-0.000374
-0.000336
-0.000374
-0.000374
-0.000507
0.001097
0.002690
0.003708
-0.001163
0.000244
0.002935
0.003527
-0.002106
0.002845
-0.000336
-0.000321
-0.000177
-0.000571
-0.000336
-0.000374
-0.000374
-0.000336
-0.000374
-0.000374
-0.000374
-0.000336
-0.000374
-0.000374
-0.000336
-0.000374
-0.001163
0.000415
-0.000336
-0.001056
-0.003353
0.002450
0.000585
-0.000177
-0.000848
