0.005117
-0.004834
-0.000233
0.004073
-0.000135
-0.005190
-0.000442
0.003115
-0.007586
0.003146
-0.000442
-0.000233
-0.001486
0.000393
-0.003999
0.004073
-0.001400
-0.000442
-0.000442
-0.000442
-0.000442
-0.000442
-0.000202
-0.000055
0.008828
-0.000233
-0.000442
-0.000442
-0.000442
0.004878
0.005572
-0.001400
0.003385
-0.004214
-0.000233
-0.000651
0.000185
-0.003937
0.002427
-0.000442
-0.000442
-0.000442
-0.000442
-0.000442
-0.000442
-0.000202
-0.000682
-0.001400
-0.004564
0.000013
0.003569
-0.003010
0.002550
-0.000233
0.000185
0.000393
0.000308
0.003152
-0.000135
-0.008931
0.003146
-0.001277
0.000393
-0.004269
0.003625
-0.000682
-0.000387
-0.000442
-0.000442
-0.004269
0.002550
0.000185
-0.000233
-0.000233
0.009215
-0.000442
-0.000202
-0.001130
0.000393
0.009037
-0.003403
0.003354
-0.000442
-0.001247
0.000393
-0.004208
0.003354
-0.001400
0.000516
-0.000442
-0.000442
-0.000442
-0.000651
0.003803
-0.009134
-0.000135
0.000013
0.000547
0.002937
-0.000620
