0.000317
0.000591
0.002817
-0.003826
0.003267
-0.004064
-0.000354
0.000423
-0.001132
-0.000319
-0.000354
-0.000354
-0.000354
-0.000186
-0.000522
-0.000354
-0.000354
-0.000354
0.003824
0.003603
-0.000354
0.002711
0.004690
-0.000354
-0.000354
-0.000549
-0.000160
-0.000549
-0.000160
-0.000319
-0.003446
0.002737
-0.000354
-0.000522
-0.000186
-0.000549
0.000052
-0.004144
0.000714
0.001996
0.003541
-0.002527
0.003055
-0.004736
0.003568
-0.003587
-0.000354
0.000423
-0.001132
-0.000319
-0.000354
-0.000354
-0.000354
-0.000186
-0.000522
-0.000354
-0.000354
-0.000354
-0.000354
-0.002633
0.001960
-0.000354
-0.000354
-0.000354
0.000317
-0.001026
0.002737
-0.003446
0.005714
0.001174
0.000989
0.003170
0.003656
-0.000186
-0.000522
-0.000354
-0.000354
-0.000354
-0.000354
-0.000319
-0.000354
-0.000522
-0.000186
-0.000354
-0.000354
-0.003419
0.002711
-0.003419
0.002711
-0.000319
-0.000522
-0.000186
-0.000354
-0.000354
-0.000354
-0.004091
0.003656
-0.004064
0.002366
0.000344
